#		ky		phi		B		E		time
-2.52547e+08		-3.14159		0.436364		0.0239978		0.531136
-2.47445e+08		-3.14159		0.436364		0.0254718		1.05934
-2.42343e+08		-3.14159		0.436364		0.00745046		1.58921
-2.37241e+08		-3.14159		0.436364		0.00698349		2.11874
-2.32139e+08		-3.14159		0.436364		0.0404723		2.64795
-2.27037e+08		-3.14159		0.436364		0.0149747		3.17696
-2.21935e+08		-3.14159		0.436364		0.00216161		3.70641
-2.16833e+08		-3.14159		0.436364		0.0104705		4.23675
-2.11731e+08		-3.14159		0.436364		0.0035185		4.7659
-2.06629e+08		-3.14159		0.436364		0.0308089		5.29583
-2.01527e+08		-3.14159		0.436364		0.0382939		5.82413
-1.96425e+08		-3.14159		0.436364		0.0219523		6.35175
-1.91323e+08		-3.14159		0.436364		0.0306047		6.88194
-1.86221e+08		-3.14159		0.436364		0.0320794		7.41152
-1.81119e+08		-3.14159		0.436364		0.0690544		7.94129
-1.76017e+08		-3.14159		0.436364		0.024594		8.49034
-1.70915e+08		-3.14159		0.436364		0.0580347		9.0207
-1.65813e+08		-3.14159		0.436364		0.074377		9.55054
-1.60712e+08		-3.14159		0.436364		0.0471183		10.0798
-1.5561e+08		-3.14159		0.436364		0.0625517		10.6092
-1.50508e+08		-3.14159		0.436364		0.022131		11.1388
-1.45406e+08		-3.14159		0.436364		0.0276189		11.6649
-1.40304e+08		-3.14159		0.436364		0.0326437		12.1919
-1.35202e+08		-3.14159		0.436364		0.0226953		12.7217
-1.301e+08		-3.14159		0.436364		0.0455693		13.2517
-1.24998e+08		-3.14159		0.436364		0.0820924		13.781
-1.19896e+08		-3.14159		0.436364		0.0520647		14.3073
-1.14794e+08		-3.14159		0.436364		0.094914		14.8372
-1.09692e+08		-3.14159		0.436364		0.0470312		15.3665
-1.0459e+08		-3.14159		0.436364		0.0209897		15.8964
-9.94881e+07		-3.14159		0.436364		0.0352782		16.427
-9.43861e+07		-3.14159		0.436364		0.0272411		16.9567
-8.92842e+07		-3.14159		0.436364		0.0624656		17.5047
-8.41822e+07		-3.14159		0.436364		0.0555075		18.0346
-7.90803e+07		-3.14159		0.436364		0.0133943		18.5646
-7.39783e+07		-3.14159		0.436364		0.00430025		19.094
-6.88764e+07		-3.14159		0.436364		0.0120054		19.6239
-6.37744e+07		-3.14159		0.436364		0.078529		20.1553
-5.86725e+07		-3.14159		0.436364		0.0688721		20.6845
-5.35705e+07		-3.14159		0.436364		0.0251442		21.2136
-4.84686e+07		-3.14159		0.436364		0.0317177		21.7427
-4.33666e+07		-3.14159		0.436364		0.0675696		22.2683
-3.82646e+07		-3.14159		0.436364		0.00407309		22.7973
-3.31627e+07		-3.14159		0.436364		0.0124476		23.3269
-2.80607e+07		-3.14159		0.436364		0.0992043		23.8574
-2.29588e+07		-3.14159		0.436364		0.101072		24.3878
-1.78568e+07		-3.14159		0.436364		0.049513		24.9169
-1.27549e+07		-3.14159		0.436364		0.101225		25.4456
-7.65293e+06		-3.14159		0.436364		0.0722584		25.9732
-2.55098e+06		-3.14159		0.436364		0.0783888		26.5215
2.55098e+06		-3.14159		0.436364		0.0783888		27.0488
7.65293e+06		-3.14159		0.436364		0.0722584		27.5788
1.27549e+07		-3.14159		0.436364		0.101225		28.1081
1.78568e+07		-3.14159		0.436364		0.049513		28.6392
2.29588e+07		-3.14159		0.436364		0.101072		29.1686
2.80607e+07		-3.14159		0.436364		0.0992043		29.6975
3.31627e+07		-3.14159		0.436364		0.0124476		30.2266
3.82646e+07		-3.14159		0.436364		0.00407309		30.7546
4.33666e+07		-3.14159		0.436364		0.0675696		31.284
4.84686e+07		-3.14159		0.436364		0.0317177		31.8128
5.35705e+07		-3.14159		0.436364		0.0251442		32.3417
5.86725e+07		-3.14159		0.436364		0.0688721		32.8706
6.37744e+07		-3.14159		0.436364		0.078529		33.3998
6.88764e+07		-3.14159		0.436364		0.0120054		33.9291
7.39783e+07		-3.14159		0.436364		0.00430025		34.4582
7.90803e+07		-3.14159		0.436364		0.0133943		35.0052
8.41822e+07		-3.14159		0.436364		0.0555075		35.5318
8.92842e+07		-3.14159		0.436364		0.0624656		36.0622
9.43861e+07		-3.14159		0.436364		0.0272411		36.5917
9.94881e+07		-3.14159		0.436364		0.0352782		37.1176
1.0459e+08		-3.14159		0.436364		0.0209897		37.6438
1.09692e+08		-3.14159		0.436364		0.0470312		38.1724
1.14794e+08		-3.14159		0.436364		0.094914		38.7013
1.19896e+08		-3.14159		0.436364		0.0520647		39.2299
1.24998e+08		-3.14159		0.436364		0.0820924		39.759
1.301e+08		-3.14159		0.436364		0.0455693		40.2896
1.35202e+08		-3.14159		0.436364		0.0226953		40.8191
1.40304e+08		-3.14159		0.436364		0.0326437		41.349
1.45406e+08		-3.14159		0.436364		0.0276189		41.8786
1.50508e+08		-3.14159		0.436364		0.022131		42.4076
1.5561e+08		-3.14159		0.436364		0.0625517		42.9376
1.60712e+08		-3.14159		0.436364		0.0471183		43.4678
1.65813e+08		-3.14159		0.436364		0.074377		44.0158
1.70915e+08		-3.14159		0.436364		0.0580347		44.5448
1.76017e+08		-3.14159		0.436364		0.024594		45.0733
1.81119e+08		-3.14159		0.436364		0.0690544		45.602
1.86221e+08		-3.14159		0.436364		0.0320794		46.1309
1.91323e+08		-3.14159		0.436364		0.0306047		46.6598
1.96425e+08		-3.14159		0.436364		0.0219523		47.191
2.01527e+08		-3.14159		0.436364		0.0382939		47.721
2.06629e+08		-3.14159		0.436364		0.0308089		48.2507
2.11731e+08		-3.14159		0.436364		0.0035185		48.7803
2.16833e+08		-3.14159		0.436364		0.0104705		49.31
2.21935e+08		-3.14159		0.436364		0.00216161		49.8396
2.27037e+08		-3.14159		0.436364		0.0149747		50.367
2.32139e+08		-3.14159		0.436364		0.0404723		50.8967
2.37241e+08		-3.14159		0.436364		0.00698349		51.4254
2.42343e+08		-3.14159		0.436364		0.00745046		51.9559
2.47445e+08		-3.14159		0.436364		0.0254718		52.5065
2.52547e+08		-3.14159		0.436364		0.0239978		53.0367

-2.52547e+08		-3.07813		0.436364		0.0111677		53.5679
-2.47445e+08		-3.07813		0.436364		0.00917245		54.0977
-2.42343e+08		-3.07813		0.436364		0.0110378		54.6278
-2.37241e+08		-3.07813		0.436364		0.0129763		55.1572
-2.32139e+08		-3.07813		0.436364		0.0345112		55.6876
-2.27037e+08		-3.07813		0.436364		0.0247597		56.215
-2.21935e+08		-3.07813		0.436364		0.0183638		56.7453
-2.16833e+08		-3.07813		0.436364		0.0218609		57.2749
-2.11731e+08		-3.07813		0.436364		0.0184261		57.8047
-2.06629e+08		-3.07813		0.436364		0.0308912		58.3369
-2.01527e+08		-3.07813		0.436364		0.0298559		58.8692
-1.96425e+08		-3.07813		0.436364		0.00835767		59.3997
-1.91323e+08		-3.07813		0.436364		0.0402121		59.9298
-1.86221e+08		-3.07813		0.436364		0.0217352		60.4605
-1.81119e+08		-3.07813		0.436364		0.0740633		60.9909
-1.76017e+08		-3.07813		0.436364		0.00820956		61.5411
-1.70915e+08		-3.07813		0.436364		0.0642627		62.0705
-1.65813e+08		-3.07813		0.436364		0.0726344		62.5998
-1.60712e+08		-3.07813		0.436364		0.0595236		63.13
-1.5561e+08		-3.07813		0.436364		0.0689359		63.6599
-1.50508e+08		-3.07813		0.436364		0.00835052		64.1868
-1.45406e+08		-3.07813		0.436364		0.0360904		64.7133
-1.40304e+08		-3.07813		0.436364		0.0454119		65.2421
-1.35202e+08		-3.07813		0.436364		0.00830276		65.771
-1.301e+08		-3.07813		0.436364		0.047855		66.3009
-1.24998e+08		-3.07813		0.436364		0.0865649		66.83
-1.19896e+08		-3.07813		0.436364		0.061418		67.3591
-1.14794e+08		-3.07813		0.436364		0.095706		67.8897
-1.09692e+08		-3.07813		0.436364		0.0512652		68.4203
-1.0459e+08		-3.07813		0.436364		0.0309111		68.9509
-9.94881e+07		-3.07813		0.436364		0.047554		69.4816
-9.43861e+07		-3.07813		0.436364		0.0253576		70.0119
-8.92842e+07		-3.07813		0.436364		0.0632406		70.5587
-8.41822e+07		-3.07813		0.436364		0.0606395		71.0883
-7.90803e+07		-3.07813		0.436364		0.0245355		71.6171
-7.39783e+07		-3.07813		0.436364		0.0278029		72.1471
-6.88764e+07		-3.07813		0.436364		0.0178057		72.6763
-6.37744e+07		-3.07813		0.436364		0.0845756		73.2053
-5.86725e+07		-3.07813		0.436364		0.071686		73.731
-5.35705e+07		-3.07813		0.436364		0.0409471		74.2607
-4.84686e+07		-3.07813		0.436364		0.0277545		74.7889
-4.33666e+07		-3.07813		0.436364		0.0728808		75.3179
-3.82646e+07		-3.07813		0.436364		0.0127486		75.844
-3.31627e+07		-3.07813		0.436364		0.0135159		76.373
-2.80607e+07		-3.07813		0.436364		0.103188		76.901
-2.29588e+07		-3.07813		0.436364		0.10493		77.4315
-1.78568e+07		-3.07813		0.436364		0.056414		77.9613
-1.27549e+07		-3.07813		0.436364		0.105144		78.4907
-7.65293e+06		-3.07813		0.436364		0.0772732		79.0377
-2.55098e+06		-3.07813		0.436364		0.0830618		79.5683
2.55098e+06		-3.07813		0.436364		0.0830618		80.0955
7.65293e+06		-3.07813		0.436364		0.0772732		80.6257
1.27549e+07		-3.07813		0.436364		0.105144		81.1538
1.78568e+07		-3.07813		0.436364		0.056414		81.6823
2.29588e+07		-3.07813		0.436364		0.10493		82.2113
2.80607e+07		-3.07813		0.436364		0.103188		82.7406
3.31627e+07		-3.07813		0.436364		0.0135159		83.2696
3.82646e+07		-3.07813		0.436364		0.0127486		83.7989
4.33666e+07		-3.07813		0.436364		0.0728808		84.3285
4.84686e+07		-3.07813		0.436364		0.0277545		84.8573
5.35705e+07		-3.07813		0.436364		0.0409471		85.3864
5.86725e+07		-3.07813		0.436364		0.071686		85.9164
6.37744e+07		-3.07813		0.436364		0.0845756		86.4453
6.88764e+07		-3.07813		0.436364		0.0178057		86.9749
7.39783e+07		-3.07813		0.436364		0.0278029		87.5051
7.90803e+07		-3.07813		0.436364		0.0245355		88.0523
8.41822e+07		-3.07813		0.436364		0.0606395		88.5825
8.92842e+07		-3.07813		0.436364		0.0632406		89.1126
9.43861e+07		-3.07813		0.436364		0.0253576		89.6424
9.94881e+07		-3.07813		0.436364		0.047554		90.1715
1.0459e+08		-3.07813		0.436364		0.0309111		90.7013
1.09692e+08		-3.07813		0.436364		0.0512652		91.2318
1.14794e+08		-3.07813		0.436364		0.095706		91.7617
1.19896e+08		-3.07813		0.436364		0.061418		92.2891
1.24998e+08		-3.07813		0.436364		0.0865649		92.8193
1.301e+08		-3.07813		0.436364		0.047855		93.3501
1.35202e+08		-3.07813		0.436364		0.00830276		93.8802
1.40304e+08		-3.07813		0.436364		0.0454119		94.4096
1.45406e+08		-3.07813		0.436364		0.0360904		94.9392
1.50508e+08		-3.07813		0.436364		0.00835052		95.4704
1.5561e+08		-3.07813		0.436364		0.0689359		96.0001
1.60712e+08		-3.07813		0.436364		0.0595236		96.5297
1.65813e+08		-3.07813		0.436364		0.0726344		97.0776
1.70915e+08		-3.07813		0.436364		0.0642627		97.6076
1.76017e+08		-3.07813		0.436364		0.00820956		98.1373
1.81119e+08		-3.07813		0.436364		0.0740633		98.667
1.86221e+08		-3.07813		0.436364		0.0217352		99.1973
1.91323e+08		-3.07813		0.436364		0.0402121		99.7264
1.96425e+08		-3.07813		0.436364		0.00835767		100.256
2.01527e+08		-3.07813		0.436364		0.0298559		100.787
2.06629e+08		-3.07813		0.436364		0.0308912		101.315
2.11731e+08		-3.07813		0.436364		0.0184261		101.846
2.16833e+08		-3.07813		0.436364		0.0218609		102.376
2.21935e+08		-3.07813		0.436364		0.0183638		102.906
2.27037e+08		-3.07813		0.436364		0.0247597		103.436
2.32139e+08		-3.07813		0.436364		0.0345112		103.967
2.37241e+08		-3.07813		0.436364		0.0129763		104.496
2.42343e+08		-3.07813		0.436364		0.0110378		105.025
2.47445e+08		-3.07813		0.436364		0.00917245		105.574
2.52547e+08		-3.07813		0.436364		0.0111677		106.106

-2.52547e+08		-3.01466		0.436364		0.0371344		106.64
-2.47445e+08		-3.01466		0.436364		0.0362704		107.171
-2.42343e+08		-3.01466		0.436364		0.0388967		107.701
-2.37241e+08		-3.01466		0.436364		0.0403391		108.233
-2.32139e+08		-3.01466		0.436364		0.049798		108.763
-2.27037e+08		-3.01466		0.436364		0.0484216		109.292
-2.21935e+08		-3.01466		0.436364		0.0443071		109.822
-2.16833e+08		-3.01466		0.436364		0.0470064		110.352
-2.11731e+08		-3.01466		0.436364		0.0448732		110.881
-2.06629e+08		-3.01466		0.436364		0.0491074		111.41
-2.01527e+08		-3.01466		0.436364		0.0473056		111.94
-1.96425e+08		-3.01466		0.436364		0.0388466		112.471
-1.91323e+08		-3.01466		0.436364		0.0611933		113
-1.86221e+08		-3.01466		0.436364		0.0429187		113.53
-1.81119e+08		-3.01466		0.436364		0.0879219		114.06
-1.76017e+08		-3.01466		0.436364		0.0380646		114.607
-1.70915e+08		-3.01466		0.436364		0.0800441		115.138
-1.65813e+08		-3.01466		0.436364		0.0825968		115.669
-1.60712e+08		-3.01466		0.436364		0.0794296		116.197
-1.5561e+08		-3.01466		0.436364		0.0844773		116.724
-1.50508e+08		-3.01466		0.436364		0.0384271		117.253
-1.45406e+08		-3.01466		0.436364		0.0591446		117.781
-1.40304e+08		-3.01466		0.436364		0.0682544		118.311
-1.35202e+08		-3.01466		0.436364		0.0385097		118.843
-1.301e+08		-3.01466		0.436364		0.0651244		119.373
-1.24998e+08		-3.01466		0.436364		0.0992075		119.902
-1.19896e+08		-3.01466		0.436364		0.0752078		120.431
-1.14794e+08		-3.01466		0.436364		0.104737		120.96
-1.09692e+08		-3.01466		0.436364		0.068925		121.49
-1.0459e+08		-3.01466		0.436364		0.0530004		122.019
-9.94881e+07		-3.01466		0.436364		0.0668187		122.548
-9.43861e+07		-3.01466		0.436364		0.047316		123.102
-8.92842e+07		-3.01466		0.436364		0.0764366		123.631
-8.41822e+07		-3.01466		0.436364		0.0770597		124.163
-7.90803e+07		-3.01466		0.436364		0.0484461		124.694
-7.39783e+07		-3.01466		0.436364		0.053824		125.223
-6.88764e+07		-3.01466		0.436364		0.0456893		125.752
-6.37744e+07		-3.01466		0.436364		0.0979625		126.28
-5.86725e+07		-3.01466		0.436364		0.0845803		126.809
-5.35705e+07		-3.01466		0.436364		0.0643492		127.34
-4.84686e+07		-3.01466		0.436364		0.0465414		127.871
-4.33666e+07		-3.01466		0.436364		0.0872046		128.398
-3.82646e+07		-3.01466		0.436364		0.0409789		128.929
-3.31627e+07		-3.01466		0.436364		0.0405713		129.459
-2.80607e+07		-3.01466		0.436364		0.114394		129.99
-2.29588e+07		-3.01466		0.436364		0.115942		130.52
-1.78568e+07		-3.01466		0.436364		0.073321		131.051
-1.27549e+07		-3.01466		0.436364		0.116187		131.582
-7.65293e+06		-3.01466		0.436364		0.0908979		132.132
-2.55098e+06		-3.01466		0.436364		0.0960021		132.661
2.55098e+06		-3.01466		0.436364		0.0960021		133.189
7.65293e+06		-3.01466		0.436364		0.0908979		133.719
1.27549e+07		-3.01466		0.436364		0.116187		134.247
1.78568e+07		-3.01466		0.436364		0.073321		134.777
2.29588e+07		-3.01466		0.436364		0.115942		135.305
2.80607e+07		-3.01466		0.436364		0.114394		135.834
3.31627e+07		-3.01466		0.436364		0.0405713		136.363
3.82646e+07		-3.01466		0.436364		0.0409789		136.892
4.33666e+07		-3.01466		0.436364		0.0872046		137.421
4.84686e+07		-3.01466		0.436364		0.0465414		137.95
5.35705e+07		-3.01466		0.436364		0.0643492		138.479
5.86725e+07		-3.01466		0.436364		0.0845803		139.008
6.37744e+07		-3.01466		0.436364		0.0979625		139.538
6.88764e+07		-3.01466		0.436364		0.0456893		140.068
7.39783e+07		-3.01466		0.436364		0.053824		140.599
7.90803e+07		-3.01466		0.436364		0.0484461		141.147
8.41822e+07		-3.01466		0.436364		0.0770597		141.677
8.92842e+07		-3.01466		0.436364		0.0764366		142.205
9.43861e+07		-3.01466		0.436364		0.047316		142.735
9.94881e+07		-3.01466		0.436364		0.0668187		143.265
1.0459e+08		-3.01466		0.436364		0.0530004		143.795
1.09692e+08		-3.01466		0.436364		0.068925		144.326
1.14794e+08		-3.01466		0.436364		0.104737		144.856
1.19896e+08		-3.01466		0.436364		0.0752078		145.384
1.24998e+08		-3.01466		0.436364		0.0992075		145.913
1.301e+08		-3.01466		0.436364		0.0651244		146.444
1.35202e+08		-3.01466		0.436364		0.0385097		146.973
1.40304e+08		-3.01466		0.436364		0.0682544		147.503
1.45406e+08		-3.01466		0.436364		0.0591446		148.033
1.50508e+08		-3.01466		0.436364		0.0384271		148.562
1.5561e+08		-3.01466		0.436364		0.0844773		149.092
1.60712e+08		-3.01466		0.436364		0.0794296		149.64
1.65813e+08		-3.01466		0.436364		0.0825968		150.169
1.70915e+08		-3.01466		0.436364		0.0800441		150.699
1.76017e+08		-3.01466		0.436364		0.0380646		151.228
1.81119e+08		-3.01466		0.436364		0.0879219		151.757
1.86221e+08		-3.01466		0.436364		0.0429187		152.286
1.91323e+08		-3.01466		0.436364		0.0611933		152.816
1.96425e+08		-3.01466		0.436364		0.0388466		153.345
2.01527e+08		-3.01466		0.436364		0.0473056		153.876
2.06629e+08		-3.01466		0.436364		0.0491074		154.405
2.11731e+08		-3.01466		0.436364		0.0448732		154.935
2.16833e+08		-3.01466		0.436364		0.0470064		155.465
2.21935e+08		-3.01466		0.436364		0.0443071		155.997
2.27037e+08		-3.01466		0.436364		0.0484216		156.528
2.32139e+08		-3.01466		0.436364		0.049798		157.058
2.37241e+08		-3.01466		0.436364		0.0403391		157.59
2.42343e+08		-3.01466		0.436364		0.0388967		158.122
2.47445e+08		-3.01466		0.436364		0.0362704		158.672
2.52547e+08		-3.01466		0.436364		0.0371344		159.203

-2.52547e+08		-2.95119		0.436364		0.067015		159.734
-2.47445e+08		-2.95119		0.436364		0.06651		160.262
-2.42343e+08		-2.95119		0.436364		0.0685111		160.793
-2.37241e+08		-2.95119		0.436364		0.0696937		161.322
-2.32139e+08		-2.95119		0.436364		0.0752179		161.852
-2.27037e+08		-2.95119		0.436364		0.0758755		162.382
-2.21935e+08		-2.95119		0.436364		0.0728767		162.913
-2.16833e+08		-2.95119		0.436364		0.0751075		163.444
-2.11731e+08		-2.95119		0.436364		0.0735582		163.974
-2.06629e+08		-2.95119		0.436364		0.075593		164.506
-2.01527e+08		-2.95119		0.436364		0.0741868		165.037
-1.96425e+08		-2.95119		0.436364		0.0695339		165.569
-1.91323e+08		-2.95119		0.436364		0.0866298		166.099
-1.86221e+08		-2.95119		0.436364		0.0716543		166.629
-1.81119e+08		-2.95119		0.436364		0.107863		167.158
-1.76017e+08		-2.95119		0.436364		0.0689443		167.704
-1.70915e+08		-2.95119		0.436364		0.10163		168.234
-1.65813e+08		-2.95119		0.436364		0.101273		168.763
-1.60712e+08		-2.95119		0.436364		0.102791		169.293
-1.5561e+08		-2.95119		0.436364		0.105666		169.823
-1.50508e+08		-2.95119		0.436364		0.0693445		170.352
-1.45406e+08		-2.95119		0.436364		0.0861359		170.881
-1.40304e+08		-2.95119		0.436364		0.0943291		171.412
-1.35202e+08		-2.95119		0.436364		0.0694146		171.941
-1.301e+08		-2.95119		0.436364		0.0893817		172.472
-1.24998e+08		-2.95119		0.436364		0.117804		173.002
-1.19896e+08		-2.95119		0.436364		0.0957701		173.531
-1.14794e+08		-2.95119		0.436364		0.120806		174.061
-1.09692e+08		-2.95119		0.436364		0.0929414		174.591
-1.0459e+08		-2.95119		0.436364		0.0797716		175.12
-9.94881e+07		-2.95119		0.436364		0.0905549		175.649
-9.43861e+07		-2.95119		0.436364		0.0753522		176.197
-8.92842e+07		-2.95119		0.436364		0.0974921		176.727
-8.41822e+07		-2.95119		0.436364		0.0996432		177.258
-7.90803e+07		-2.95119		0.436364		0.0763365		177.789
-7.39783e+07		-2.95119		0.436364		0.0814658		178.319
-6.88764e+07		-2.95119		0.436364		0.0750591		178.851
-6.37744e+07		-2.95119		0.436364		0.116748		179.38
-5.86725e+07		-2.95119		0.436364		0.104463		179.909
-5.35705e+07		-2.95119		0.436364		0.0902783		180.438
-4.84686e+07		-2.95119		0.436364		0.0740396		180.967
-4.33666e+07		-2.95119		0.436364		0.107525		181.497
-3.82646e+07		-2.95119		0.436364		0.0709818		182.028
-3.31627e+07		-2.95119		0.436364		0.07059		182.557
-2.80607e+07		-2.95119		0.436364		0.13125		183.088
-2.29588e+07		-2.95119		0.436364		0.132594		183.618
-1.78568e+07		-2.95119		0.436364		0.09595		184.146
-1.27549e+07		-2.95119		0.436364		0.132843		184.677
-7.65293e+06		-2.95119		0.436364		0.110523		185.228
-2.55098e+06		-2.95119		0.436364		0.114906		185.759
2.55098e+06		-2.95119		0.436364		0.114906		186.29
7.65293e+06		-2.95119		0.436364		0.110523		186.821
1.27549e+07		-2.95119		0.436364		0.132843		187.352
1.78568e+07		-2.95119		0.436364		0.09595		187.883
2.29588e+07		-2.95119		0.436364		0.132594		188.413
2.80607e+07		-2.95119		0.436364		0.13125		188.943
3.31627e+07		-2.95119		0.436364		0.07059		189.473
3.82646e+07		-2.95119		0.436364		0.0709818		190.001
4.33666e+07		-2.95119		0.436364		0.107525		190.531
4.84686e+07		-2.95119		0.436364		0.0740396		191.061
5.35705e+07		-2.95119		0.436364		0.0902783		191.589
5.86725e+07		-2.95119		0.436364		0.104463		192.121
6.37744e+07		-2.95119		0.436364		0.116748		192.651
6.88764e+07		-2.95119		0.436364		0.0750591		193.181
7.39783e+07		-2.95119		0.436364		0.0814658		193.73
7.90803e+07		-2.95119		0.436364		0.0763365		194.257
8.41822e+07		-2.95119		0.436364		0.0996432		194.786
8.92842e+07		-2.95119		0.436364		0.0974921		195.317
9.43861e+07		-2.95119		0.436364		0.0753522		195.843
9.94881e+07		-2.95119		0.436364		0.0905549		196.371
1.0459e+08		-2.95119		0.436364		0.0797716		196.9
1.09692e+08		-2.95119		0.436364		0.0929414		197.431
1.14794e+08		-2.95119		0.436364		0.120806		197.961
1.19896e+08		-2.95119		0.436364		0.0957701		198.491
1.24998e+08		-2.95119		0.436364		0.117804		199.021
1.301e+08		-2.95119		0.436364		0.0893817		199.549
1.35202e+08		-2.95119		0.436364		0.0694146		200.079
1.40304e+08		-2.95119		0.436364		0.0943291		200.61
1.45406e+08		-2.95119		0.436364		0.0861359		201.14
1.50508e+08		-2.95119		0.436364		0.0693445		201.671
1.5561e+08		-2.95119		0.436364		0.105666		202.201
1.60712e+08		-2.95119		0.436364		0.102791		202.748
1.65813e+08		-2.95119		0.436364		0.101273		203.279
1.70915e+08		-2.95119		0.436364		0.10163		203.809
1.76017e+08		-2.95119		0.436364		0.0689443		204.338
1.81119e+08		-2.95119		0.436364		0.107863		204.867
1.86221e+08		-2.95119		0.436364		0.0716543		205.396
1.91323e+08		-2.95119		0.436364		0.0866298		205.926
1.96425e+08		-2.95119		0.436364		0.0695339		206.456
2.01527e+08		-2.95119		0.436364		0.0741868		206.985
2.06629e+08		-2.95119		0.436364		0.075593		207.514
2.11731e+08		-2.95119		0.436364		0.0735582		208.044
2.16833e+08		-2.95119		0.436364		0.0751075		208.572
2.21935e+08		-2.95119		0.436364		0.0728767		209.103
2.27037e+08		-2.95119		0.436364		0.0758755		209.636
2.32139e+08		-2.95119		0.436364		0.0752179		210.167
2.37241e+08		-2.95119		0.436364		0.0696937		210.699
2.42343e+08		-2.95119		0.436364		0.0685111		211.231
2.47445e+08		-2.95119		0.436364		0.06651		211.779
2.52547e+08		-2.95119		0.436364		0.067015		212.311

-2.52547e+08		-2.88773		0.436364		0.0972548		212.843
-2.47445e+08		-2.88773		0.436364		0.0969548		213.373
-2.42343e+08		-2.88773		0.436364		0.0986114		213.904
-2.37241e+08		-2.88773		0.436364		0.0996651		214.435
-2.32139e+08		-2.88773		0.436364		0.103569		214.965
-2.27037e+08		-2.88773		0.436364		0.104756		215.495
-2.21935e+08		-2.88773		0.436364		0.10243		216.025
-2.16833e+08		-2.88773		0.436364		0.10435		216.555
-2.11731e+08		-2.88773		0.436364		0.103149		217.084
-2.06629e+08		-2.88773		0.436364		0.104421		217.615
-2.01527e+08		-2.88773		0.436364		0.103333		218.146
-1.96425e+08		-2.88773		0.436364		0.100256		218.678
-1.91323e+08		-2.88773		0.436364		0.114109		219.209
-1.86221e+08		-2.88773		0.436364		0.101672		219.736
-1.81119e+08		-2.88773		0.436364		0.131531		220.282
-1.76017e+08		-2.88773		0.436364		0.0998416		220.811
-1.70915e+08		-2.88773		0.436364		0.126489		221.34
-1.65813e+08		-2.88773		0.436364		0.124886		221.867
-1.60712e+08		-2.88773		0.436364		0.128234		222.396
-1.5561e+08		-2.88773		0.436364		0.130127		222.927
-1.50508e+08		-2.88773		0.436364		0.100273		223.457
-1.45406e+08		-2.88773		0.436364		0.11454		223.986
-1.40304e+08		-2.88773		0.436364		0.121818		224.515
-1.35202e+08		-2.88773		0.436364		0.100334		225.045
-1.301e+08		-2.88773		0.436364		0.116482		225.575
-1.24998e+08		-2.88773		0.436364		0.14029		226.103
-1.19896e+08		-2.88773		0.436364		0.120582		226.631
-1.14794e+08		-2.88773		0.436364		0.141756		227.16
-1.09692e+08		-2.88773		0.436364		0.119712		227.69
-1.0459e+08		-2.88773		0.436364		0.108384		228.219
-9.94881e+07		-2.88773		0.436364		0.117006		228.748
-9.43861e+07		-2.88773		0.436364		0.104869		229.297
-8.92842e+07		-2.88773		0.436364		0.122564		229.827
-8.41822e+07		-2.88773		0.436364		0.125303		230.357
-7.90803e+07		-2.88773		0.436364		0.105624		230.886
-7.39783e+07		-2.88773		0.436364		0.110191		231.415
-6.88764e+07		-2.88773		0.436364		0.104996		231.944
-6.37744e+07		-2.88773		0.436364		0.139239		232.474
-5.86725e+07		-2.88773		0.436364		0.128405		233.002
-5.35705e+07		-2.88773		0.436364		0.117668		233.53
-4.84686e+07		-2.88773		0.436364		0.103509		234.058
-4.33666e+07		-2.88773		0.436364		0.131447		234.587
-3.82646e+07		-2.88773		0.436364		0.101442		235.114
-3.31627e+07		-2.88773		0.436364		0.101105		235.644
-2.80607e+07		-2.88773		0.436364		0.152112		236.174
-2.29588e+07		-2.88773		0.436364		0.153273		236.703
-1.78568e+07		-2.88773		0.436364		0.121644		237.233
-1.27549e+07		-2.88773		0.436364		0.153512		237.763
-7.65293e+06		-2.88773		0.436364		0.133896		238.307
-2.55098e+06		-2.88773		0.436364		0.137663		238.838
2.55098e+06		-2.88773		0.436364		0.137663		239.368
7.65293e+06		-2.88773		0.436364		0.133896		239.896
1.27549e+07		-2.88773		0.436364		0.153512		240.425
1.78568e+07		-2.88773		0.436364		0.121644		240.953
2.29588e+07		-2.88773		0.436364		0.153273		241.482
2.80607e+07		-2.88773		0.436364		0.152112		242.011
3.31627e+07		-2.88773		0.436364		0.101105		242.54
3.82646e+07		-2.88773		0.436364		0.101442		243.068
4.33666e+07		-2.88773		0.436364		0.131447		243.597
4.84686e+07		-2.88773		0.436364		0.103509		244.124
5.35705e+07		-2.88773		0.436364		0.117668		244.653
5.86725e+07		-2.88773		0.436364		0.128405		245.183
6.37744e+07		-2.88773		0.436364		0.139239		245.711
6.88764e+07		-2.88773		0.436364		0.104996		246.24
7.39783e+07		-2.88773		0.436364		0.110191		246.79
7.90803e+07		-2.88773		0.436364		0.105624		247.319
8.41822e+07		-2.88773		0.436364		0.125303		247.849
8.92842e+07		-2.88773		0.436364		0.122564		248.381
9.43861e+07		-2.88773		0.436364		0.104869		248.91
9.94881e+07		-2.88773		0.436364		0.117006		249.439
1.0459e+08		-2.88773		0.436364		0.108384		249.968
1.09692e+08		-2.88773		0.436364		0.119712		250.497
1.14794e+08		-2.88773		0.436364		0.141756		251.026
1.19896e+08		-2.88773		0.436364		0.120582		251.554
1.24998e+08		-2.88773		0.436364		0.14029		252.084
1.301e+08		-2.88773		0.436364		0.116482		252.614
1.35202e+08		-2.88773		0.436364		0.100334		253.143
1.40304e+08		-2.88773		0.436364		0.121818		253.673
1.45406e+08		-2.88773		0.436364		0.11454		254.201
1.50508e+08		-2.88773		0.436364		0.100273		254.73
1.5561e+08		-2.88773		0.436364		0.130127		255.26
1.60712e+08		-2.88773		0.436364		0.128234		255.808
1.65813e+08		-2.88773		0.436364		0.124886		256.336
1.70915e+08		-2.88773		0.436364		0.126489		256.866
1.76017e+08		-2.88773		0.436364		0.0998416		257.396
1.81119e+08		-2.88773		0.436364		0.131531		257.925
1.86221e+08		-2.88773		0.436364		0.101672		258.455
1.91323e+08		-2.88773		0.436364		0.114109		258.983
1.96425e+08		-2.88773		0.436364		0.100256		259.512
2.01527e+08		-2.88773		0.436364		0.103333		260.041
2.06629e+08		-2.88773		0.436364		0.104421		260.571
2.11731e+08		-2.88773		0.436364		0.103149		261.103
2.16833e+08		-2.88773		0.436364		0.10435		261.633
2.21935e+08		-2.88773		0.436364		0.10243		262.164
2.27037e+08		-2.88773		0.436364		0.104756		262.695
2.32139e+08		-2.88773		0.436364		0.103569		263.226
2.37241e+08		-2.88773		0.436364		0.0996651		263.757
2.42343e+08		-2.88773		0.436364		0.0986114		264.307
2.47445e+08		-2.88773		0.436364		0.0969548		264.838
2.52547e+08		-2.88773		0.436364		0.0972548		265.369

-2.52547e+08		-2.82426		0.436364		0.127536		265.902
-2.47445e+08		-2.82426		0.436364		0.127389		266.433
-2.42343e+08		-2.82426		0.436364		0.128856		266.964
-2.37241e+08		-2.82426		0.436364		0.129847		267.495
-2.32139e+08		-2.82426		0.436364		0.132932		268.026
-2.27037e+08		-2.82426		0.436364		0.134265		268.558
-2.21935e+08		-2.82426		0.436364		0.132383		269.088
-2.16833e+08		-2.82426		0.436364		0.134093		269.618
-2.11731e+08		-2.82426		0.436364		0.133121		270.148
-2.06629e+08		-2.82426		0.436364		0.134066		270.677
-2.01527e+08		-2.82426		0.436364		0.133195		271.208
-1.96425e+08		-2.82426		0.436364		0.130942		271.738
-1.91323e+08		-2.82426		0.436364		0.142645		272.266
-1.86221e+08		-2.82426		0.436364		0.132027		272.795
-1.81119e+08		-2.82426		0.436364		0.15742		273.342
-1.76017e+08		-2.82426		0.436364		0.130669		273.87
-1.70915e+08		-2.82426		0.436364		0.153217		274.401
-1.65813e+08		-2.82426		0.436364		0.151119		274.933
-1.60712e+08		-2.82426		0.436364		0.155077		275.463
-1.5561e+08		-2.82426		0.436364		0.156512		275.992
-1.50508e+08		-2.82426		0.436364		0.131129		276.521
-1.45406e+08		-2.82426		0.436364		0.143618		277.051
-1.40304e+08		-2.82426		0.436364		0.150105		277.58
-1.35202e+08		-2.82426		0.436364		0.131186		278.11
-1.301e+08		-2.82426		0.436364		0.144878		278.639
-1.24998e+08		-2.82426		0.436364		0.165226		279.168
-1.19896e+08		-2.82426		0.436364		0.147619		279.696
-1.14794e+08		-2.82426		0.436364		0.165791		280.225
-1.09692e+08		-2.82426		0.436364		0.147813		280.754
-1.0459e+08		-2.82426		0.436364		0.137805		281.284
-9.94881e+07		-2.82426		0.436364		0.144953		281.815
-9.43861e+07		-2.82426		0.436364		0.134896		282.362
-8.92842e+07		-2.82426		0.436364		0.149678		282.892
-8.41822e+07		-2.82426		0.436364		0.152589		283.422
-7.90803e+07		-2.82426		0.436364		0.135477		283.95
-7.39783e+07		-2.82426		0.436364		0.139539		284.478
-6.88764e+07		-2.82426		0.436364		0.135182		285.007
-6.37744e+07		-2.82426		0.436364		0.164153		285.534
-5.86725e+07		-2.82426		0.436364		0.154627		286.062
-5.35705e+07		-2.82426		0.436364		0.145983		286.59
-4.84686e+07		-2.82426		0.436364		0.133583		287.118
-4.33666e+07		-2.82426		0.436364		0.157503		287.647
