#		ky		phi		B		E		time
-2.52547e+08		-3.14159		0.381818		0.0214489		0.527791
-2.47445e+08		-3.14159		0.381818		0.0224972		1.05579
-2.42343e+08		-3.14159		0.381818		0.00539757		1.58455
-2.37241e+08		-3.14159		0.381818		0.00613965		2.1144
-2.32139e+08		-3.14159		0.381818		0.0391182		2.64548
-2.27037e+08		-3.14159		0.381818		0.0175549		3.17575
-2.21935e+08		-3.14159		0.381818		0.00167844		3.70662
-2.16833e+08		-3.14159		0.381818		0.0127235		4.25515
-2.11731e+08		-3.14159		0.381818		0.00299108		4.78476
-2.06629e+08		-3.14159		0.381818		0.0290383		5.31464
-2.01527e+08		-3.14159		0.381818		0.0363831		5.84443
-1.96425e+08		-3.14159		0.381818		0.0191992		6.3732
-1.91323e+08		-3.14159		0.381818		0.0330115		6.90506
-1.86221e+08		-3.14159		0.381818		0.029813		7.43546
-1.81119e+08		-3.14159		0.381818		0.0721224		7.9633
-1.76017e+08		-3.14159		0.381818		0.0216426		8.49238
-1.70915e+08		-3.14159		0.381818		0.0607803		9.01589
-1.65813e+08		-3.14159		0.381818		0.0743073		9.5436
-1.60712e+08		-3.14159		0.381818		0.0483674		10.0693
-1.5561e+08		-3.14159		0.381818		0.0650946		10.5991
-1.50508e+08		-3.14159		0.381818		0.019247		11.1302
-1.45406e+08		-3.14159		0.381818		0.0289903		11.6601
-1.40304e+08		-3.14159		0.381818		0.0341599		12.1888
-1.35202e+08		-3.14159		0.381818		0.0198837		12.7165
-1.301e+08		-3.14159		0.381818		0.0465023		13.2691
-1.24998e+08		-3.14159		0.381818		0.0850443		13.799
-1.19896e+08		-3.14159		0.381818		0.0509326		14.3285
-1.14794e+08		-3.14159		0.381818		0.0958768		14.8548
-1.09692e+08		-3.14159		0.381818		0.048395		15.384
-1.0459e+08		-3.14159		0.381818		0.0239734		15.9137
-9.94881e+07		-3.14159		0.381818		0.0340305		16.4435
-9.43861e+07		-3.14159		0.381818		0.0269341		16.9701
-8.92842e+07		-3.14159		0.381818		0.0634147		17.4996
-8.41822e+07		-3.14159		0.381818		0.0573559		18.0302
-7.90803e+07		-3.14159		0.381818		0.016406		18.5599
-7.39783e+07		-3.14159		0.381818		0.00289318		19.0895
-6.88764e+07		-3.14159		0.381818		0.0102242		19.6203
-6.37744e+07		-3.14159		0.381818		0.0806568		20.1512
-5.86725e+07		-3.14159		0.381818		0.0709154		20.6811
-5.35705e+07		-3.14159		0.381818		0.0266785		21.2097
-4.84686e+07		-3.14159		0.381818		0.0297108		21.7577
-4.33666e+07		-3.14159		0.381818		0.0704575		22.2878
-3.82646e+07		-3.14159		0.381818		0.00107775		22.8178
-3.31627e+07		-3.14159		0.381818		0.00966919		23.347
-2.80607e+07		-3.14159		0.381818		0.102303		23.8753
-2.29588e+07		-3.14159		0.381818		0.104179		24.4042
-1.78568e+07		-3.14159		0.381818		0.0523604		24.9333
-1.27549e+07		-3.14159		0.381818		0.104339		25.4616
-7.65293e+06		-3.14159		0.381818		0.0753278		25.9905
-2.55098e+06		-3.14159		0.381818		0.0815024		26.5154
2.55098e+06		-3.14159		0.381818		0.0815024		27.0447
7.65293e+06		-3.14159		0.381818		0.0753278		27.5738
1.27549e+07		-3.14159		0.381818		0.104339		28.104
1.78568e+07		-3.14159		0.381818		0.0523604		28.6328
2.29588e+07		-3.14159		0.381818		0.104179		29.1632
2.80607e+07		-3.14159		0.381818		0.102303		29.6937
3.31627e+07		-3.14159		0.381818		0.00966919		30.2232
3.82646e+07		-3.14159		0.381818		0.00107775		30.7694
4.33666e+07		-3.14159		0.381818		0.0704575		31.2991
4.84686e+07		-3.14159		0.381818		0.0297108		31.8288
5.35705e+07		-3.14159		0.381818		0.0266785		32.359
5.86725e+07		-3.14159		0.381818		0.0709154		32.8898
6.37744e+07		-3.14159		0.381818		0.0806568		33.4196
6.88764e+07		-3.14159		0.381818		0.0102242		33.9487
7.39783e+07		-3.14159		0.381818		0.00289318		34.4786
7.90803e+07		-3.14159		0.381818		0.016406		35.008
8.41822e+07		-3.14159		0.381818		0.0573559		35.5364
8.92842e+07		-3.14159		0.381818		0.0634147		36.0663
9.43861e+07		-3.14159		0.381818		0.0269341		36.5964
9.94881e+07		-3.14159		0.381818		0.0340305		37.1252
1.0459e+08		-3.14159		0.381818		0.0239734		37.6547
1.09692e+08		-3.14159		0.381818		0.048395		38.1829
1.14794e+08		-3.14159		0.381818		0.0958768		38.7128
1.19896e+08		-3.14159		0.381818		0.0509326		39.2406
1.24998e+08		-3.14159		0.381818		0.0850443		39.7873
1.301e+08		-3.14159		0.381818		0.0465023		40.3178
1.35202e+08		-3.14159		0.381818		0.0198837		40.8469
1.40304e+08		-3.14159		0.381818		0.0341599		41.3731
1.45406e+08		-3.14159		0.381818		0.0289903		41.9034
1.50508e+08		-3.14159		0.381818		0.019247		42.4315
1.5561e+08		-3.14159		0.381818		0.0650946		42.9601
1.60712e+08		-3.14159		0.381818		0.0483674		43.49
1.65813e+08		-3.14159		0.381818		0.0743073		44.0192
1.70915e+08		-3.14159		0.381818		0.0607803		44.5484
1.76017e+08		-3.14159		0.381818		0.0216426		45.0784
1.81119e+08		-3.14159		0.381818		0.0721224		45.6086
1.86221e+08		-3.14159		0.381818		0.029813		46.138
1.91323e+08		-3.14159		0.381818		0.0330115		46.6686
1.96425e+08		-3.14159		0.381818		0.0191992		47.1982
2.01527e+08		-3.14159		0.381818		0.0363831		47.7278
2.06629e+08		-3.14159		0.381818		0.0290383		48.2767
2.11731e+08		-3.14159		0.381818		0.00299108		48.8074
2.16833e+08		-3.14159		0.381818		0.0127235		49.3347
2.21935e+08		-3.14159		0.381818		0.00167844		49.8639
2.27037e+08		-3.14159		0.381818		0.0175549		50.3932
2.32139e+08		-3.14159		0.381818		0.0391182		50.922
2.37241e+08		-3.14159		0.381818		0.00613965		51.4517
2.42343e+08		-3.14159		0.381818		0.00539757		51.9809
2.47445e+08		-3.14159		0.381818		0.0224972		52.5098
2.52547e+08		-3.14159		0.381818		0.0214489		53.0399

-2.52547e+08		-3.07813		0.381818		0.0130899		53.5717
-2.47445e+08		-3.07813		0.381818		0.011221		54.1024
-2.42343e+08		-3.07813		0.381818		0.0142692		54.629
-2.37241e+08		-3.07813		0.381818		0.0160908		55.1584
-2.32139e+08		-3.07813		0.381818		0.0352592		55.6861
-2.27037e+08		-3.07813		0.381818		0.0277317		56.2156
-2.21935e+08		-3.07813		0.381818		0.020701		56.7473
-2.16833e+08		-3.07813		0.381818		0.0246704		57.2959
-2.11731e+08		-3.07813		0.381818		0.0206918		57.8275
-2.06629e+08		-3.07813		0.381818		0.0315322		58.3579
-2.01527e+08		-3.07813		0.381818		0.0306654		58.8879
-1.96425e+08		-3.07813		0.381818		0.0112274		59.4171
-1.91323e+08		-3.07813		0.381818		0.0426551		59.9462
-1.86221e+08		-3.07813		0.381818		0.0228467		60.4754
-1.81119e+08		-3.07813		0.381818		0.0771386		61.0054
-1.76017e+08		-3.07813		0.381818		0.0108465		61.5348
-1.70915e+08		-3.07813		0.381818		0.0670204		62.0638
-1.65813e+08		-3.07813		0.381818		0.073444		62.5924
-1.60712e+08		-3.07813		0.381818		0.0605449		63.1215
-1.5561e+08		-3.07813		0.381818		0.0714755		63.6501
-1.50508e+08		-3.07813		0.381818		0.0110389		64.1779
-1.45406e+08		-3.07813		0.381818		0.0379326		64.7069
-1.40304e+08		-3.07813		0.381818		0.0466988		65.2359
-1.35202e+08		-3.07813		0.381818		0.0110447		65.7827
-1.301e+08		-3.07813		0.381818		0.0496281		66.3116
-1.24998e+08		-3.07813		0.381818		0.0895276		66.8448
-1.19896e+08		-3.07813		0.381818		0.0610629		67.3773
-1.14794e+08		-3.07813		0.381818		0.0970007		67.9042
-1.09692e+08		-3.07813		0.381818		0.0531472		68.4346
-1.0459e+08		-3.07813		0.381818		0.0338943		68.9613
-9.94881e+07		-3.07813		0.381818		0.0470893		69.4899
-9.43861e+07		-3.07813		0.381818		0.0272732		70.0168
-8.92842e+07		-3.07813		0.381818		0.0648798		70.5464
-8.41822e+07		-3.07813		0.381818		0.0627181		71.0758
-7.90803e+07		-3.07813		0.381818		0.0275743		71.6055
-7.39783e+07		-3.07813		0.381818		0.0286326		72.1351
-6.88764e+07		-3.07813		0.381818		0.0195646		72.6648
-6.37744e+07		-3.07813		0.381818		0.0867495		73.1957
-5.86725e+07		-3.07813		0.381818		0.0739901		73.7257
-5.35705e+07		-3.07813		0.381818		0.042213		74.2559
-4.84686e+07		-3.07813		0.381818		0.0286216		74.8095
-4.33666e+07		-3.07813		0.381818		0.0757828		75.3404
-3.82646e+07		-3.07813		0.381818		0.0158097		75.8701
-3.31627e+07		-3.07813		0.381818		0.015744		76.4009
-2.80607e+07		-3.07813		0.381818		0.106286		76.9303
-2.29588e+07		-3.07813		0.381818		0.108038		77.461
-1.78568e+07		-3.07813		0.381818		0.0592648		77.9911
-1.27549e+07		-3.07813		0.381818		0.108257		78.5169
-7.65293e+06		-3.07813		0.381818		0.0803431		79.0472
-2.55098e+06		-3.07813		0.381818		0.086175		79.5761
2.55098e+06		-3.07813		0.381818		0.086175		80.1025
7.65293e+06		-3.07813		0.381818		0.0803431		80.6323
1.27549e+07		-3.07813		0.381818		0.108257		81.1603
1.78568e+07		-3.07813		0.381818		0.0592648		81.688
2.29588e+07		-3.07813		0.381818		0.108038		82.2182
2.80607e+07		-3.07813		0.381818		0.106286		82.7457
3.31627e+07		-3.07813		0.381818		0.015744		83.2764
3.82646e+07		-3.07813		0.381818		0.0158097		83.8246
4.33666e+07		-3.07813		0.381818		0.0757828		84.3539
4.84686e+07		-3.07813		0.381818		0.0286216		84.8832
5.35705e+07		-3.07813		0.381818		0.042213		85.4119
5.86725e+07		-3.07813		0.381818		0.0739901		85.9408
6.37744e+07		-3.07813		0.381818		0.0867495		86.4695
6.88764e+07		-3.07813		0.381818		0.0195646		86.998
7.39783e+07		-3.07813		0.381818		0.0286326		87.5271
7.90803e+07		-3.07813		0.381818		0.0275743		88.057
8.41822e+07		-3.07813		0.381818		0.0627181		88.587
8.92842e+07		-3.07813		0.381818		0.0648798		89.1154
9.43861e+07		-3.07813		0.381818		0.0272732		89.6441
9.94881e+07		-3.07813		0.381818		0.0470893		90.172
1.0459e+08		-3.07813		0.381818		0.0338943		90.7026
1.09692e+08		-3.07813		0.381818		0.0531472		91.2327
1.14794e+08		-3.07813		0.381818		0.0970007		91.7618
1.19896e+08		-3.07813		0.381818		0.0610629		92.3105
1.24998e+08		-3.07813		0.381818		0.0895276		92.8411
1.301e+08		-3.07813		0.381818		0.0496281		93.371
1.35202e+08		-3.07813		0.381818		0.0110447		93.897
1.40304e+08		-3.07813		0.381818		0.0466988		94.4268
1.45406e+08		-3.07813		0.381818		0.0379326		94.9534
1.50508e+08		-3.07813		0.381818		0.0110389		95.483
1.5561e+08		-3.07813		0.381818		0.0714755		96.0125
1.60712e+08		-3.07813		0.381818		0.0605449		96.5439
1.65813e+08		-3.07813		0.381818		0.073444		97.0746
1.70915e+08		-3.07813		0.381818		0.0670204		97.6061
1.76017e+08		-3.07813		0.381818		0.0108465		98.1358
1.81119e+08		-3.07813		0.381818		0.0771386		98.6678
1.86221e+08		-3.07813		0.381818		0.0228467		99.199
1.91323e+08		-3.07813		0.381818		0.0426551		99.7312
1.96425e+08		-3.07813		0.381818		0.0112274		100.263
2.01527e+08		-3.07813		0.381818		0.0306654		100.794
2.06629e+08		-3.07813		0.381818		0.0315322		101.342
2.11731e+08		-3.07813		0.381818		0.0206918		101.871
2.16833e+08		-3.07813		0.381818		0.0246704		102.401
2.21935e+08		-3.07813		0.381818		0.020701		102.93
2.27037e+08		-3.07813		0.381818		0.0277317		103.458
2.32139e+08		-3.07813		0.381818		0.0352592		103.987
2.37241e+08		-3.07813		0.381818		0.0160908		104.515
2.42343e+08		-3.07813		0.381818		0.0142692		105.044
2.47445e+08		-3.07813		0.381818		0.011221		105.573
2.52547e+08		-3.07813		0.381818		0.0130899		106.104

-2.52547e+08		-3.01466		0.381818		0.0402463		106.635
-2.47445e+08		-3.01466		0.381818		0.0394578		107.166
-2.42343e+08		-3.01466		0.381818		0.0421624		107.696
-2.37241e+08		-3.01466		0.381818		0.0435432		108.228
-2.32139e+08		-3.01466		0.381818		0.052236		108.759
-2.27037e+08		-3.01466		0.381818		0.0515085		109.29
-2.21935e+08		-3.01466		0.381818		0.0472142		109.821
-2.16833e+08		-3.01466		0.381818		0.0499856		110.368
-2.11731e+08		-3.01466		0.381818		0.0476832		110.899
-2.06629e+08		-3.01466		0.381818		0.0514471		111.429
-2.01527e+08		-3.01466		0.381818		0.0497943		111.958
-1.96425e+08		-3.01466		0.381818		0.0418232		112.486
-1.91323e+08		-3.01466		0.381818		0.0638054		113.015
-1.86221e+08		-3.01466		0.381818		0.0456257		113.545
-1.81119e+08		-3.01466		0.381818		0.091005		114.073
-1.76017e+08		-3.01466		0.381818		0.0410839		114.6
-1.70915e+08		-3.01466		0.381818		0.0828623		115.13
-1.65813e+08		-3.01466		0.381818		0.084296		115.658
-1.60712e+08		-3.01466		0.381818		0.0808061		116.187
-1.5561e+08		-3.01466		0.381818		0.0870942		116.717
-1.50508e+08		-3.01466		0.381818		0.0414132		117.247
-1.45406e+08		-3.01466		0.381818		0.0612152		117.779
-1.40304e+08		-3.01466		0.381818		0.0697211		118.308
-1.35202e+08		-3.01466		0.381818		0.0414967		118.855
-1.301e+08		-3.01466		0.381818		0.0673934		119.384
-1.24998e+08		-3.01466		0.381818		0.102186		119.914
-1.19896e+08		-3.01466		0.381818		0.076428		120.443
-1.14794e+08		-3.01466		0.381818		0.106518		120.969
-1.09692e+08		-3.01466		0.381818		0.0711321		121.497
-1.0459e+08		-3.01466		0.381818		0.0560043		122.027
-9.94881e+07		-3.01466		0.381818		0.067819		122.555
-9.43861e+07		-3.01466		0.381818		0.0500435		123.084
-8.92842e+07		-3.01466		0.381818		0.0786455		123.614
-8.41822e+07		-3.01466		0.381818		0.0793382		124.144
-7.90803e+07		-3.01466		0.381818		0.0514927		124.674
-7.39783e+07		-3.01466		0.381818		0.0556407		125.204
-6.88764e+07		-3.01466		0.381818		0.0481286		125.731
-6.37744e+07		-3.01466		0.381818		0.100332		126.262
-5.86725e+07		-3.01466		0.381818		0.0871591		126.792
-5.35705e+07		-3.01466		0.381818		0.0660619		127.325
-4.84686e+07		-3.01466		0.381818		0.0490548		127.878
-4.33666e+07		-3.01466		0.381818		0.0901384		128.409
-3.82646e+07		-3.01466		0.381818		0.0440469		128.933
-3.31627e+07		-3.01466		0.381818		0.0435288		129.46
-2.80607e+07		-3.01466		0.381818		0.117493		129.988
-2.29588e+07		-3.01466		0.381818		0.119052		130.517
-1.78568e+07		-3.01466		0.381818		0.0762246		131.045
-1.27549e+07		-3.01466		0.381818		0.1193		131.572
-7.65293e+06		-3.01466		0.381818		0.0939718		132.1
-2.55098e+06		-3.01466		0.381818		0.0991134		132.629
2.55098e+06		-3.01466		0.381818		0.0991134		133.155
7.65293e+06		-3.01466		0.381818		0.0939718		133.68
1.27549e+07		-3.01466		0.381818		0.1193		134.21
1.78568e+07		-3.01466		0.381818		0.0762246		134.74
2.29588e+07		-3.01466		0.381818		0.119052		135.269
2.80607e+07		-3.01466		0.381818		0.117493		135.798
3.31627e+07		-3.01466		0.381818		0.0435288		136.347
3.82646e+07		-3.01466		0.381818		0.0440469		136.874
4.33666e+07		-3.01466		0.381818		0.0901384		137.404
4.84686e+07		-3.01466		0.381818		0.0490548		137.934
5.35705e+07		-3.01466		0.381818		0.0660619		138.464
5.86725e+07		-3.01466		0.381818		0.0871591		138.993
6.37744e+07		-3.01466		0.381818		0.100332		139.522
6.88764e+07		-3.01466		0.381818		0.0481286		140.052
7.39783e+07		-3.01466		0.381818		0.0556407		140.581
7.90803e+07		-3.01466		0.381818		0.0514927		141.111
8.41822e+07		-3.01466		0.381818		0.0793382		141.641
8.92842e+07		-3.01466		0.381818		0.0786455		142.171
9.43861e+07		-3.01466		0.381818		0.0500435		142.7
9.94881e+07		-3.01466		0.381818		0.067819		143.23
1.0459e+08		-3.01466		0.381818		0.0560043		143.76
1.09692e+08		-3.01466		0.381818		0.0711321		144.288
1.14794e+08		-3.01466		0.381818		0.106518		144.821
1.19896e+08		-3.01466		0.381818		0.076428		145.369
1.24998e+08		-3.01466		0.381818		0.102186		145.895
1.301e+08		-3.01466		0.381818		0.0673934		146.426
1.35202e+08		-3.01466		0.381818		0.0414967		146.954
1.40304e+08		-3.01466		0.381818		0.0697211		147.483
1.45406e+08		-3.01466		0.381818		0.0612152		148.012
1.50508e+08		-3.01466		0.381818		0.0414132		148.543
1.5561e+08		-3.01466		0.381818		0.0870942		149.072
1.60712e+08		-3.01466		0.381818		0.0808061		149.601
1.65813e+08		-3.01466		0.381818		0.084296		150.13
1.70915e+08		-3.01466		0.381818		0.0828623		150.66
1.76017e+08		-3.01466		0.381818		0.0410839		151.188
1.81119e+08		-3.01466		0.381818		0.091005		151.716
1.86221e+08		-3.01466		0.381818		0.0456257		152.246
1.91323e+08		-3.01466		0.381818		0.0638054		152.775
1.96425e+08		-3.01466		0.381818		0.0418232		153.305
2.01527e+08		-3.01466		0.381818		0.0497943		153.833
2.06629e+08		-3.01466		0.381818		0.0514471		154.381
2.11731e+08		-3.01466		0.381818		0.0476832		154.911
2.16833e+08		-3.01466		0.381818		0.0499856		155.44
2.21935e+08		-3.01466		0.381818		0.0472142		155.97
2.27037e+08		-3.01466		0.381818		0.0515085		156.5
2.32139e+08		-3.01466		0.381818		0.052236		157.03
2.37241e+08		-3.01466		0.381818		0.0435432		157.561
2.42343e+08		-3.01466		0.381818		0.0421624		158.092
2.47445e+08		-3.01466		0.381818		0.0394578		158.623
2.52547e+08		-3.01466		0.381818		0.0402463		159.152

-2.52547e+08		-2.95119		0.381818		0.0701915		159.684
-2.47445e+08		-2.95119		0.381818		0.0697431		160.214
-2.42343e+08		-2.95119		0.381818		0.0717818		160.745
-2.37241e+08		-2.95119		0.381818		0.0729231		161.275
-2.32139e+08		-2.95119		0.381818		0.0781354		161.806
-2.27037e+08		-2.95119		0.381818		0.0790207		162.335
-2.21935e+08		-2.95119		0.381818		0.0759425		162.884
-2.16833e+08		-2.95119		0.381818		0.0781743		163.415
-2.11731e+08		-2.95119		0.381818		0.0765403		163.946
-2.06629e+08		-2.95119		0.381818		0.0783862		164.478
-2.01527e+08		-2.95119		0.381818		0.0770547		165.009
-1.96425e+08		-2.95119		0.381818		0.0725451		165.539
-1.91323e+08		-2.95119		0.381818		0.0893931		166.069
-1.86221e+08		-2.95119		0.381818		0.0745876		166.598
-1.81119e+08		-2.95119		0.381818		0.110949		167.127
-1.76017e+08		-2.95119		0.381818		0.0719733		167.657
-1.70915e+08		-2.95119		0.381818		0.104511		168.186
-1.65813e+08		-2.95119		0.381818		0.103521		168.715
-1.60712e+08		-2.95119		0.381818		0.104632		169.244
-1.5561e+08		-2.95119		0.381818		0.108377		169.773
-1.50508e+08		-2.95119		0.381818		0.0723373		170.303
-1.45406e+08		-2.95119		0.381818		0.0884013		170.83
-1.40304e+08		-2.95119		0.381818		0.0960904		171.361
-1.35202e+08		-2.95119		0.381818		0.0724087		171.908
-1.301e+08		-2.95119		0.381818		0.0918765		172.436
-1.24998e+08		-2.95119		0.381818		0.120794		172.963
-1.19896e+08		-2.95119		0.381818		0.0978		173.492
-1.14794e+08		-2.95119		0.381818		0.122982		174.02
-1.09692e+08		-2.95119		0.381818		0.0953365		174.549
-1.0459e+08		-2.95119		0.381818		0.0827817		175.078
-9.94881e+07		-2.95119		0.381818		0.0924271		175.607
-9.43861e+07		-2.95119		0.381818		0.0782354		176.136
-8.92842e+07		-2.95119		0.381818		0.10001		176.666
-8.41822e+07		-2.95119		0.381818		0.102076		177.194
-7.90803e+07		-2.95119		0.381818		0.0793829		177.724
-7.39783e+07		-2.95119		0.381818		0.0837812		178.254
-6.88764e+07		-2.95119		0.381818		0.0777348		178.784
-6.37744e+07		-2.95119		0.381818		0.119312		179.312
-5.86725e+07		-2.95119		0.381818		0.107217		179.84
-5.35705e+07		-2.95119		0.381818		0.0924228		180.37
-4.84686e+07		-2.95119		0.381818		0.0768919		180.918
-4.33666e+07		-2.95119		0.381818		0.110488		181.447
-3.82646e+07		-2.95119		0.381818		0.0740467		181.975
-3.31627e+07		-2.95119		0.381818		0.0736157		182.503
-2.80607e+07		-2.95119		0.381818		0.134348		183.031
-2.29588e+07		-2.95119		0.381818		0.135703		183.56
-1.78568e+07		-2.95119		0.381818		0.0989027		184.088
-1.27549e+07		-2.95119		0.381818		0.135954		184.618
-7.65293e+06		-2.95119		0.381818		0.113599		185.146
-2.55098e+06		-2.95119		0.381818		0.118013		185.673
2.55098e+06		-2.95119		0.381818		0.118013		186.202
7.65293e+06		-2.95119		0.381818		0.113599		186.731
1.27549e+07		-2.95119		0.381818		0.135954		187.26
1.78568e+07		-2.95119		0.381818		0.0989027		187.79
2.29588e+07		-2.95119		0.381818		0.135703		188.32
2.80607e+07		-2.95119		0.381818		0.134348		188.849
3.31627e+07		-2.95119		0.381818		0.0736157		189.402
3.82646e+07		-2.95119		0.381818		0.0740467		189.934
4.33666e+07		-2.95119		0.381818		0.110488		190.464
4.84686e+07		-2.95119		0.381818		0.0768919		190.993
5.35705e+07		-2.95119		0.381818		0.0924228		191.522
5.86725e+07		-2.95119		0.381818		0.107217		192.052
6.37744e+07		-2.95119		0.381818		0.119312		192.582
6.88764e+07		-2.95119		0.381818		0.0777348		193.111
7.39783e+07		-2.95119		0.381818		0.0837812		193.64
7.90803e+07		-2.95119		0.381818		0.0793829		194.169
8.41822e+07		-2.95119		0.381818		0.102076		194.699
8.92842e+07		-2.95119		0.381818		0.10001		195.228
9.43861e+07		-2.95119		0.381818		0.0782354		195.757
9.94881e+07		-2.95119		0.381818		0.0924271		196.288
1.0459e+08		-2.95119		0.381818		0.0827817		196.818
1.09692e+08		-2.95119		0.381818		0.0953365		197.348
1.14794e+08		-2.95119		0.381818		0.122982		197.878
1.19896e+08		-2.95119		0.381818		0.0978		198.424
1.24998e+08		-2.95119		0.381818		0.120794		198.953
1.301e+08		-2.95119		0.381818		0.0918765		199.48
1.35202e+08		-2.95119		0.381818		0.0724087		200.009
1.40304e+08		-2.95119		0.381818		0.0960904		200.538
1.45406e+08		-2.95119		0.381818		0.0884013		201.067
1.50508e+08		-2.95119		0.381818		0.0723373		201.597
1.5561e+08		-2.95119		0.381818		0.108377		202.127
1.60712e+08		-2.95119		0.381818		0.104632		202.657
1.65813e+08		-2.95119		0.381818		0.103521		203.186
1.70915e+08		-2.95119		0.381818		0.104511		203.717
1.76017e+08		-2.95119		0.381818		0.0719733		204.247
1.81119e+08		-2.95119		0.381818		0.110949		204.774
1.86221e+08		-2.95119		0.381818		0.0745876		205.304
1.91323e+08		-2.95119		0.381818		0.0893931		205.833
1.96425e+08		-2.95119		0.381818		0.0725451		206.362
2.01527e+08		-2.95119		0.381818		0.0770547		206.913
2.06629e+08		-2.95119		0.381818		0.0783862		207.442
2.11731e+08		-2.95119		0.381818		0.0765403		207.973
2.16833e+08		-2.95119		0.381818		0.0781743		208.504
2.21935e+08		-2.95119		0.381818		0.0759425		209.035
2.27037e+08		-2.95119		0.381818		0.0790207		209.567
2.32139e+08		-2.95119		0.381818		0.0781354		210.098
2.37241e+08		-2.95119		0.381818		0.0729231		210.629
2.42343e+08		-2.95119		0.381818		0.0717818		211.159
2.47445e+08		-2.95119		0.381818		0.0697431		211.69
2.52547e+08		-2.95119		0.381818		0.0701915		212.221

-2.52547e+08		-2.88773		0.381818		0.10044		212.751
-2.47445e+08		-2.88773		0.381818		0.100192		213.282
-2.42343e+08		-2.88773		0.381818		0.101878		213.812
-2.37241e+08		-2.88773		0.381818		0.102899		214.343
-2.32139e+08		-2.88773		0.381818		0.106638		214.874
-2.27037e+08		-2.88773		0.381818		0.107926		215.406
-2.21935e+08		-2.88773		0.381818		0.105552		215.955
-2.16833e+08		-2.88773		0.381818		0.107454		216.486
-2.11731e+08		-2.88773		0.381818		0.106196		217.017
-2.06629e+08		-2.88773		0.381818		0.107362		217.548
-2.01527e+08		-2.88773		0.381818		0.106311		218.079
-1.96425e+08		-2.88773		0.381818		0.103281		218.609
-1.91323e+08		-2.88773		0.381818		0.116966		219.138
-1.86221e+08		-2.88773		0.381818		0.104661		219.667
-1.81119e+08		-2.88773		0.381818		0.134614		220.196
-1.76017e+08		-2.88773		0.381818		0.102866		220.726
-1.70915e+08		-2.88773		0.381818		0.129414		221.257
-1.65813e+08		-2.88773		0.381818		0.127426		221.786
-1.60712e+08		-2.88773		0.381818		0.130428		222.313
-1.5561e+08		-2.88773		0.381818		0.132912		222.843
-1.50508e+08		-2.88773		0.381818		0.10326		223.373
-1.45406e+08		-2.88773		0.381818		0.116955		223.904
-1.40304e+08		-2.88773		0.381818		0.123841		224.432
-1.35202e+08		-2.88773		0.381818		0.103324		224.981
-1.301e+08		-2.88773		0.381818		0.119097		225.511
-1.24998e+08		-2.88773		0.381818		0.143286		226.041
-1.19896e+08		-2.88773		0.381818		0.122995		226.571
-1.14794e+08		-2.88773		0.381818		0.144193		227.101
-1.09692e+08		-2.88773		0.381818		0.12223		227.632
-1.0459e+08		-2.88773		0.381818		0.111392		228.162
-9.94881e+07		-2.88773		0.381818		0.119314		228.691
-9.43861e+07		-2.88773		0.381818		0.1078		229.223
-8.92842e+07		-2.88773		0.381818		0.12524		229.753
-8.41822e+07		-2.88773		0.381818		0.12785		230.282
-7.90803e+07		-2.88773		0.381818		0.108665		230.812
-7.39783e+07		-2.88773		0.381818		0.112756		231.34
-6.88764e+07		-2.88773		0.381818		0.107781		231.871
-6.37744e+07		-2.88773		0.381818		0.141942		232.401
-5.86725e+07		-2.88773		0.381818		0.131256		232.931
-5.35705e+07		-2.88773		0.381818		0.120096		233.479
-4.84686e+07		-2.88773		0.381818		0.106457		234.01
-4.33666e+07		-2.88773		0.381818		0.13443		234.539
-3.82646e+07		-2.88773		0.381818		0.104499		235.069
-3.31627e+07		-2.88773		0.381818		0.104143		235.598
-2.80607e+07		-2.88773		0.381818		0.155206		236.123
-2.29588e+07		-2.88773		0.381818		0.156379		236.653
-1.78568e+07		-2.88773		0.381818		0.124627		237.181
-1.27549e+07		-2.88773		0.381818		0.156619		237.709
-7.65293e+06		-2.88773		0.381818		0.136972		238.238
-2.55098e+06		-2.88773		0.381818		0.140763		238.767
2.55098e+06		-2.88773		0.381818		0.140763		239.294
7.65293e+06		-2.88773		0.381818		0.136972		239.823
1.27549e+07		-2.88773		0.381818		0.156619		240.351
1.78568e+07		-2.88773		0.381818		0.124627		240.88
2.29588e+07		-2.88773		0.381818		0.156379		241.41
2.80607e+07		-2.88773		0.381818		0.155206		241.938
3.31627e+07		-2.88773		0.381818		0.104143		242.487
3.82646e+07		-2.88773		0.381818		0.104499		243.017
4.33666e+07		-2.88773		0.381818		0.13443		243.547
4.84686e+07		-2.88773		0.381818		0.106457		244.076
5.35705e+07		-2.88773		0.381818		0.120096		244.606
5.86725e+07		-2.88773		0.381818		0.131256		245.135
6.37744e+07		-2.88773		0.381818		0.141942		245.661
6.88764e+07		-2.88773		0.381818		0.107781		246.19
7.39783e+07		-2.88773		0.381818		0.112756		246.717
7.90803e+07		-2.88773		0.381818		0.108665		247.249
8.41822e+07		-2.88773		0.381818		0.12785		247.778
8.92842e+07		-2.88773		0.381818		0.12524		248.307
9.43861e+07		-2.88773		0.381818		0.1078		248.834
9.94881e+07		-2.88773		0.381818		0.119314		249.362
1.0459e+08		-2.88773		0.381818		0.111392		249.886
1.09692e+08		-2.88773		0.381818		0.12223		250.415
1.14794e+08		-2.88773		0.381818		0.144193		250.943
1.19896e+08		-2.88773		0.381818		0.122995		251.496
1.24998e+08		-2.88773		0.381818		0.143286		252.026
1.301e+08		-2.88773		0.381818		0.119097		252.556
1.35202e+08		-2.88773		0.381818		0.103324		253.085
1.40304e+08		-2.88773		0.381818		0.123841		253.614
1.45406e+08		-2.88773		0.381818		0.116955		254.143
1.50508e+08		-2.88773		0.381818		0.10326		254.672
1.5561e+08		-2.88773		0.381818		0.132912		255.202
1.60712e+08		-2.88773		0.381818		0.130428		255.732
1.65813e+08		-2.88773		0.381818		0.127426		256.261
1.70915e+08		-2.88773		0.381818		0.129414		256.791
1.76017e+08		-2.88773		0.381818		0.102866		257.319
1.81119e+08		-2.88773		0.381818		0.134614		257.849
1.86221e+08		-2.88773		0.381818		0.104661		258.379
1.91323e+08		-2.88773		0.381818		0.116966		258.908
1.96425e+08		-2.88773		0.381818		0.103281		259.438
2.01527e+08		-2.88773		0.381818		0.106311		259.988
2.06629e+08		-2.88773		0.381818		0.107362		260.52
2.11731e+08		-2.88773		0.381818		0.106196		261.049
2.16833e+08		-2.88773		0.381818		0.107454		261.575
2.21935e+08		-2.88773		0.381818		0.105552		262.102
2.27037e+08		-2.88773		0.381818		0.107926		262.631
2.32139e+08		-2.88773		0.381818		0.106638		263.162
2.37241e+08		-2.88773		0.381818		0.102899		263.692
2.42343e+08		-2.88773		0.381818		0.101878		264.222
2.47445e+08		-2.88773		0.381818		0.100192		264.749
2.52547e+08		-2.88773		0.381818		0.10044		265.279

-2.52547e+08		-2.82426		0.381818		0.130717		265.81
-2.47445e+08		-2.82426		0.381818		0.13062		266.341
-2.42343e+08		-2.82426		0.381818		0.132113		266.871
-2.37241e+08		-2.82426		0.381818		0.133076		267.401
-2.32139e+08		-2.82426		0.381818		0.136059		267.932
-2.27037e+08		-2.82426		0.381818		0.137441		268.463
-2.21935e+08		-2.82426		0.381818		0.135524		269.012
-2.16833e+08		-2.82426		0.381818		0.13721		269.542
-2.11731e+08		-2.82426		0.381818		0.136193		270.072
-2.06629e+08		-2.82426		0.381818		0.137065		270.603
-2.01527e+08		-2.82426		0.381818		0.136212		271.131
-1.96425e+08		-2.82426		0.381818		0.133969		271.661
-1.91323e+08		-2.82426		0.381818		0.145555		272.191
-1.86221e+08		-2.82426		0.381818		0.13503		272.722
-1.81119e+08		-2.82426		0.381818		0.160496		273.251
-1.76017e+08		-2.82426		0.381818		0.133684		273.78
-1.70915e+08		-2.82426		0.381818		0.156167		274.309
-1.65813e+08		-2.82426		0.381818		0.153813		274.836
-1.60712e+08		-2.82426		0.381818		0.1575		275.364
-1.5561e+08		-2.82426		0.381818		0.159345		275.893
-1.50508e+08		-2.82426		0.381818		0.134107		276.423
-1.45406e+08		-2.82426		0.381818		0.146138		276.953
-1.40304e+08		-2.82426		0.381818		0.152325		277.503
-1.35202e+08		-2.82426		0.381818		0.134166		278.033
-1.301e+08		-2.82426		0.381818		0.147565		278.563
-1.24998e+08		-2.82426		0.381818		0.168222		279.093
-1.19896e+08		-2.82426		0.381818		0.150224		279.621
-1.14794e+08		-2.82426		0.381818		0.16839		280.15
-1.09692e+08		-2.82426		0.381818		0.150413		280.681
-1.0459e+08		-2.82426		0.381818		0.140804		281.21
-9.94881e+07		-2.82426		0.381818		0.147486		281.739
-9.43861e+07		-2.82426		0.381818		0.137843		282.267
-8.92842e+07		-2.82426		0.381818		0.152437		282.797
-8.41822e+07		-2.82426		0.381818		0.155217		283.325
-7.90803e+07		-2.82426		0.381818		0.138509		283.855
-7.39783e+07		-2.82426		0.381818		0.142233		284.386
-6.88764e+07		-2.82426		0.381818		0.138021		284.916
-6.37744e+07		-2.82426		0.381818		0.166943		285.446
-5.86725e+07		-2.82426		0.381818		0.15753		285.975
-5.35705e+07		-2.82426		0.381818		0.148583		286.523
-4.84686e+07		-2.82426		0.381818		0.136564		287.05
-4.33666e+07		-2.82426		0.381818		0.160495		287.579
-3.82646e+07		-2.82426		0.381818		0.135071		288.109
-3.31627e+07		-2.82426		0.381818		0.134767		288.639
-2.80607e+07		-2.82426		0.381818		0.178773		289.169
-2.29588e+07		-2.82426		0.381818		0.179793		289.698
-1.78568e+07		-2.82426		0.381818		0.152011		290.227
-1.27549e+07		-2.82426		0.381818		0.180017		290.757
-7.65293e+06		-2.82426		0.381818		0.162616		291.282
-2.55098e+06		-2.82426		0.381818		0.165913		291.81
2.55098e+06		-2.82426		0.381818		0.165913		292.339
7.65293e+06		-2.82426		0.381818		0.162616		292.868
1.27549e+07		-2.82426		0.381818		0.180017		293.397
1.78568e+07		-2.82426		0.381818		0.152011		293.925
2.29588e+07		-2.82426		0.381818		0.179793		294.454
2.80607e+07		-2.82426		0.381818		0.178773		294.984
3.31627e+07		-2.82426		0.381818		0.134767		295.532
3.82646e+07		-2.82426		0.381818		0.135071		296.061
4.33666e+07		-2.82426		0.381818		0.160495		296.589
4.84686e+07		-2.82426		0.381818		0.136564		297.117
5.35705e+07		-2.82426		0.381818		0.148583		297.647
5.86725e+07		-2.82426		0.381818		0.15753		298.176
6.37744e+07		-2.82426		0.381818		0.166943		298.704
6.88764e+07		-2.82426		0.381818		0.138021		299.232
7.39783e+07		-2.82426		0.381818		0.142233		299.759
7.90803e+07		-2.82426		0.381818		0.138509		300.288
8.41822e+07		-2.82426		0.381818		0.155217		300.813
8.92842e+07		-2.82426		0.381818		0.152437		301.342
9.43861e+07		-2.82426		0.381818		0.137843		301.872
9.94881e+07		-2.82426		0.381818		0.147486		302.398
1.0459e+08		-2.82426		0.381818		0.140804		302.927
1.09692e+08		-2.82426		0.381818		0.150413		303.456
1.14794e+08		-2.82426		0.381818		0.16839		304.004
1.19896e+08		-2.82426		0.381818		0.150224		304.532
1.24998e+08		-2.82426		0.381818		0.168222		305.062
1.301e+08		-2.82426		0.381818		0.147565		305.589
1.35202e+08		-2.82426		0.381818		0.134166		306.119
1.40304e+08		-2.82426		0.381818		0.152325		306.648
1.45406e+08		-2.82426		0.381818		0.146138		307.176
1.50508e+08		-2.82426		0.381818		0.134107		307.708
1.5561e+08		-2.82426		0.381818		0.159345		308.237
1.60712e+08		-2.82426		0.381818		0.1575		308.767
1.65813e+08		-2.82426		0.381818		0.153813		309.297
1.70915e+08		-2.82426		0.381818		0.156167		309.826
1.76017e+08		-2.82426		0.381818		0.133684		310.356
1.81119e+08		-2.82426		0.381818		0.160496		310.886
1.86221e+08		-2.82426		0.381818		0.13503		311.414
1.91323e+08		-2.82426		0.381818		0.145555		311.943
1.96425e+08		-2.82426		0.381818		0.133969		312.473
2.01527e+08		-2.82426		0.381818		0.136212		313.024
2.06629e+08		-2.82426		0.381818		0.137065		313.554
2.11731e+08		-2.82426		0.381818		0.136193		314.085
2.16833e+08		-2.82426		0.381818		0.13721		314.615
2.21935e+08		-2.82426		0.381818		0.135524		315.145
2.27037e+08		-2.82426		0.381818		0.137441		315.673
2.32139e+08		-2.82426		0.381818		0.136059		316.203
2.37241e+08		-2.82426		0.381818		0.133076		316.729
2.42343e+08		-2.82426		0.381818		0.132113		317.258
2.47445e+08		-2.82426		0.381818		0.13062		317.789
2.52547e+08		-2.82426		0.381818		0.130717		318.319

-2.52547e+08		-2.76079		0.381818		0.160929		318.85
-2.47445e+08		-2.76079		0.381818		0.16096		319.381
-2.42343e+08		-2.76079		0.381818		0.162348		319.912
-2.37241e+08		-2.76079		0.381818		0.163288		320.443
-2.32139e+08		-2.76079		0.381818		0.165834		320.971
-2.27037e+08		-2.76079		0.381818		0.167224		321.502
-2.21935e+08		-2.76079		0.381818		0.165624		322.051
-2.16833e+08		-2.76079		0.381818		0.167164		322.581
-2.11731e+08		-2.76079		0.381818		0.166312		323.11
-2.06629e+08		-2.76079		0.381818		0.167042		323.641
-2.01527e+08		-2.76079		0.381818		0.166329		324.171
-1.96425e+08		-2.76079		0.381818		0.164564		324.699
-1.91323e+08		-2.76079		0.381818		0.174686		325.226
-1.86221e+08		-2.76079		0.381818		0.165449		325.753
-1.81119e+08		-2.76079		0.381818		0.187709		326.281
-1.76017e+08		-2.76079		0.381818		0.164385		326.808
-1.70915e+08		-2.76079		0.381818		0.183998		327.336
-1.65813e+08		-2.76079		0.381818		0.181544		327.863
-1.60712e+08		-2.76079		0.381818		0.185413		328.392
-1.5561e+08		-2.76079		0.381818		0.186915		328.921
-1.50508e+08		-2.76079		0.381818		0.164836		329.449
-1.45406e+08		-2.76079		0.381818		0.175639		329.975
-1.40304e+08		-2.76079		0.381818		0.181241		330.521
-1.35202e+08		-2.76079		0.381818		0.164893		331.048
-1.301e+08		-2.76079		0.381818		0.17665		331.578
-1.24998e+08		-2.76079		0.381818		0.194693		332.108
-1.19896e+08		-2.76079		0.381818		0.178534		332.638
-1.14794e+08		-2.76079		0.381818		0.194431		333.167
-1.09692e+08		-2.76079		0.381818		0.179265		333.697
-1.0459e+08		-2.76079		0.381818		0.170576		334.227
-9.94881e+07		-2.76079		0.381818		0.176364		334.757
-9.43861e+07		-2.76079		0.381818		0.168047		335.287
-8.92842e+07		-2.76079		0.381818		0.180683		335.817
-8.41822e+07		-2.76079		0.381818		0.183471		336.346
-7.90803e+07		-2.76079		0.381818		0.168576		336.875
-7.39783e+07		-2.76079		0.381818		0.171977		337.404
-6.88764e+07		-2.76079		0.381818		0.168317		337.934
-6.37744e+07		-2.76079		0.381818		0.193456		338.463
-5.86725e+07		-2.76079		0.381818		0.185081		338.993
-5.35705e+07		-2.76079		0.381818		0.177568		339.54
-4.84686e+07		-2.76079		0.381818		0.166838		340.069
-4.33666e+07		-2.76079		0.381818		0.187829		340.598
-3.82646e+07		-2.76079		0.381818		0.165625		341.126
-3.31627e+07		-2.76079		0.381818		0.165358		341.655
-2.80607e+07		-2.76079		0.381818		0.204144		342.184
-2.29588e+07		-2.76079		0.381818		0.205039		342.71
-1.78568e+07		-2.76079		0.381818		0.180326		343.24
-1.27549e+07		-2.76079		0.381818		0.205247		343.766
-7.65293e+06		-2.76079		0.381818		0.189643		344.295
-2.55098e+06		-2.76079		0.381818		0.192555		344.824
2.55098e+06		-2.76079		0.381818		0.192555		345.353
7.65293e+06		-2.76079		0.381818		0.189643		345.878
1.27549e+07		-2.76079		0.381818		0.205247		346.407
1.78568e+07		-2.76079		0.381818		0.180326		346.935
2.29588e+07		-2.76079		0.381818		0.205039		347.464
2.80607e+07		-2.76079		0.381818		0.204144		348.012
3.31627e+07		-2.76079		0.381818		0.165358		348.542
3.82646e+07		-2.76079		0.381818		0.165625		349.071
4.33666e+07		-2.76079		0.381818		0.187829		349.601
4.84686e+07		-2.76079		0.381818		0.166838		350.13
5.35705e+07		-2.76079		0.381818		0.177568		350.66
5.86725e+07		-2.76079		0.381818		0.185081		351.19
6.37744e+07		-2.76079		0.381818		0.193456		351.72
6.88764e+07		-2.76079		0.381818		0.168317		352.249
7.39783e+07		-2.76079		0.381818		0.171977		352.781
7.90803e+07		-2.76079		0.381818		0.168576		353.31
8.41822e+07		-2.76079		0.381818		0.183471		353.84
8.92842e+07		-2.76079		0.381818		0.180683		354.37
9.43861e+07		-2.76079		0.381818		0.168047		354.9
9.94881e+07		-2.76079		0.381818		0.176364		355.429
1.0459e+08		-2.76079		0.381818		0.170576		355.96
1.09692e+08		-2.76079		0.381818		0.179265		356.49
1.14794e+08		-2.76079		0.381818		0.194431		357.037
1.19896e+08		-2.76079		0.381818		0.178534		357.565
1.24998e+08		-2.76079		0.381818		0.194693		358.096
1.301e+08		-2.76079		0.381818		0.17665		358.626
1.35202e+08		-2.76079		0.381818		0.164893		359.156
1.40304e+08		-2.76079		0.381818		0.181241		359.686
1.45406e+08		-2.76079		0.381818		0.175639		360.216
1.50508e+08		-2.76079		0.381818		0.164836		360.743
1.5561e+08		-2.76079		0.381818		0.186915		361.273
1.60712e+08		-2.76079		0.381818		0.185413		361.801
1.65813e+08		-2.76079		0.381818		0.181544		362.331
1.70915e+08		-2.76079		0.381818		0.183998		362.861
1.76017e+08		-2.76079		0.381818		0.164385		363.389
1.81119e+08		-2.76079		0.381818		0.187709		363.919
1.86221e+08		-2.76079		0.381818		0.165449		364.448
1.91323e+08		-2.76079		0.381818		0.174686		364.978
1.96425e+08		-2.76079		0.381818		0.164564		365.51
2.01527e+08		-2.76079		0.381818		0.166329		366.061
2.06629e+08		-2.76079		0.381818		0.167042		366.593
2.11731e+08		-2.76079		0.381818		0.166312		367.123
2.16833e+08		-2.76079		0.381818		0.167164		367.656
2.21935e+08		-2.76079		0.381818		0.165624		368.188
2.27037e+08		-2.76079		0.381818		0.167224		368.719
2.32139e+08		-2.76079		0.381818		0.165834		369.248
2.37241e+08		-2.76079		0.381818		0.163288		369.776
2.42343e+08		-2.76079		0.381818		0.162348		370.306
2.47445e+08		-2.76079		0.381818		0.16096		370.832
2.52547e+08		-2.76079		0.381818		0.160929		371.362

-2.52547e+08		-2.69733		0.381818		0.191025		371.913
-2.47445e+08		-2.69733		0.381818		0.191169		372.463
-2.42343e+08		-2.69733		0.381818		0.192504		372.994
-2.37241e+08		-2.69733		0.381818		0.193443		373.525
-2.32139e+08		-2.69733		0.381818		0.19572		374.056
-2.27037e+08		-2.69733		0.381818		0.197094		374.609
-2.21935e+08		-2.69733		0.381818		0.195724		375.139
-2.16833e+08		-2.69733		0.381818		0.197163		375.668
-2.11731e+08		-2.69733		0.381818		0.19643		376.199
-2.06629e+08		-2.69733		0.381818		0.197088		376.73
-2.01527e+08		-2.69733		0.381818		0.196476		377.26
-1.96425e+08		-2.69733		0.381818		0.195027		377.787
-1.91323e+08		-2.69733		0.381818		0.204092		378.315
-1.86221e+08		-2.69733		0.381818		0.195808		378.844
-1.81119e+08		-2.69733		0.381818		0.215722		379.372
-1.76017e+08		-2.69733		0.381818		0.194935		379.901
-1.70915e+08		-2.69733		0.381818		0.21246		380.431
-1.65813e+08		-2.69733		0.381818		0.210013		380.958
-1.60712e+08		-2.69733		0.381818		0.213863		381.487
-1.5561e+08		-2.69733		0.381818		0.215167		382.016
-1.50508e+08		-2.69733		0.381818		0.195414		382.546
-1.45406e+08		-2.69733		0.381818		0.205282		383.076
-1.40304e+08		-2.69733		0.381818		0.210403		383.639
-1.35202e+08		-2.69733		0.381818		0.19547		384.169
-1.301e+08		-2.69733		0.381818		0.206036		384.697
-1.24998e+08		-2.69733		0.381818		0.222129		385.227
-1.19896e+08		-2.69733		0.381818		0.207418		385.757
-1.14794e+08		-2.69733		0.381818		0.221609		386.286
-1.09692e+08		-2.69733		0.381818		0.208465		386.815
-1.0459e+08		-2.69733		0.381818		0.200481		387.344
-9.94881e+07		-2.69733		0.381818		0.205615		387.872
-9.43861e+07		-2.69733		0.381818		0.198262		388.4
-8.92842e+07		-2.69733		0.381818		0.209493		388.929
-8.41822e+07		-2.69733		0.381818		0.212224		389.457
-7.90803e+07		-2.69733		0.381818		0.198691		389.986
-7.39783e+07		-2.69733		0.381818		0.201828		390.514
-6.88764e+07		-2.69733		0.381818		0.198577		391.043
-6.37744e+07		-2.69733		0.381818		0.220927		391.572
-5.86725e+07		-2.69733		0.381818		0.213369		392.101
-5.35705e+07		-2.69733		0.381818		0.206833		392.648
-4.84686e+07		-2.69733		0.381818		0.197113		393.178
-4.33666e+07		-2.69733		0.381818		0.215927		393.706
-3.82646e+07		-2.69733		0.381818		0.196085		394.232
-3.31627e+07		-2.69733		0.381818		0.195844		394.761
-2.80607e+07		-2.69733		0.381818		0.23071		395.291
-2.29588e+07		-2.69733		0.381818		0.231503		395.821
-1.78568e+07		-2.69733		0.381818		0.20916		396.347
-1.27549e+07		-2.69733		0.381818		0.231696		396.876
-7.65293e+06		-2.69733		0.381818		0.217513		397.405
-2.55098e+06		-2.69733		0.381818		0.220125		397.934
2.55098e+06		-2.69733		0.381818		0.220125		398.464
7.65293e+06		-2.69733		0.381818		0.217513		398.992
1.27549e+07		-2.69733		0.381818		0.231696		399.522
1.78568e+07		-2.69733		0.381818		0.20916		400.052
2.29588e+07		-2.69733		0.381818		0.231503		400.58
2.80607e+07		-2.69733		0.381818		0.23071		401.128
3.31627e+07		-2.69733		0.381818		0.195844		401.657
3.82646e+07		-2.69733		0.381818		0.196085		402.186
4.33666e+07		-2.69733		0.381818		0.215927		402.714
4.84686e+07		-2.69733		0.381818		0.197113		403.243
5.35705e+07		-2.69733		0.381818		0.206833		403.771
5.86725e+07		-2.69733		0.381818		0.213369		404.3
6.37744e+07		-2.69733		0.381818		0.220927		404.829
6.88764e+07		-2.69733		0.381818		0.198577		405.359
7.39783e+07		-2.69733		0.381818		0.201828		405.887
7.90803e+07		-2.69733		0.381818		0.198691		406.414
8.41822e+07		-2.69733		0.381818		0.212224		406.943
8.92842e+07		-2.69733		0.381818		0.209493		407.472
9.43861e+07		-2.69733		0.381818		0.198262		408.001
9.94881e+07		-2.69733		0.381818		0.205615		408.529
1.0459e+08		-2.69733		0.381818		0.200481		409.055
1.09692e+08		-2.69733		0.381818		0.208465		409.585
1.14794e+08		-2.69733		0.381818		0.221609		410.132
1.19896e+08		-2.69733		0.381818		0.207418		410.661
1.24998e+08		-2.69733		0.381818		0.222129		411.189
1.301e+08		-2.69733		0.381818		0.206036		411.717
1.35202e+08		-2.69733		0.381818		0.19547		412.247
1.40304e+08		-2.69733		0.381818		0.210403		412.777
1.45406e+08		-2.69733		0.381818		0.205282		413.304
1.50508e+08		-2.69733		0.381818		0.195414		413.833
1.5561e+08		-2.69733		0.381818		0.215167		414.361
1.60712e+08		-2.69733		0.381818		0.213863		414.889
1.65813e+08		-2.69733		0.381818		0.210013		415.417
1.70915e+08		-2.69733		0.381818		0.21246		415.946
1.76017e+08		-2.69733		0.381818		0.194935		416.474
1.81119e+08		-2.69733		0.381818		0.215722		417.004
1.86221e+08		-2.69733		0.381818		0.195808		417.532
1.91323e+08		-2.69733		0.381818		0.204092		418.062
1.96425e+08		-2.69733		0.381818		0.195027		418.612
2.01527e+08		-2.69733		0.381818		0.196476		419.142
2.06629e+08		-2.69733		0.381818		0.197088		419.671
2.11731e+08		-2.69733		0.381818		0.19643		420.201
2.16833e+08		-2.69733		0.381818		0.197163		420.731
2.21935e+08		-2.69733		0.381818		0.195724		421.262
2.27037e+08		-2.69733		0.381818		0.197094		421.792
2.32139e+08		-2.69733		0.381818		0.19572		422.324
2.37241e+08		-2.69733		0.381818		0.193443		422.853
2.42343e+08		-2.69733		0.381818		0.192504		423.382
2.47445e+08		-2.69733		0.381818		0.191169		423.912
2.52547e+08		-2.69733		0.381818		0.191025		424.461

-2.52547e+08		-2.63386		0.381818		0.220965		425.013
-2.47445e+08		-2.63386		0.381818		0.221214		425.566
-2.42343e+08		-2.63386		0.381818		0.22253		426.116
-2.37241e+08		-2.63386		0.381818		0.22348		426.667
-2.32139e+08		-2.63386		0.381818		0.225587		427.217
-2.27037e+08		-2.63386		0.381818		0.22694		427.787
-2.21935e+08		-2.63386		0.381818		0.225744		428.338
-2.16833e+08		-2.63386		0.381818		0.227112		428.888
-2.11731e+08		-2.63386		0.381818		0.226465		429.418
-2.06629e+08		-2.63386		0.381818		0.227088		429.968
-2.01527e+08		-2.63386		0.381818		0.226553		430.516
-1.96425e+08		-2.63386		0.381818		0.225322		431.046
-1.91323e+08		-2.63386		0.381818		0.233607		431.592
-1.86221e+08		-2.63386		0.381818		0.226039		432.12
-1.81119e+08		-2.63386		0.381818		0.244208		432.668
-1.76017e+08		-2.63386		0.381818		0.225303		433.197
-1.70915e+08		-2.63386		0.381818		0.241275		433.744
-1.65813e+08		-2.63386		0.381818		0.238876		434.292
-1.60712e+08		-2.63386		0.381818		0.242633		434.841
-1.5561e+08		-2.63386		0.381818		0.243817		435.388
-1.50508e+08		-2.63386		0.381818		0.22581		435.916
-1.45406e+08		-2.63386		0.381818		0.234954		436.465
-1.40304e+08		-2.63386		0.381818		0.239683		437.014
-1.35202e+08		-2.63386		0.381818		0.225865		437.543
-1.301e+08		-2.63386		0.381818		0.235541		438.087
-1.24998e+08		-2.63386		0.381818		0.250162		438.63
-1.19896e+08		-2.63386		0.381818		0.236585		439.159
-1.14794e+08		-2.63386		0.381818		0.249482		439.704
-1.09692e+08		-2.63386		0.381818		0.237821		440.25
-1.0459e+08		-2.63386		0.381818		0.230387		440.78
-9.94881e+07		-2.63386		0.381818		0.235032		441.329
-9.43861e+07		-2.63386		0.381818		0.228396		441.854
-8.92842e+07		-2.63386		0.381818		0.238591		442.402
-8.41822e+07		-2.63386		0.381818		0.241242		442.952
-7.90803e+07		-2.63386		0.381818		0.228751		443.481
-7.39783e+07		-2.63386		0.381818		0.231679		444.008
-6.88764e+07		-2.63386		0.381818		0.228735		444.537
-6.37744e+07		-2.63386		0.381818		0.24899		445.064
-5.86725e+07		-2.63386		0.381818		0.242071		445.633
-5.35705e+07		-2.63386		0.381818		0.236227		446.182
-4.84686e+07		-2.63386		0.381818		0.227297		446.712
-4.33666e+07		-2.63386		0.381818		0.244471		447.241
-3.82646e+07		-2.63386		0.381818		0.226398		447.769
-3.31627e+07		-2.63386		0.381818		0.226176		448.297
-2.80607e+07		-2.63386		0.381818		0.25806		448.826
-2.29588e+07		-2.63386		0.381818		0.258769		449.375
-1.78568e+07		-2.63386		0.381818		0.238263		449.899
-1.27549e+07		-2.63386		0.381818		0.258949		450.446
-7.65293e+06		-2.63386		0.381818		0.245885		450.974
-2.55098e+06		-2.63386		0.381818		0.248263		451.502
2.55098e+06		-2.63386		0.381818		0.248263		452.05
7.65293e+06		-2.63386		0.381818		0.245885		452.579
1.27549e+07		-2.63386		0.381818		0.258949		453.123
1.78568e+07		-2.63386		0.381818		0.238263		453.652
2.29588e+07		-2.63386		0.381818		0.258769		454.201
2.80607e+07		-2.63386		0.381818		0.25806		454.767
3.31627e+07		-2.63386		0.381818		0.226176		455.297
3.82646e+07		-2.63386		0.381818		0.226398		455.824
4.33666e+07		-2.63386		0.381818		0.244471		456.353
4.84686e+07		-2.63386		0.381818		0.227297		456.88
5.35705e+07		-2.63386		0.381818		0.236227		457.427
5.86725e+07		-2.63386		0.381818		0.242071		457.956
6.37744e+07		-2.63386		0.381818		0.24899		458.503
6.88764e+07		-2.63386		0.381818		0.228735		459.03
7.39783e+07		-2.63386		0.381818		0.231679		459.558
7.90803e+07		-2.63386		0.381818		0.228751		460.084
8.41822e+07		-2.63386		0.381818		0.241242		460.613
8.92842e+07		-2.63386		0.381818		0.238591		461.159
9.43861e+07		-2.63386		0.381818		0.228396		461.689
9.94881e+07		-2.63386		0.381818		0.235032		462.218
1.0459e+08		-2.63386		0.381818		0.230387		462.746
1.09692e+08		-2.63386		0.381818		0.237821		463.296
1.14794e+08		-2.63386		0.381818		0.249482		463.86
1.19896e+08		-2.63386		0.381818		0.236585		464.407
1.24998e+08		-2.63386		0.381818		0.250162		464.955
1.301e+08		-2.63386		0.381818		0.235541		465.484
1.35202e+08		-2.63386		0.381818		0.225865		466.012
1.40304e+08		-2.63386		0.381818		0.239683		466.561
1.45406e+08		-2.63386		0.381818		0.234954		467.109
1.50508e+08		-2.63386		0.381818		0.22581		467.639
1.5561e+08		-2.63386		0.381818		0.243817		468.185
1.60712e+08		-2.63386		0.381818		0.242633		468.734
1.65813e+08		-2.63386		0.381818		0.238876		469.282
1.70915e+08		-2.63386		0.381818		0.241275		469.83
1.76017e+08		-2.63386		0.381818		0.225303		470.361
1.81119e+08		-2.63386		0.381818		0.244208		470.89
1.86221e+08		-2.63386		0.381818		0.226039		471.421
1.91323e+08		-2.63386		0.381818		0.233607		471.951
1.96425e+08		-2.63386		0.381818		0.225322		472.501
2.01527e+08		-2.63386		0.381818		0.226553		473.031
2.06629e+08		-2.63386		0.381818		0.227088		473.578
2.11731e+08		-2.63386		0.381818		0.226465		474.107
2.16833e+08		-2.63386		0.381818		0.227112		474.636
2.21935e+08		-2.63386		0.381818		0.225744		475.186
2.27037e+08		-2.63386		0.381818		0.22694		475.735
2.32139e+08		-2.63386		0.381818		0.225587		476.285
2.37241e+08		-2.63386		0.381818		0.22348		476.836
2.42343e+08		-2.63386		0.381818		0.22253		477.386
2.47445e+08		-2.63386		0.381818		0.221214		477.934
