# phi		energy
-0.3141592654		3.269598972e-23
-0.3141592654		3.266708993e-23
-0.3141592654		3.262555765e-23
-0.3141592654		3.261036704e-23
-0.3141592654		3.257414379e-23
-0.3141592654		3.255070715e-23
-0.3141592654		3.251540148e-23
-0.3141592654		3.249744165e-23
-0.3141592654		3.247863548e-23
-0.3141592654		3.243218943e-23
-0.3141592654		3.241614674e-23
-0.3141592654		3.236737298e-23
-0.3141592654		3.232368567e-23
-0.3141592654		3.228578156e-23
-0.3141592654		3.224597639e-23
-0.3141592654		3.219116525e-23
-0.3141592654		3.216305373e-23
-0.3141592654		3.211958572e-23
-0.3141592654		3.209154924e-23
-0.3141592654		3.203744176e-23
-0.3141592654		3.202822899e-23
-0.3141592654		3.197528425e-23
-0.3141592654		3.194765532e-23
-0.3141592654		3.19170967e-23
-0.3141592654		3.187724348e-23
-0.3141592654		3.185038653e-23
-0.3141592654		3.182958514e-23
-0.3141592654		3.180582377e-23
-0.3141592654		3.177640393e-23
-0.3141592654		3.17362568e-23
-0.3141592654		3.169705828e-23
-0.3141592654		3.167801974e-23
-0.3141592654		3.164526045e-23
-0.3141592654		3.163413717e-23
-0.3141592654		3.160201471e-23
-0.3141592654		3.156596458e-23
-0.3141592654		3.154182497e-23
-0.3141592654		3.149102135e-23
-0.3141592654		3.146132713e-23
-0.3141592654		3.145454036e-23
-0.3141592654		3.142445565e-23
-0.3141592654		3.139671979e-23
-0.3141592654		3.13787784e-23
-0.3141592654		3.135481969e-23
-0.3141592654		3.134671818e-23
-0.3141592654		3.131045566e-23
-0.3141592654		3.129412115e-23
-0.3141592654		3.12592419e-23
-0.3141592654		3.124368776e-23
-0.3141592654		3.120311544e-23
-0.3141592654		3.118601573e-23
-0.3141592654		3.116094696e-23
-0.3141592654		3.111486573e-23
-0.3141592654		3.109585727e-23
-0.3141592654		3.104679825e-23
-0.3141592654		3.095490265e-23
-0.3141592654		3.094133362e-23
-0.3141592654		3.082389622e-23
-0.3141592654		3.075405369e-23
-0.3141592654		3.060251627e-23
-0.3141592654		3.037992959e-23
-0.3141592654		2.701825444e-23

-0.1157428872		3.274434119e-23
-0.1157428872		3.273353681e-23
-0.1157428872		3.269778361e-23
-0.1157428872		3.265295629e-23
-0.1157428872		3.259899154e-23
-0.1157428872		3.258091417e-23
-0.1157428872		3.255099002e-23
-0.1157428872		3.253678274e-23
-0.1157428872		3.25224272e-23
-0.1157428872		3.248505971e-23
-0.1157428872		3.244405845e-23
-0.1157428872		3.243154202e-23
-0.1157428872		3.242349898e-23
-0.1157428872		3.237206749e-23
-0.1157428872		3.235335687e-23
-0.1157428872		3.232417054e-23
-0.1157428872		3.23000431e-23
-0.1157428872		3.228116171e-23
-0.1157428872		3.223119822e-23
-0.1157428872		3.221669562e-23
-0.1157428872		3.217952814e-23
-0.1157428872		3.215712096e-23
-0.1157428872		3.214360088e-23
-0.1157428872		3.21202379e-23
-0.1157428872		3.210364734e-23
-0.1157428872		3.208786811e-23
-0.1157428872		3.205719362e-23
-0.1157428872		3.204334666e-23
-0.1157428872		3.202663346e-23
-0.1157428872		3.200805141e-23
-0.1157428872		3.199192028e-23
-0.1157428872		3.198463109e-23
-0.1157428872		3.196396847e-23
-0.1157428872		3.19306402e-23
-0.1157428872		3.190165768e-23
-0.1157428872		3.187559888e-23
-0.1157428872		3.186538135e-23
-0.1157428872		3.186176921e-23
-0.1157428872		3.183295726e-23
-0.1157428872		3.182629629e-23
-0.1157428872		3.180965956e-23
-0.1157428872		3.179024732e-23
-0.1157428872		3.177217499e-23
-0.1157428872		3.174699366e-23
-0.1157428872		3.172267916e-23
-0.1157428872		3.170804702e-23
-0.1157428872		3.167319918e-23
-0.1157428872		3.166673169e-23
-0.1157428872		3.164938857e-23
-0.1157428872		3.160294196e-23
-0.1157428872		3.156036248e-23
-0.1157428872		3.154615188e-23
-0.1157428872		3.151380012e-23
-0.1157428872		3.147628915e-23
-0.1157428872		3.145817483e-23
-0.1157428872		3.135863989e-23
-0.1157428872		3.132724442e-23
-0.1157428872		3.116039524e-23
-0.1157428872		3.113243161e-23
-0.1157428872		3.102067891e-23
-0.1157428872		3.08165053e-23
-0.1157428872		2.726179414e-23

0.08267349088		3.274821806e-23
0.08267349088		3.273625484e-23
0.08267349088		3.270620627e-23
0.08267349088		3.265420841e-23
0.08267349088		3.260239604e-23
0.08267349088		3.25875548e-23
0.08267349088		3.256122278e-23
0.08267349088		3.254045959e-23
0.08267349088		3.251985143e-23
0.08267349088		3.24807368e-23
0.08267349088		3.245107453e-23
0.08267349088		3.243921009e-23
0.08267349088		3.242472512e-23
0.08267349088		3.237683317e-23
0.08267349088		3.235391969e-23
0.08267349088		3.233278179e-23
0.08267349088		3.230082436e-23
0.08267349088		3.22978331e-23
0.08267349088		3.224870651e-23
0.08267349088		3.222789921e-23
0.08267349088		3.218914526e-23
0.08267349088		3.217684795e-23
0.08267349088		3.216030292e-23
0.08267349088		3.213613179e-23
0.08267349088		3.211170041e-23
0.08267349088		3.210138763e-23
0.08267349088		3.207057507e-23
0.08267349088		3.205731653e-23
0.08267349088		3.204128338e-23
0.08267349088		3.202852484e-23
0.08267349088		3.201430067e-23
0.08267349088		3.200312226e-23
0.08267349088		3.198894535e-23
0.08267349088		3.195831921e-23
0.08267349088		3.193012507e-23
0.08267349088		3.190253382e-23
0.08267349088		3.189449999e-23
0.08267349088		3.188920427e-23
0.08267349088		3.186856886e-23
0.08267349088		3.18563366e-23
0.08267349088		3.184395279e-23
0.08267349088		3.182485096e-23
0.08267349088		3.180119533e-23
0.08267349088		3.177478349e-23
0.08267349088		3.175445613e-23
0.08267349088		3.173870383e-23
0.08267349088		3.170366337e-23
0.08267349088		3.169814499e-23
0.08267349088		3.167784226e-23
0.08267349088		3.163457161e-23
0.08267349088		3.159003873e-23
0.08267349088		3.157697617e-23
0.08267349088		3.154563644e-23
0.08267349088		3.150382925e-23
0.08267349088		3.149294491e-23
0.08267349088		3.13909362e-23
0.08267349088		3.135851888e-23
0.08267349088		3.118671877e-23
0.08267349088		3.115525387e-23
0.08267349088		3.105886693e-23
0.08267349088		3.085193399e-23
0.08267349088		2.728064671e-23

0.281089869		3.269988334e-23
0.281089869		3.267707085e-23
0.281089869		3.263940179e-23
0.281089869		3.262603382e-23
0.281089869		3.257772404e-23
0.281089869		3.255406285e-23
0.281089869		3.252827619e-23
0.281089869		3.250730485e-23
0.281089869		3.249259336e-23
0.281089869		3.245100153e-23
0.281089869		3.242660688e-23
0.281089869		3.238409212e-23
0.281089869		3.23405868e-23
0.281089869		3.230865635e-23
0.281089869		3.227327243e-23
0.281089869		3.222294928e-23
0.281089869		3.219122275e-23
0.281089869		3.215904154e-23
0.281089869		3.212892337e-23
0.281089869		3.207285663e-23
0.281089869		3.206731769e-23
0.281089869		3.201965492e-23
0.281089869		3.199902321e-23
0.281089869		3.197154582e-23
0.281089869		3.192751622e-23
0.281089869		3.190087138e-23
0.281089869		3.188902782e-23
0.281089869		3.187044611e-23
0.281089869		3.184079211e-23
0.281089869		3.180204992e-23
0.281089869		3.176491083e-23
0.281089869		3.174328546e-23
0.281089869		3.171935723e-23
0.281089869		3.17019886e-23
0.281089869		3.166836585e-23
0.281089869		3.163982562e-23
0.281089869		3.161592625e-23
0.281089869		3.157050466e-23
0.281089869		3.154360016e-23
0.281089869		3.153752923e-23
0.281089869		3.150384778e-23
0.281089869		3.148144509e-23
0.281089869		3.146739555e-23
0.281089869		3.144581259e-23
0.281089869		3.143327575e-23
0.281089869		3.140075203e-23
0.281089869		3.138039392e-23
0.281089869		3.135307835e-23
0.281089869		3.133712179e-23
0.281089869		3.129441398e-23
0.281089869		3.127215905e-23
0.281089869		3.124814852e-23
0.281089869		3.12000988e-23
0.281089869		3.118714764e-23
0.281089869		3.113940527e-23
0.281089869		3.104568247e-23
0.281089869		3.10275687e-23
0.281089869		3.090478589e-23
0.281089869		3.08431242e-23
0.281089869		3.069344065e-23
0.281089869		3.04772736e-23
0.281089869		2.707421152e-23

0.4795062471		3.264768386e-23
0.4795062471		3.260071872e-23
0.4795062471		3.258190813e-23
0.4795062471		3.254481188e-23
0.4795062471		3.251141541e-23
0.4795062471		3.246973768e-23
0.4795062471		3.245188795e-23
0.4795062471		3.240637084e-23
0.4795062471		3.232254745e-23
0.4795062471		3.229047915e-23
0.4795062471		3.22652069e-23
0.4795062471		3.223126181e-23
0.4795062471		3.219694827e-23
0.4795062471		3.213470286e-23
0.4795062471		3.208643392e-23
0.4795062471		3.198368696e-23
0.4795062471		3.194572533e-23
0.4795062471		3.186819756e-23
0.4795062471		3.183021132e-23
0.4795062471		3.177680558e-23
0.4795062471		3.171356573e-23
0.4795062471		3.167762676e-23
0.4795062471		3.159606324e-23
0.4795062471		3.15324013e-23
0.4795062471		3.151823528e-23
0.4795062471		3.147185114e-23
0.4795062471		3.142769231e-23
0.4795062471		3.138635374e-23
0.4795062471		3.133725929e-23
0.4795062471		3.12944017e-23
0.4795062471		3.126039167e-23
0.4795062471		3.123821568e-23
0.4795062471		3.120095551e-23
0.4795062471		3.115925149e-23
0.4795062471		3.112230604e-23
0.4795062471		3.106695635e-23
0.4795062471		3.102320629e-23
0.4795062471		3.098942978e-23
0.4795062471		3.095674973e-23
0.4795062471		3.091921945e-23
0.4795062471		3.089313247e-23
0.4795062471		3.085721963e-23
0.4795062471		3.081256633e-23
0.4795062471		3.079810522e-23
0.4795062471		3.079328675e-23
0.4795062471		3.073483857e-23
0.4795062471		3.070794139e-23
0.4795062471		3.066392949e-23
0.4795062471		3.065197052e-23
0.4795062471		3.062622214e-23
0.4795062471		3.060502973e-23
0.4795062471		3.058500691e-23
0.4795062471		3.055542766e-23
0.4795062471		3.051477704e-23
0.4795062471		3.044560279e-23
0.4795062471		3.039110512e-23
0.4795062471		3.036563967e-23
0.4795062471		3.026701161e-23
0.4795062471		3.017062097e-23
0.4795062471		3.002382427e-23
0.4795062471		2.976531474e-23
0.4795062471		2.664852788e-23

0.6779226252		3.254645569e-23
0.6779226252		3.251130937e-23
0.6779226252		3.2487498e-23
0.6779226252		3.243254291e-23
0.6779226252		3.232509613e-23
0.6779226252		3.228233088e-23
0.6779226252		3.225004501e-23
0.6779226252		3.217327019e-23
0.6779226252		3.207544937e-23
0.6779226252		3.196547823e-23
0.6779226252		3.192093316e-23
0.6779226252		3.186695873e-23
0.6779226252		3.185895479e-23
0.6779226252		3.180192746e-23
0.6779226252		3.172719023e-23
0.6779226252		3.159671171e-23
0.6779226252		3.147643357e-23
0.6779226252		3.141627625e-23
0.6779226252		3.13129298e-23
0.6779226252		3.126965226e-23
0.6779226252		3.114214264e-23
0.6779226252		3.107562841e-23
0.6779226252		3.098037881e-23
0.6779226252		3.087528903e-23
0.6779226252		3.085380256e-23
0.6779226252		3.0779058e-23
0.6779226252		3.073028977e-23
0.6779226252		3.067511441e-23
0.6779226252		3.061242487e-23
0.6779226252		3.052422907e-23
0.6779226252		3.050268336e-23
0.6779226252		3.04478549e-23
0.6779226252		3.038328927e-23
0.6779226252		3.032322143e-23
0.6779226252		3.029122007e-23
0.6779226252		3.019967559e-23
0.6779226252		3.01694729e-23
0.6779226252		3.01316489e-23
0.6779226252		3.009116361e-23
0.6779226252		3.005812728e-23
0.6779226252		2.998304193e-23
0.6779226252		2.994249979e-23
0.6779226252		2.991031378e-23
0.6779226252		2.987337651e-23
0.6779226252		2.985645675e-23
0.6779226252		2.978594573e-23
0.6779226252		2.973892758e-23
0.6779226252		2.972540531e-23
0.6779226252		2.968341036e-23
0.6779226252		2.965554845e-23
0.6779226252		2.962412375e-23
0.6779226252		2.961147173e-23
0.6779226252		2.958436357e-23
0.6779226252		2.953846526e-23
0.6779226252		2.946940486e-23
0.6779226252		2.943867073e-23
0.6779226252		2.937924491e-23
0.6779226252		2.929738951e-23
0.6779226252		2.919274845e-23
0.6779226252		2.906191982e-23
0.6779226252		2.877439791e-23
0.6779226252		2.601269066e-23

0.8763390034		3.246441147e-23
0.8763390034		3.233556867e-23
0.8763390034		3.226977511e-23
0.8763390034		3.217989385e-23
0.8763390034		3.207503384e-23
0.8763390034		3.19577115e-23
0.8763390034		3.185591396e-23
0.8763390034		3.173437008e-23
0.8763390034		3.166918741e-23
0.8763390034		3.149611106e-23
0.8763390034		3.145572314e-23
0.8763390034		3.138150626e-23
0.8763390034		3.12519182e-23
0.8763390034		3.122858282e-23
0.8763390034		3.112668484e-23
0.8763390034		3.104723712e-23
0.8763390034		3.084211227e-23
0.8763390034		3.068740377e-23
0.8763390034		3.059269078e-23
0.8763390034		3.047580295e-23
0.8763390034		3.03924494e-23
0.8763390034		3.02419101e-23
0.8763390034		3.0101026e-23
0.8763390034		3.001139532e-23
0.8763390034		2.995236353e-23
0.8763390034		2.989770914e-23
0.8763390034		2.979487487e-23
0.8763390034		2.97159697e-23
0.8763390034		2.963329143e-23
0.8763390034		2.952420351e-23
0.8763390034		2.947389254e-23
0.8763390034		2.941029573e-23
0.8763390034		2.93204232e-23
0.8763390034		2.925926226e-23
0.8763390034		2.919020599e-23
0.8763390034		2.910688467e-23
0.8763390034		2.908169565e-23
0.8763390034		2.899520298e-23
0.8763390034		2.895543586e-23
0.8763390034		2.893938138e-23
0.8763390034		2.886082661e-23
0.8763390034		2.877914129e-23
0.8763390034		2.87126549e-23
0.8763390034		2.867262808e-23
0.8763390034		2.863906044e-23
0.8763390034		2.857185059e-23
0.8763390034		2.855021742e-23
0.8763390034		2.84895747e-23
0.8763390034		2.845373446e-23
0.8763390034		2.840269043e-23
0.8763390034		2.838832604e-23
0.8763390034		2.834846696e-23
0.8763390034		2.83125558e-23
0.8763390034		2.82662756e-23
0.8763390034		2.823712171e-23
0.8763390034		2.818398482e-23
0.8763390034		2.810400529e-23
0.8763390034		2.803786091e-23
0.8763390034		2.793866832e-23
0.8763390034		2.782094314e-23
0.8763390034		2.753183923e-23
0.8763390034		2.517337181e-23

1.074755381		3.215946801e-23
1.074755381		3.207305379e-23
1.074755381		3.188198981e-23
1.074755381		3.173228414e-23
1.074755381		3.16621057e-23
1.074755381		3.15147054e-23
1.074755381		3.129413843e-23
1.074755381		3.122708622e-23
1.074755381		3.099090105e-23
1.074755381		3.0898299e-23
1.074755381		3.078771665e-23
1.074755381		3.074081243e-23
1.074755381		3.04982803e-23
1.074755381		3.044537021e-23
1.074755381		3.036514145e-23
1.074755381		3.02539155e-23
1.074755381		2.998275712e-23
1.074755381		2.984794617e-23
1.074755381		2.961514163e-23
1.074755381		2.949899392e-23
1.074755381		2.938984346e-23
1.074755381		2.918365338e-23
1.074755381		2.900289347e-23
1.074755381		2.894369232e-23
1.074755381		2.888590942e-23
1.074755381		2.876095763e-23
1.074755381		2.863051177e-23
1.074755381		2.856167663e-23
1.074755381		2.839617678e-23
1.074755381		2.832206284e-23
1.074755381		2.821147713e-23
1.074755381		2.815579955e-23
1.074755381		2.806082443e-23
1.074755381		2.798402785e-23
1.074755381		2.788718424e-23
1.074755381		2.777616974e-23
1.074755381		2.775579805e-23
1.074755381		2.762234878e-23
1.074755381		2.759847045e-23
1.074755381		2.755984779e-23
1.074755381		2.751111829e-23
1.074755381		2.737734985e-23
1.074755381		2.725780998e-23
1.074755381		2.721746094e-23
1.074755381		2.716431095e-23
1.074755381		2.713552475e-23
1.074755381		2.709192072e-23
1.074755381		2.702420368e-23
1.074755381		2.694382811e-23
1.074755381		2.69068623e-23
1.074755381		2.688486401e-23
1.074755381		2.682431919e-23
1.074755381		2.678007181e-23
1.074755381		2.674630211e-23
1.074755381		2.671678851e-23
1.074755381		2.667452534e-23
1.074755381		2.656725779e-23
1.074755381		2.65163023e-23
1.074755381		2.642556488e-23
1.074755381		2.631906425e-23
1.074755381		2.605271319e-23
1.074755381		2.412955417e-23

1.27317176		3.169484341e-23
1.27317176		3.164320585e-23
1.27317176		3.13380656e-23
1.27317176		3.117085767e-23
1.27317176		3.108567189e-23
1.27317176		3.092107726e-23
1.27317176		3.062380925e-23
1.27317176		3.054103975e-23
1.27317176		3.024271561e-23
1.27317176		3.010519064e-23
1.27317176		2.995667028e-23
1.27317176		2.989804218e-23
1.27317176		2.960543091e-23
1.27317176		2.951948603e-23
1.27317176		2.947076404e-23
1.27317176		2.920867239e-23
1.27317176		2.893865138e-23
1.27317176		2.887494947e-23
1.27317176		2.849664516e-23
1.27317176		2.832207022e-23
1.27317176		2.81575596e-23
1.27317176		2.793934099e-23
1.27317176		2.774474607e-23
1.27317176		2.767705055e-23
1.27317176		2.762385077e-23
1.27317176		2.742377581e-23
1.27317176		2.730743737e-23
1.27317176		2.71870821e-23
1.27317176		2.698938107e-23
1.27317176		2.690567664e-23
1.27317176		2.676934824e-23
1.27317176		2.671375644e-23
1.27317176		2.662173369e-23
1.27317176		2.652448693e-23
1.27317176		2.640394443e-23
1.27317176		2.622108698e-23
1.27317176		2.620547125e-23
1.27317176		2.606250403e-23
1.27317176		2.601315865e-23
1.27317176		2.595491957e-23
1.27317176		2.592731898e-23
1.27317176		2.575566181e-23
1.27317176		2.559406897e-23
1.27317176		2.556200693e-23
1.27317176		2.546769616e-23
1.27317176		2.544349507e-23
1.27317176		2.538824997e-23
1.27317176		2.532455913e-23
1.27317176		2.520319257e-23
1.27317176		2.51700062e-23
1.27317176		2.51437296e-23
1.27317176		2.506821803e-23
1.27317176		2.50133281e-23
1.27317176		2.498137641e-23
1.27317176		2.494985608e-23
1.27317176		2.491517758e-23
1.27317176		2.479461116e-23
1.27317176		2.475486889e-23
1.27317176		2.466892151e-23
1.27317176		2.457562661e-23
1.27317176		2.434882312e-23
1.27317176		2.286862865e-23

1.471588138		3.115914744e-23
1.471588138		3.101874071e-23
1.471588138		3.070895014e-23
1.471588138		3.048741685e-23
1.471588138		3.036653626e-23
1.471588138		3.021056059e-23
1.471588138		2.989305255e-23
1.471588138		2.966993739e-23
1.471588138		2.941993974e-23
1.471588138		2.914572694e-23
1.471588138		2.90201848e-23
1.471588138		2.890112767e-23
1.471588138		2.858344739e-23
1.471588138		2.848290543e-23
1.471588138		2.841706747e-23
1.471588138		2.80096176e-23
1.471588138		2.782243546e-23
1.471588138		2.76961475e-23
1.471588138		2.722923971e-23
1.471588138		2.701685795e-23
1.471588138		2.674601357e-23
1.471588138		2.656042939e-23
1.471588138		2.634052173e-23
1.471588138		2.626374566e-23
1.471588138		2.618885427e-23
1.471588138		2.593674327e-23
1.471588138		2.581379412e-23
1.471588138		2.564679559e-23
1.471588138		2.545705515e-23
1.471588138		2.532787274e-23
1.471588138		2.519543071e-23
1.471588138		2.511571801e-23
1.471588138		2.499879748e-23
1.471588138		2.490789261e-23
1.471588138		2.473666982e-23
1.471588138		2.450379657e-23
1.471588138		2.445194675e-23
1.471588138		2.431870744e-23
1.471588138		2.424518327e-23
1.471588138		2.416590401e-23
1.471588138		2.41138703e-23
1.471588138		2.394406642e-23
1.471588138		2.37590439e-23
1.471588138		2.371566872e-23
1.471588138		2.35804156e-23
1.471588138		2.351934962e-23
1.471588138		2.346289095e-23
1.471588138		2.341482848e-23
1.471588138		2.3253174e-23
1.471588138		2.3218673e-23
1.471588138		2.319012182e-23
1.471588138		2.310619106e-23
1.471588138		2.303693115e-23
1.471588138		2.298214742e-23
1.471588138		2.297053058e-23
1.471588138		2.291650134e-23
1.471588138		2.280890634e-23
1.471588138		2.277297996e-23
1.471588138		2.268606949e-23
1.471588138		2.260881905e-23
1.471588138		2.243246378e-23
1.471588138		2.13658016e-23

1.670004516		3.053488393e-23
1.670004516		3.029760449e-23
1.670004516		3.001809184e-23
1.670004516		2.970774105e-23
1.670004516		2.956171006e-23
1.670004516		2.939884951e-23
1.670004516		2.907888466e-23
1.670004516		2.871995896e-23
1.670004516		2.848060558e-23
1.670004516		2.81333519e-23
1.670004516		2.797560918e-23
1.670004516		2.782262305e-23
1.670004516		2.747132239e-23
1.670004516		2.735084189e-23
1.670004516		2.726167456e-23
1.670004516		2.671649655e-23
1.670004516		2.662972629e-23
1.670004516		2.636485673e-23
1.670004516		2.584303466e-23
1.670004516		2.562393913e-23
1.670004516		2.521701098e-23
1.670004516		2.509161452e-23
1.670004516		2.48209843e-23
1.670004516		2.475487475e-23
1.670004516		2.462514267e-23
1.670004516		2.433242947e-23
1.670004516		2.4187127e-23
1.670004516		2.399242609e-23
1.670004516		2.381476965e-23
1.670004516		2.367864737e-23
1.670004516		2.348707084e-23
1.670004516		2.340684992e-23
1.670004516		2.322879266e-23
1.670004516		2.314309982e-23
1.670004516		2.292115819e-23
1.670004516		2.265955756e-23
1.670004516		2.254380713e-23
1.670004516		2.242068043e-23
1.670004516		2.231970409e-23
1.670004516		2.222062748e-23
1.670004516		2.210520645e-23
1.670004516		2.197778859e-23
1.670004516		2.176927218e-23
1.670004516		2.169860421e-23
1.670004516		2.151431762e-23
1.670004516		2.143738992e-23
1.670004516		2.134442345e-23
1.670004516		2.131832487e-23
1.670004516		2.111853524e-23
1.670004516		2.109007388e-23
1.670004516		2.104807557e-23
1.670004516		2.094767719e-23
1.670004516		2.088242432e-23
1.670004516		2.079063442e-23
1.670004516		2.077498751e-23
1.670004516		2.071078996e-23
1.670004516		2.062875295e-23
1.670004516		2.059073354e-23
1.670004516		2.049642198e-23
1.670004516		2.043654596e-23
1.670004516		2.031782456e-23
1.670004516		1.959183826e-23

1.868420894		2.985728872e-23
1.868420894		2.952836512e-23
1.868420894		2.929122318e-23
1.868420894		2.887750379e-23
1.868420894		2.871521051e-23
1.868420894		2.852250586e-23
1.868420894		2.82055262e-23
1.868420894		2.775602253e-23
1.868420894		2.745761741e-23
1.868420894		2.709859212e-23
1.868420894		2.688491607e-23
1.868420894		2.669970652e-23
1.868420894		2.631278156e-23
1.868420894		2.618833669e-23
1.868420894		2.604202219e-23
1.868420894		2.541877913e-23
1.868420894		2.533238341e-23
1.868420894		2.495601604e-23
1.868420894		2.439691116e-23
1.868420894		2.417570325e-23
1.868420894		2.363430012e-23
1.868420894		2.357194907e-23
1.868420894		2.328071387e-23
1.868420894		2.31458618e-23
1.868420894		2.29871702e-23
1.868420894		2.26687221e-23
1.868420894		2.248129361e-23
1.868420894		2.230501069e-23
1.868420894		2.209132637e-23
1.868420894		2.195599749e-23
1.868420894		2.1699526e-23
1.868420894		2.160675377e-23
1.868420894		2.139911392e-23
1.868420894		2.123910509e-23
1.868420894		2.10058323e-23
1.868420894		2.073480568e-23
1.868420894		2.052010754e-23
1.868420894		2.04134979e-23
1.868420894		2.026740675e-23
1.868420894		2.014949815e-23
1.868420894		1.995404502e-23
1.868420894		1.989045749e-23
1.868420894		1.965553522e-23
1.868420894		1.95414359e-23
1.868420894		1.930462675e-23
1.868420894		1.92337163e-23
1.868420894		1.908241249e-23
1.868420894		1.905759657e-23
1.868420894		1.885875019e-23
1.868420894		1.879094811e-23
1.868420894		1.874159651e-23
1.868420894		1.861825704e-23
1.868420894		1.856879874e-23
1.868420894		1.843284549e-23
1.868420894		1.839489899e-23
1.868420894		1.832950214e-23
1.868420894		1.827014664e-23
1.868420894		1.822560621e-23
1.868420894		1.812163771e-23
1.868420894		1.807902884e-23
1.868420894		1.802059519e-23
1.868420894		1.753341398e-23

2.066837272		2.916870449e-23
2.066837272		2.875467867e-23
2.066837272		2.856661676e-23
2.066837272		2.804588952e-23
2.066837272		2.785618349e-23
2.066837272		2.763726765e-23
2.066837272		2.731596972e-23
2.066837272		2.681283039e-23
2.066837272		2.642192377e-23
2.066837272		2.607410081e-23
2.066837272		2.580521536e-23
2.066837272		2.557986967e-23
2.066837272		2.515607549e-23
2.066837272		2.505160353e-23
2.066837272		2.481274465e-23
2.066837272		2.415215282e-23
2.066837272		2.400324919e-23
2.066837272		2.35308261e-23
2.066837272		2.296779465e-23
2.066837272		2.270727491e-23
2.066837272		2.20818953e-23
2.066837272		2.203279019e-23
2.066837272		2.176293631e-23
2.066837272		2.150153185e-23
2.066837272		2.133467696e-23
2.066837272		2.10226821e-23
2.066837272		2.076052766e-23
2.066837272		2.065265274e-23
2.066837272		2.031277624e-23
2.066837272		2.018476938e-23
2.066837272		1.988975351e-23
2.066837272		1.976365551e-23
2.066837272		1.955157881e-23
2.066837272		1.927047838e-23
2.066837272		1.904740431e-23
2.066837272		1.877281767e-23
2.066837272		1.843360348e-23
2.066837272		1.834871795e-23
2.066837272		1.814520202e-23
2.066837272		1.799867107e-23
2.066837272		1.774508616e-23
2.066837272		1.768954758e-23
2.066837272		1.746218192e-23
2.066837272		1.728161151e-23
2.066837272		1.699313697e-23
2.066837272		1.694364619e-23
2.066837272		1.671840745e-23
2.066837272		1.667548851e-23
2.066837272		1.650905155e-23
2.066837272		1.635556468e-23
2.066837272		1.630177185e-23
2.066837272		1.615860546e-23
2.066837272		1.611021237e-23
2.066837272		1.593477507e-23
2.066837272		1.586696814e-23
2.066837272		1.580549091e-23
2.066837272		1.576176475e-23
2.066837272		1.568603321e-23
2.066837272		1.55854028e-23
2.066837272		1.557279678e-23
2.066837272		1.55455753e-23
2.066837272		1.521277954e-23

2.26525365		2.851209808e-23
2.26525365		2.802171338e-23
2.26525365		2.788475738e-23
2.26525365		2.725828831e-23
2.26525365		2.702994959e-23
2.26525365		2.679496604e-23
2.26525365		2.646216257e-23
2.26525365		2.592857843e-23
2.26525365		2.54446401e-23
2.26525365		2.510455872e-23
2.26525365		2.478781575e-23
2.26525365		2.451947746e-23
2.26525365		2.405756385e-23
2.26525365		2.398709044e-23
2.26525365		2.364075895e-23
2.26525365		2.294329579e-23
2.26525365		2.274117016e-23
2.26525365		2.216094583e-23
2.26525365		2.162963923e-23
2.26525365		2.127644596e-23
2.26525365		2.063091819e-23
2.26525365		2.053812196e-23
2.26525365		2.031239665e-23
2.26525365		1.990852108e-23
2.26525365		1.973713097e-23
2.26525365		1.947266008e-23
2.26525365		1.911862236e-23
2.26525365		1.903588862e-23
2.26525365		1.855822107e-23
2.26525365		1.844036744e-23
2.26525365		1.812016095e-23
2.26525365		1.794963626e-23
2.26525365		1.774414731e-23
2.26525365		1.732328356e-23
2.26525365		1.711781931e-23
2.26525365		1.682985522e-23
2.26525365		1.635385234e-23
2.26525365		1.629238413e-23
2.26525365		1.602567559e-23
2.26525365		1.583358213e-23
2.26525365		1.555732925e-23
2.26525365		1.541872511e-23
2.26525365		1.524061337e-23
2.26525365		1.497695683e-23
2.26525365		1.464351656e-23
2.26525365		1.460537126e-23
2.26525365		1.429402823e-23
2.26525365		1.423579883e-23
2.26525365		1.409661036e-23
2.26525365		1.384486229e-23
2.26525365		1.376140406e-23
2.26525365		1.361060719e-23
2.26525365		1.353773209e-23
2.26525365		1.333046537e-23
2.26525365		1.323250868e-23
2.26525365		1.316640646e-23
2.26525365		1.312719726e-23
2.26525365		1.300597572e-23
2.26525365		1.296490709e-23
2.26525365		1.291215146e-23
2.26525365		1.288899951e-23
2.26525365		1.267813173e-23

2.463670028		2.792912713e-23
2.463670028		2.73756428e-23
2.463670028		2.728246113e-23
2.463670028		2.656033596e-23
2.463670028		2.628921648e-23
2.463670028		2.604505225e-23
2.463670028		2.569844895e-23
2.463670028		2.514926809e-23
2.463670028		2.458563594e-23
2.463670028		2.424193261e-23
2.463670028		2.388615376e-23
2.463670028		2.357800651e-23
2.463670028		2.308366315e-23
2.463670028		2.304078331e-23
2.463670028		2.259403643e-23
2.463670028		2.185823161e-23
2.463670028		2.161704563e-23
2.463670028		2.092574108e-23
2.463670028		2.044544367e-23
2.463670028		1.996967283e-23
2.463670028		1.93264531e-23
2.463670028		1.919839543e-23
2.463670028		1.899480398e-23
2.463670028		1.845896224e-23
2.463670028		1.827756789e-23
2.463670028		1.808425753e-23
2.463670028		1.764433888e-23
2.463670028		1.751514966e-23
2.463670028		1.693003685e-23
2.463670028		1.681740269e-23
2.463670028		1.647760505e-23
2.463670028		1.625756859e-23
2.463670028		1.606299646e-23
2.463670028		1.549631599e-23
2.463670028		1.531223027e-23
2.463670028		1.498944601e-23
2.463670028		1.437529229e-23
2.463670028		1.433570465e-23
2.463670028		1.400241331e-23
2.463670028		1.374776536e-23
2.463670028		1.344112646e-23
2.463670028		1.32099862e-23
2.463670028		1.306695093e-23
2.463670028		1.271381995e-23
2.463670028		1.235028406e-23
2.463670028		1.227780873e-23
2.463670028		1.188294509e-23
2.463670028		1.181834302e-23
2.463670028		1.167398947e-23
2.463670028		1.132240992e-23
2.463670028		1.117931148e-23
2.463670028		1.10229959e-23
2.463670028		1.091083622e-23
2.463670028		1.066306723e-23
2.463670028		1.054985222e-23
2.463670028		1.043861277e-23
2.463670028		1.039323455e-23
2.463670028		1.029177382e-23
2.463670028		1.01899318e-23
2.463670028		1.013070468e-23
2.463670028		1.010998391e-23
2.463670028		9.976650034e-24

2.662086406		2.745779611e-23
2.662086406		2.686167366e-23
2.662086406		2.679065353e-23
2.662086406		2.599608233e-23
2.662086406		2.568490863e-23
2.662086406		2.54354627e-23
2.662086406		2.507655128e-23
2.662086406		2.452095213e-23
2.662086406		2.389554982e-23
2.662086406		2.354046275e-23
2.662086406		2.31544692e-23
2.662086406		2.281388837e-23
2.662086406		2.230824575e-23
2.662086406		2.225489804e-23
2.662086406		2.173962844e-23
2.662086406		2.096848202e-23
2.662086406		2.070019436e-23
2.662086406		1.990804532e-23
2.662086406		1.9480087e-23
2.662086406		1.888295846e-23
2.662086406		1.824687101e-23
2.662086406		1.810183402e-23
2.662086406		1.789342838e-23
2.662086406		1.725449261e-23
2.662086406		1.705390016e-23
2.662086406		1.692668253e-23
2.662086406		1.640798462e-23
2.662086406		1.622660172e-23
2.662086406		1.554540751e-23
2.662086406		1.543061893e-23
2.662086406		1.507484327e-23
2.662086406		1.480632155e-23
2.662086406		1.462160002e-23
2.662086406		1.391533092e-23
2.662086406		1.375430395e-23
2.662086406		1.337560716e-23
2.662086406		1.263230944e-23
2.662086406		1.260727281e-23
2.662086406		1.220772309e-23
2.662086406		1.187857088e-23
2.662086406		1.153002104e-23
2.662086406		1.120974219e-23
2.662086406		1.107010455e-23
2.662086406		1.062857926e-23
2.662086406		1.022971949e-23
2.662086406		1.010194358e-23
2.662086406		9.611783202e-24
2.662086406		9.542087178e-24
2.662086406		9.354463572e-24
2.662086406		8.891769156e-24
2.662086406		8.659471868e-24
2.662086406		8.488691566e-24
2.662086406		8.321826803e-24
2.662086406		8.005464204e-24
2.662086406		7.880656058e-24
2.662086406		7.686743121e-24
2.662086406		7.621537904e-24
2.662086406		7.544920869e-24
2.662086406		7.346853804e-24
2.662086406		7.260237916e-24
2.662086406		7.235058804e-24
2.662086406		7.148372716e-24

2.860502785		2.712972381e-23
2.860502785		2.651348501e-23
2.860502785		2.643995298e-23
2.860502785		2.560313292e-23
2.860502785		2.526123006e-23
2.860502785		2.500876885e-23
2.860502785		2.464107455e-23
2.860502785		2.408385938e-23
2.860502785		2.341649783e-23
2.860502785		2.304935106e-23
2.860502785		2.26423995e-23
2.860502785		2.227936985e-23
2.860502785		2.177368767e-23
2.860502785		2.169469575e-23
2.860502785		2.113892094e-23
2.860502785		2.034078945e-23
2.860502785		2.005545234e-23
2.860502785		1.918689989e-23
2.860502785		1.879949744e-23
2.860502785		1.810796482e-23
2.860502785		1.747664875e-23
2.860502785		1.732661884e-23
2.860502785		1.710215106e-23
2.860502785		1.639534692e-23
2.860502785		1.617274898e-23
2.860502785		1.608758694e-23
2.860502785		1.551343809e-23
2.860502785		1.529221143e-23
2.860502785		1.453350017e-23
2.860502785		1.441219547e-23
2.860502785		1.404422607e-23
2.860502785		1.373629278e-23
2.860502785		1.355711222e-23
2.860502785		1.27361518e-23
2.860502785		1.259550554e-23
2.860502785		1.215606361e-23
2.860502785		1.130950333e-23
2.860502785		1.128313217e-23
2.860502785		1.082885724e-23
2.860502785		1.0426199e-23
2.860502785		1.003115506e-23
2.860502785		9.631943429e-24
2.860502785		9.470799008e-24
2.860502785		8.946642081e-24
2.860502785		8.501102313e-24
2.860502785		8.313191738e-24
2.860502785		7.714046007e-24
2.860502785		7.62772899e-24
2.860502785		7.3754312e-24
2.860502785		6.773820286e-24
2.860502785		6.418299911e-24
2.860502785		6.215416495e-24
2.860502785		5.968647015e-24
2.860502785		5.527715471e-24
2.860502785		5.375372147e-24
2.860502785		5.058262007e-24
2.860502785		4.940559954e-24
2.860502785		4.840891615e-24
2.860502785		4.525778881e-24
2.860502785		4.351368451e-24
2.860502785		4.290988872e-24
2.860502785		4.235345567e-24

3.058919163		2.696746666e-23
3.058919163		2.634451357e-23
3.058919163		2.626349209e-23
3.058919163		2.540868565e-23
3.058919163		2.505073685e-23
3.058919163		2.479688905e-23
3.058919163		2.442484694e-23
3.058919163		2.386763643e-23
3.058919163		2.317970583e-23
3.058919163		2.280548352e-23
3.058919163		2.238803976e-23
3.058919163		2.201399043e-23
3.058919163		2.150908555e-23
3.058919163		2.141474806e-23
3.058919163		2.083963437e-23
3.058919163		2.00274086e-23
3.058919163		1.973407892e-23
3.058919163		1.88257503e-23
3.058919163		1.845928093e-23
3.058919163		1.77183654e-23
3.058919163		1.708867284e-23
3.058919163		1.693805542e-23
3.058919163		1.670230593e-23
3.058919163		1.596315597e-23
3.058919163		1.572748305e-23
3.058919163		1.565795549e-23
3.058919163		1.505847265e-23
3.058919163		1.481634391e-23
3.058919163		1.401490388e-23
3.058919163		1.388852794e-23
3.058919163		1.35138418e-23
3.058919163		1.318429622e-23
3.058919163		1.300680326e-23
3.058919163		1.212154307e-23
3.058919163		1.199267557e-23
3.058919163		1.151422263e-23
3.058919163		1.060977666e-23
3.058919163		1.057681629e-23
3.058919163		1.009105337e-23
3.058919163		9.641222988e-24
3.058919163		9.213977563e-24
3.058919163		8.764480502e-24
3.058919163		8.582465372e-24
3.058919163		8.002025184e-24
3.058919163		7.517859285e-24
3.058919163		7.286433351e-24
3.058919163		6.600133927e-24
3.058919163		6.494684866e-24
3.058919163		6.186539009e-24
3.058919163		5.455459873e-24
3.058919163		4.976910044e-24
3.058919163		4.731044422e-24
3.058919163		4.391953678e-24
3.058919163		3.775525077e-24
3.058919163		3.570500311e-24
3.058919163		3.062758351e-24
3.058919163		2.837284281e-24
3.058919163		2.652889912e-24
3.058919163		2.053008813e-24
3.058919163		1.593448625e-24
3.058919163		1.376369445e-24
3.058919163		1.295356919e-24

3.257335541		2.698236329e-23
3.257335541		2.635995046e-23
3.257335541		2.627976367e-23
3.257335541		2.54265411e-23
3.257335541		2.507008847e-23
3.257335541		2.481636644e-23
3.257335541		2.44447229e-23
3.257335541		2.388749046e-23
3.257335541		2.320144524e-23
3.257335541		2.282790094e-23
3.257335541		2.2411426e-23
3.257335541		2.203838552e-23
3.257335541		2.153339995e-23
3.257335541		2.144052299e-23
3.257335541		2.086717718e-23
3.257335541		2.005626647e-23
3.257335541		1.976365993e-23
3.257335541		1.885903945e-23
3.257335541		1.849062989e-23
3.257335541		1.775431822e-23
3.257335541		1.712450716e-23
3.257335541		1.697389563e-23
3.257335541		1.673926397e-23
3.257335541		1.600305356e-23
3.257335541		1.576860976e-23
3.257335541		1.569789129e-23
3.257335541		1.510062359e-23
3.257335541		1.486045195e-23
3.257335541		1.406307573e-23
3.257335541		1.393722071e-23
3.257335541		1.356317726e-23
3.257335541		1.323568201e-23
3.257335541		1.305807546e-23
3.257335541		1.217897246e-23
3.257335541		1.204896949e-23
3.257335541		1.157439184e-23
3.257335541		1.067554336e-23
3.257335541		1.064333671e-23
3.257335541		1.016066325e-23
3.257335541		9.715563959e-24
3.257335541		9.291627726e-24
3.257335541		8.847221167e-24
3.257335541		8.667476761e-24
3.257335541		8.092892742e-24
3.257335541		7.612967007e-24
3.257335541		7.386152613e-24
3.257335541		6.709490283e-24
3.257335541		6.606304242e-24
3.257335541		6.304498665e-24
3.257335541		5.588791658e-24
3.257335541		5.125413073e-24
3.257335541		4.885380071e-24
3.257335541		4.558621557e-24
3.257335541		3.967822182e-24
3.257335541		3.771408624e-24
3.257335541		3.295302817e-24
3.257335541		3.089426433e-24
3.257335541		2.92194428e-24
3.257335541		2.387673785e-24
3.257335541		2.008998709e-24
3.257335541		1.843883362e-24
3.257335541		1.780492443e-24

3.455751919		2.717336759e-23
3.455751919		2.655927012e-23
3.455751919		2.648709683e-23
3.455751919		2.565542179e-23
3.455751919		2.531774002e-23
3.455751919		2.506566031e-23
3.455751919		2.469913682e-23
3.455751919		2.414200946e-23
3.455751919		2.348019635e-23
3.455751919		2.311483267e-23
3.455751919		2.271068394e-23
3.455751919		2.235062911e-23
3.455751919		2.184479258e-23
3.455751919		2.176968958e-23
3.455751919		2.121916236e-23
3.455751919		2.042473642e-23
3.455751919		2.014159515e-23
3.455751919		1.928351337e-23
3.455751919		1.889056553e-23
3.455751919		1.8212022e-23
3.455751919		1.758016161e-23
3.455751919		1.743049295e-23
3.455751919		1.720870673e-23
3.455751919		1.651073439e-23
3.455751919		1.62914645e-23
3.455751919		1.620129817e-23
3.455751919		1.56343143e-23
3.455751919		1.541856348e-23
3.455751919		1.467080373e-23
3.455751919		1.455064374e-23
3.455751919		1.418438747e-23
3.455751919		1.388201066e-23
3.455751919		1.370222921e-23
3.455751919		1.289760775e-23
3.455751919		1.275400137e-23
3.455751919		1.232393635e-23
3.455751919		1.149197768e-23
3.455751919		1.146672411e-23
3.455751919		1.102026284e-23
3.455751919		1.062885492e-23
3.455751919		1.024122591e-23
3.455751919		9.853930982e-24
3.455751919		9.697099555e-24
3.455751919		9.18581269e-24
3.455751919		8.748388214e-24
3.455751919		8.570173724e-24
3.455751919		7.989384098e-24
3.455751919		7.906591822e-24
3.455751919		7.665646128e-24
3.455751919		7.08893494e-24
3.455751919		6.756071272e-24
3.455751919		6.55998518e-24
3.455751919		6.328631937e-24
3.455751919		5.913678955e-24
3.455751919		5.767851043e-24
3.455751919		5.475805178e-24
3.455751919		5.370394268e-24
3.455751919		5.278743763e-24
3.455751919		4.988967872e-24
3.455751919		4.835144499e-24
3.455751919		4.784394098e-24
3.455751919		4.724825415e-24

