# phi		B		disorder		eigenvalue
3.141592654		0		0		5.775477271e-25
3.141592654		0		0		3.780060636e-25
3.141592654		0		0		3.780060636e-25

3.141592654		0.008040201005		0		5.104800166e-25
3.141592654		0.008040201005		0		4.407625975e-25
3.141592654		0.008040201005		0		2.318532403e-25

3.141592654		0.01608040201		0		6.256644137e-25
3.141592654		0.01608040201		0		2.990582226e-25
3.141592654		0.01608040201		0		7.544516725e-26

3.141592654		0.02412060302		0		7.163773031e-25
3.141592654		0.02412060302		0		1.505706068e-25
3.141592654		0.02412060302		0		8.82406911e-26

3.141592654		0.03216080402		0		7.555426881e-25
3.141592654		0.03216080402		0		2.567993338e-25
3.141592654		0.03216080402		0		5.115601881e-27

3.141592654		0.04020100503		0		7.233075989e-25
3.141592654		0.04020100503		0		4.270529752e-25
3.141592654		0.04020100503		0		1.661419115e-25

3.141592654		0.04824120603		0		7.253004309e-25
3.141592654		0.04824120603		0		5.847498707e-25
3.141592654		0.04824120603		0		3.275740829e-25

3.141592654		0.05628140704		0		8.507853762e-25
3.141592654		0.05628140704		0		6.951266751e-25
3.141592654		0.05628140704		0		4.806175393e-25

3.141592654		0.06432160804		0		1.03754018e-24
3.141592654		0.06432160804		0		7.998079238e-25
3.141592654		0.06432160804		0		6.13227942e-25

3.141592654		0.07236180905		0		9.447888049e-25
3.141592654		0.07236180905		0		9.133390619e-25
3.141592654		0.07236180905		0		7.155798361e-25

3.141592654		0.08040201005		0		1.02481815e-24
3.141592654		0.08040201005		0		8.332434317e-25
3.141592654		0.08040201005		0		7.872876383e-25

3.141592654		0.08844221106		0		1.12660991e-24
3.141592654		0.08844221106		0		8.353171968e-25
3.141592654		0.08844221106		0		7.217146092e-25

3.141592654		0.09648241206		0		1.215211835e-24
3.141592654		0.09648241206		0		8.676050996e-25
3.141592654		0.09648241206		0		5.956262465e-25

3.141592654		0.1045226131		0		1.05302445e-24
3.141592654		0.1045226131		0		8.905919462e-25
3.141592654		0.1045226131		0		4.302426735e-25

3.141592654		0.1125628141		0		9.093373127e-25
3.141592654		0.1125628141		0		9.031958216e-25
3.141592654		0.1125628141		0		2.087029156e-25

3.141592654		0.1206030151		0		9.283879719e-25
3.141592654		0.1206030151		0		8.150783215e-25
3.141592654		0.1206030151		0		4.886397685e-26

3.141592654		0.1286432161		0		9.300777763e-25
3.141592654		0.1286432161		0		7.671695871e-25
3.141592654		0.1286432161		0		2.846143981e-25

3.141592654		0.1366834171		0		8.414043399e-25
3.141592654		0.1366834171		0		7.468523676e-25
3.141592654		0.1366834171		0		3.352005165e-25

