# ky		B		eigenvalue
-300000000		0.7575757576		1.330482945e-21
-300000000		0.7575757576		1.32948767e-21
-300000000		0.7575757576		1.329230396e-21

-300000000		0.7474747475		1.330500027e-21
-300000000		0.7474747475		1.329505935e-21
-300000000		0.7474747475		1.329248147e-21

-300000000		0.9494949495		1.330113297e-21
-300000000		0.9494949495		1.329099821e-21
-300000000		0.9494949495		1.328848617e-21

-300000000		0.898989899		1.330218942e-21
-300000000		0.898989899		1.32920936e-21
-300000000		0.898989899		1.328957236e-21

-300000000		0.9191919192		1.330177407e-21
-300000000		0.9191919192		1.329166182e-21
-300000000		0.9191919192		1.328914483e-21

-300000000		0.8585858586		1.330299135e-21
-300000000		0.8585858586		1.329293161e-21
-300000000		0.8585858586		1.329039955e-21

-300000000		1		1.330001613e-21
-300000000		1		1.328984983e-21
-300000000		1		1.328734223e-21

-300000000		0.9797979798		1.330047013e-21
-300000000		0.9797979798		1.329031553e-21
-300000000		0.9797979798		1.328780672e-21

-300000000		0.8686868687		1.330279446e-21
-300000000		0.8686868687		1.329272531e-21
-300000000		0.8686868687		1.329019624e-21

-300000000		0.9292929293		1.330156278e-21
-300000000		0.9292929293		1.329144274e-21
-300000000		0.9292929293		1.328892759e-21

-300000000		0.8484848485		1.330318585e-21
-300000000		0.8484848485		1.329313578e-21
-300000000		0.8484848485		1.329060053e-21

-300000000		0.9898989899		1.330024434e-21
-300000000		0.9898989899		1.329008373e-21
-300000000		0.9898989899		1.328757562e-21

-300000000		0.7676767677		1.330465629e-21
-300000000		0.7676767677		1.329469188e-21
-300000000		0.7676767677		1.329212408e-21

-300000000		0.2929292929		1.33024682e-21
-300000000		0.2929292929		1.329958455e-21
-300000000		0.2929292929		1.329758333e-21

-300000000		0.8181818182		1.330375505e-21
-300000000		0.8181818182		1.329373543e-21
-300000000		0.8181818182		1.329118944e-21

-300000000		0.5151515152		1.329984298e-21
-300000000		0.5151515152		1.329742184e-21
-300000000		0.5151515152		1.329549326e-21

-300000000		0.7878787879		1.330430289e-21
-300000000		0.7878787879		1.329431576e-21
-300000000		0.7878787879		1.329175728e-21

-300000000		0.2424242424		1.330276135e-21
-300000000		0.2424242424		1.329988858e-21
-300000000		0.2424242424		1.329789357e-21

-300000000		0.4545454545		1.330052951e-21
-300000000		0.4545454545		1.329808545e-21
-300000000		0.4545454545		1.329616976e-21

-300000000		0.05050505051		1.330329921e-21
-300000000		0.05050505051		1.330048991e-21
-300000000		0.05050505051		1.32985311e-21

-300000000		0.404040404		1.330103678e-21
-300000000		0.404040404		1.329857319e-21
-300000000		0.404040404		1.329666861e-21

-300000000		0.1414141414		1.330311539e-21
-300000000		0.1414141414		1.330030456e-21
-300000000		0.1414141414		1.329833468e-21

-300000000		0.1515151515		1.330308362e-21
-300000000		0.1515151515		1.330027222e-21
-300000000		0.1515151515		1.329830103e-21

-300000000		0.0404040404		1.330330829e-21
-300000000		0.0404040404		1.330049877e-21
-300000000		0.0404040404		1.329854111e-21

-300000000		0.8888888889		1.33023935e-21
-300000000		0.8888888889		1.32923063e-21
-300000000		0.8888888889		1.328978265e-21

-300000000		0.5050505051		1.32999633e-21
-300000000		0.5050505051		1.329753837e-21
-300000000		0.5050505051		1.329561191e-21

-300000000		0.1717171717		1.330301327e-21
-300000000		0.1717171717		1.330020047e-21
-300000000		0.1717171717		1.329822665e-21

-300000000		0.9393939394		1.330134908e-21
-300000000		0.9393939394		1.329122153e-21
-300000000		0.9393939394		1.328870804e-21

-300000000		0.9696969697		1.33006935e-21
-300000000		0.9696969697		1.32905452e-21
-300000000		0.9696969697		1.328803551e-21

-300000000		0.5555555556		1.329933808e-21
-300000000		0.5555555556		1.329693195e-21
-300000000		0.5555555556		1.32949951e-21

-300000000		0.6262626263		1.329836363e-21
-300000000		0.6262626263		1.329598328e-21
-300000000		0.6262626263		1.329403264e-21

-300000000		0.7777777778		1.330448077e-21
-300000000		0.7777777778		1.32945049e-21
-300000000		0.7777777778		1.329194186e-21

-300000000		0.1313131313		1.330314489e-21
-300000000		0.1313131313		1.330033456e-21
-300000000		0.1313131313		1.329836596e-21

-300000000		0.101010101		1.330321978e-21
-300000000		0.101010101		1.330041043e-21
-300000000		0.101010101		1.329844561e-21

-300000000		0.8383838384		1.330337796e-21
-300000000		0.8383838384		1.329333781e-21
-300000000		0.8383838384		1.329079917e-21

-300000000		0.2222222222		1.330286294e-21
-300000000		0.2222222222		1.329999373e-21
-300000000		0.2222222222		1.32980011e-21

-300000000		0.07070707071		1.330327425e-21
-300000000		0.07070707071		1.330046515e-21
-300000000		0.07070707071		1.329850399e-21

-300000000		0.4141414141		1.330094003e-21
-300000000		0.4141414141		1.329848039e-21
-300000000		0.4141414141		1.329657357e-21

-298492462.3		0.7575757576		1.151201294e-21
-298492462.3		0.7575757576		1.150688715e-21
-298492462.3		0.7575757576		1.15044713e-21

-300000000		0.9090909091		1.330198295e-21
-300000000		0.9090909091		1.329187877e-21
-300000000		0.9090909091		1.328935976e-21

-300000000		0.8787878788		1.330259517e-21
-300000000		0.8787878788		1.329251687e-21
-300000000		0.8787878788		1.328999061e-21

-300000000		0.8282828283		1.33035677e-21
-300000000		0.8282828283		1.329353769e-21
-300000000		0.8282828283		1.329099548e-21

-300000000		0.797979798		1.330412265e-21
-300000000		0.797979798		1.329412447e-21
-300000000		0.797979798		1.329157035e-21

-300000000		0.8080808081		1.330394004e-21
-300000000		0.8080808081		1.329393102e-21
-300000000		0.8080808081		1.329138107e-21

-300000000		0.7272727273		1.330533485e-21
-300000000		0.7272727273		1.329541816e-21
-300000000		0.7272727273		1.32928294e-21

-300000000		0.7373737374		1.330516873e-21
-300000000		0.7373737374		1.329523984e-21
-300000000		0.7373737374		1.329265661e-21

-300000000		0.9595959596		1.330091444e-21
-300000000		0.9595959596		1.329077277e-21
-300000000		0.9595959596		1.328826199e-21

-300000000		0.4242424242		1.330084094e-21
-300000000		0.4242424242		1.329838522e-21
-300000000		0.4242424242		1.329647616e-21

-300000000		0.1212121212		1.330317213e-21
-300000000		0.1212121212		1.33003622e-21
-300000000		0.1212121212		1.329839487e-21

-300000000		0.5656565657		1.329920596e-21
-300000000		0.5656565657		1.329680355e-21
-300000000		0.5656565657		1.329486467e-21

-300000000		0.1919191919		1.330293386e-21
-300000000		0.1919191919		1.330011929e-21
-300000000		0.1919191919		1.32981428e-21

-300000000		0.696969697		1.329664054e-21
-300000000		0.696969697		1.32947898e-21
-300000000		0.696969697		1.32929385e-21

-300000000		0.2323232323		1.330281326e-21
-300000000		0.2323232323		1.329994233e-21
-300000000		0.2323232323		1.329794852e-21

-298492462.3		0.8585858586		1.151010388e-21
-298492462.3		0.8585858586		1.150494519e-21
-298492462.3		0.8585858586		1.150259014e-21

-300000000		0.2626262626		1.33026508e-21
-300000000		0.2626262626		1.329977403e-21
-300000000		0.2626262626		1.329777657e-21

-300000000		0.3737373737		1.330131288e-21
-300000000		0.3737373737		1.329883735e-21
-300000000		0.3737373737		1.329693959e-21

-298492462.3		0.898989899		1.150928355e-21
-298492462.3		0.898989899		1.1504109e-21
-298492462.3		0.898989899		1.15017719e-21

-298492462.3		0.9191919192		1.150886122e-21
-298492462.3		0.9191919192		1.150367825e-21
-298492462.3		0.9191919192		1.15013487e-21

-300000000		0.6666666667		1.329714807e-21
-300000000		0.6666666667		1.329526235e-21
-300000000		0.6666666667		1.329341436e-21

-298492462.3		0.9797979798		1.150754566e-21
-298492462.3		0.9797979798		1.150233541e-21
-298492462.3		0.9797979798		1.150002277e-21

-300000000		0		1.330332193e-21
-300000000		0		1.330051083e-21
-300000000		0		1.329855755e-21

-298492462.3		0.9292929293		1.150864702e-21
-298492462.3		0.9292929293		1.150345971e-21
-298492462.3		0.9292929293		1.150113357e-21

-300000000		0.2121212121		1.330284538e-21
-300000000		0.2121212121		1.33000287e-21
-300000000		0.2121212121		1.329804949e-21

-298492462.3		1		1.150709096e-21
-298492462.3		1		1.150187089e-21
-298492462.3		1		1.149956203e-21

-300000000		0.09090909091		1.330324021e-21
-300000000		0.09090909091		1.330043102e-21
-300000000		0.09090909091		1.329846743e-21

-300000000		0.3636363636		1.330196387e-21
-300000000		0.3636363636		1.329905999e-21
-300000000		0.3636363636		1.329704962e-21

-298492462.3		0.7474747475		1.151219271e-21
-298492462.3		0.7474747475		1.150706955e-21
-298492462.3		0.7474747475		1.150464649e-21

-298492462.3		0.8484848485		1.15103039e-21
-298492462.3		0.8484848485		1.150514896e-21
-298492462.3		0.8484848485		1.150278883e-21

-300000000		0.7171717172		1.329629001e-21
-300000000		0.7171717172		1.329446279e-21
-300000000		0.7171717172		1.329260952e-21

-300000000		0.2727272727		1.330259217e-21
-300000000		0.2727272727		1.329971322e-21
-300000000		0.2727272727		1.329771452e-21

-300000000		0.2828282828		1.33025313e-21
-300000000		0.2828282828		1.329965007e-21
-300000000		0.2828282828		1.329765011e-21

-300000000		0.06060606061		1.330328787e-21
-300000000		0.06060606061		1.33004787e-21
-300000000		0.06060606061		1.329851873e-21

-300000000		0.0202020202		1.330331965e-21
-300000000		0.0202020202		1.330050948e-21
-300000000		0.0202020202		1.329855405e-21

-300000000		0.202020202		1.330289075e-21
-300000000		0.202020202		1.330007517e-21
-300000000		0.202020202		1.329809733e-21

-300000000		0.5454545455		1.329946785e-21
-300000000		0.5454545455		1.329705798e-21
-300000000		0.5454545455		1.329512317e-21

-298492462.3		0.9898989899		1.150731932e-21
-298492462.3		0.9898989899		1.150210421e-21
-298492462.3		0.9898989899		1.149979357e-21

-300000000		0.1111111111		1.330319709e-21
-300000000		0.1111111111		1.330038749e-21
-300000000		0.1111111111		1.329842142e-21

-300000000		0.303030303		1.330240286e-21
-300000000		0.303030303		1.329951668e-21
-300000000		0.303030303		1.329751418e-21

-300000000		0.6565656566		1.329731236e-21
-300000000		0.6565656566		1.329541508e-21
-300000000		0.6565656566		1.329356828e-21

-298492462.3		0.05050505051		1.151933e-21
-298492462.3		0.05050505051		1.151381135e-21
-298492462.3		0.05050505051		1.151104721e-21

-300000000		0.6868686869		1.329681215e-21
-300000000		0.6868686869		1.329494971e-21
-300000000		0.6868686869		1.329309946e-21

-300000000		0.6161616162		1.329850992e-21
-300000000		0.6161616162		1.329612592e-21
-300000000		0.6161616162		1.329417719e-21

-300000000		0.1818181818		1.33029747e-21
-300000000		0.1818181818		1.330016106e-21
-300000000		0.1818181818		1.329818591e-21

-300000000		0.0303030303		1.33033151e-21
-300000000		0.0303030303		1.33005053e-21
-300000000		0.0303030303		1.329854876e-21

-300000000		0.4949494949		1.330008126e-21
-300000000		0.4949494949		1.329765254e-21
-300000000		0.4949494949		1.329572819e-21

-300000000		0.0101010101		1.330332192e-21
-300000000		0.0101010101		1.330051132e-21
-300000000		0.0101010101		1.329855698e-21

-300000000		0.1616161616		1.330304958e-21
-300000000		0.1616161616		1.330023752e-21
-300000000		0.1616161616		1.329826502e-21

-300000000		0.08080808081		1.330325836e-21
-300000000		0.08080808081		1.330044926e-21
-300000000		0.08080808081		1.329848689e-21

-300000000		0.4343434343		1.330073948e-21
-300000000		0.4343434343		1.329828767e-21
-300000000		0.4343434343		1.329637638e-21

-300000000		0.5252525253		1.329972029e-21
-300000000		0.5252525253		1.329730293e-21
-300000000		0.5252525253		1.329537225e-21

-300000000		0.4848484848		1.330019686e-21
-300000000		0.4848484848		1.329776433e-21
-300000000		0.4848484848		1.329584212e-21

-300000000		0.3131313131		1.330233528e-21
-300000000		0.3131313131		1.329944646e-21
-300000000		0.3131313131		1.329744267e-21

-300000000		0.3434343434		1.330211914e-21
-300000000		0.3434343434		1.329922165e-21
-300000000		0.3434343434		1.329721393e-21

-300000000		0.4747474747		1.33003101e-21
-300000000		0.4747474747		1.329787374e-21
-300000000		0.4747474747		1.32959537e-21

-300000000		0.3333333333		1.330219342e-21
-300000000		0.3333333333		1.329929895e-21
-300000000		0.3333333333		1.329729254e-21

-300000000		0.3232323232		1.330226547e-21
-300000000		0.3232323232		1.329937388e-21
-300000000		0.3232323232		1.329736879e-21

-300000000		0.3535353535		1.330204262e-21
-300000000		0.3535353535		1.3299142e-21
-300000000		0.3535353535		1.329713296e-21

-300000000		0.2525252525		1.33027072e-21
-300000000		0.2525252525		1.329983248e-21
-300000000		0.2525252525		1.329783625e-21

-300000000		0.4646464646		1.330042098e-21
-300000000		0.4646464646		1.329798079e-21
-300000000		0.4646464646		1.329606291e-21

-298492462.3		0.9494949495		1.150821255e-21
-298492462.3		0.9494949495		1.150301632e-21
-298492462.3		0.9494949495		1.150069629e-21

-298492462.3		0.0404040404		1.151935658e-21
-298492462.3		0.0404040404		1.151382107e-21
-298492462.3		0.0404040404		1.151105759e-21

-300000000		0.5353535354		1.329959525e-21
-300000000		0.5353535354		1.329718164e-21
-300000000		0.5353535354		1.329524889e-21

-298492462.3		0.7878787879		1.151146147e-21
-298492462.3		0.7878787879		1.1506327e-21
-298492462.3		0.7878787879		1.150393162e-21

-298492462.3		0.1414141414		1.151898543e-21
-298492462.3		0.1414141414		1.151360897e-21
-298492462.3		0.1414141414		1.151084791e-21

-298492462.3		0.2424242424		1.151838325e-21
-298492462.3		0.2424242424		1.151313942e-21
-298492462.3		0.2424242424		1.151040293e-21

-298492462.3		0.4545454545		1.151652745e-21
-298492462.3		0.4545454545		1.151137405e-21
-298492462.3		0.4545454545		1.150870326e-21

-300000000		0.3838383838		1.33012232e-21
-300000000		0.3838383838		1.329875167e-21
-300000000		0.3838383838		1.329685162e-21

-300000000		0.595959596		1.329879542e-21
-300000000		0.595959596		1.329640409e-21
-300000000		0.595959596		1.329445924e-21

-300000000		0.6767676768		1.329698133e-21
-300000000		0.6767676768		1.329510723e-21
-300000000		0.6767676768		1.329325808e-21

-298492462.3		0.404040404		1.151710178e-21
-298492462.3		0.404040404		1.151191246e-21
-298492462.3		0.404040404		1.150920253e-21

-300000000		0.7070707071		1.329646649e-21
-300000000		0.7070707071		1.329462749e-21
-300000000		0.7070707071		1.329277518e-21

-300000000		0.4444444444		1.330063567e-21
-300000000		0.4444444444		1.329818775e-21
-300000000		0.4444444444		1.329627425e-21

-298492462.3		0.5050505051		1.151590172e-21
-298492462.3		0.5050505051		1.151077343e-21
-298492462.3		0.5050505051		1.15081451e-21

-300000000		0.3939393939		1.330113116e-21
-300000000		0.3939393939		1.329866362e-21
-300000000		0.3939393939		1.32967613e-21

-300000000		0.5757575758		1.329907147e-21
-300000000		0.5757575758		1.329667277e-21
-300000000		0.5757575758		1.329473188e-21

-298492462.3		0.9696969697		1.150776998e-21
-298492462.3		0.9696969697		1.150256449e-21
-298492462.3		0.9696969697		1.150024962e-21

-300000000		0.6363636364		1.329763359e-21
-300000000		0.6363636364		1.329571335e-21
-300000000		0.6363636364		1.329386907e-21

-300000000		0.6060606061		1.329865385e-21
-300000000		0.6060606061		1.329626619e-21
-300000000		0.6060606061		1.32943194e-21

-300000000		0.6464646465		1.32974742e-21
-300000000		0.6464646465		1.329556541e-21
-300000000		0.6464646465		1.329371985e-21

-298492462.3		0.6262626263		1.151419262e-21
-298492462.3		0.6262626263		1.150908653e-21
-298492462.3		0.6262626263		1.150656527e-21

-300000000		0.5858585859		1.329893462e-21
-300000000		0.5858585859		1.329653962e-21
-300000000		0.5858585859		1.329459674e-21

-298492462.3		0.8181818182		1.151089179e-21
-298492462.3		0.8181818182		1.150574756e-21
-298492462.3		0.8181818182		1.15033708e-21

-298492462.3		0.8686868687		1.150990184e-21
-298492462.3		0.8686868687		1.150473931e-21
-298492462.3		0.8686868687		1.15023891e-21

-298492462.3		0.1515151515		1.151893552e-21
-298492462.3		0.1515151515		1.151357364e-21
-298492462.3		0.1515151515		1.151081401e-21

-298492462.3		0.5151515152		1.151577044e-21
-298492462.3		0.5151515152		1.151064596e-21
-298492462.3		0.5151515152		1.15080264e-21

-298492462.3		0.5555555556		1.151522503e-21
-298492462.3		0.5555555556		1.151011198e-21
-298492462.3		0.5555555556		1.150752805e-21

-298492462.3		0.7676767677		1.151183114e-21
-298492462.3		0.7676767677		1.150670259e-21
-298492462.3		0.7676767677		1.150429376e-21

-298492462.3		0.7777777778		1.151164731e-21
-298492462.3		0.7777777778		1.150651587e-21
-298492462.3		0.7777777778		1.150411387e-21

-298492462.3		0.1717171717		1.151882879e-21
-298492462.3		0.1717171717		1.151349525e-21
-298492462.3		0.1717171717		1.151073913e-21

-298492462.3		0.2929292929		1.151691545e-21
-298492462.3		0.2929292929		1.151231155e-21
-298492462.3		0.2929292929		1.151007769e-21

-298492462.3		0.1919191919		1.151871288e-21
-298492462.3		0.1919191919		1.151340652e-21
-298492462.3		0.1919191919		1.151065484e-21

-298492462.3		0.8080808081		1.151108371e-21
-298492462.3		0.8080808081		1.150594284e-21
-298492462.3		0.8080808081		1.150356009e-21

-298492462.3		0.5656565657		1.15150836e-21
-298492462.3		0.5656565657		1.150997251e-21
-298492462.3		0.5656565657		1.150739757e-21

-298492462.3		0.1212121212		1.151907831e-21
-298492462.3		0.1212121212		1.15136719e-21
-298492462.3		0.1212121212		1.151090867e-21

-298492462.3		0.2222222222		1.15185219e-21
-298492462.3		0.2222222222		1.151325403e-21
-298492462.3		0.2222222222		1.151051076e-21

-298492462.3		0.2626262626		1.151711694e-21
-298492462.3		0.2626262626		1.151252732e-21
-298492462.3		0.2626262626		1.151027146e-21

-298492462.3		0.8383838384		1.151050189e-21
-298492462.3		0.8383838384		1.150535062e-21
-298492462.3		0.8383838384		1.150298517e-21

-298492462.3		0.1313131313		1.151903303e-21
-298492462.3		0.1313131313		1.151364172e-21
-298492462.3		0.1313131313		1.151087947e-21

-298492462.3		0.101010101		1.15191619e-21
-298492462.3		0.101010101		1.151372455e-21
-298492462.3		0.101010101		1.151096001e-21

-298492462.3		0.9393939394		1.15084308e-21
-298492462.3		0.9393939394		1.150323907e-21
-298492462.3		0.9393939394		1.15009161e-21

-296984924.6		0.7575757576		9.732632165e-22
-296984924.6		0.7575757576		9.728179331e-22
-296984924.6		0.7575757576		9.726308424e-22

-298492462.3		0.8888888889		1.150949167e-21
-298492462.3		0.8888888889		1.150432121e-21
-298492462.3		0.8888888889		1.150197998e-21

-298492462.3		0.6666666667		1.151355826e-21
-298492462.3		0.6666666667		1.150844992e-21
-298492462.3		0.6666666667		1.150596333e-21

-298492462.3		0.2323232323		1.151845371e-21
-298492462.3		0.2323232323		1.151319802e-21
-298492462.3		0.2323232323		1.151045802e-21

-296984924.6		0.9797979798		9.727375446e-22
-296984924.6		0.9797979798		9.723136691e-22
-296984924.6		0.9797979798		9.721826544e-22

-298492462.3		0.8787878788		1.150969777e-21
-298492462.3		0.8787878788		1.150453132e-21
-298492462.3		0.8787878788		1.150218571e-21

-296984924.6		0.9191919192		9.728738721e-22
-296984924.6		0.9191919192		9.724520161e-22
-296984924.6		0.9191919192		9.723159086e-22

-298492462.3		0.4141414141		1.151699105e-21
-298492462.3		0.4141414141		1.151180981e-21
-298492462.3		0.4141414141		1.150910739e-21

-298492462.3		0.7272727273		1.151254621e-21
-298492462.3		0.7272727273		1.150742784e-21
-298492462.3		0.7272727273		1.150498981e-21

-298492462.3		0.07070707071		1.151926979e-21
-298492462.3		0.07070707071		1.151378429e-21
-298492462.3		0.07070707071		1.151101939e-21

-298492462.3		0.7373737374		1.151237047e-21
-298492462.3		0.7373737374		1.150724978e-21
-298492462.3		0.7373737374		1.150481932e-21

-298492462.3		0.9090909091		1.15090734e-21
-298492462.3		0.9090909091		1.150389468e-21
-298492462.3		0.9090909091		1.150156147e-21

-296984924.6		0.8585858586		9.728640918e-22
-296984924.6		0.8585858586		9.725469804e-22
-296984924.6		0.8585858586		9.724389359e-22

-296984924.6		1		9.726900995e-22
-296984924.6		1		9.722658247e-22
-296984924.6		1		9.721363483e-22

-298492462.3		0.6868686869		1.151322898e-21
-298492462.3		0.6868686869		1.150811809e-21
-298492462.3		0.6868686869		1.150564823e-21

-298492462.3		0.8282828283		1.151069785e-21
-298492462.3		0.8282828283		1.150555015e-21
-298492462.3		0.8282828283		1.150317916e-21

-296984924.6		0.9292929293		9.728517775e-22
-296984924.6		0.9292929293		9.724294978e-22
-296984924.6		0.9292929293		9.722942897e-22

-298492462.3		0.696969697		1.151306132e-21
-298492462.3		0.696969697		1.150794884e-21
-298492462.3		0.696969697		1.150548715e-21

-298492462.3		0.4242424242		1.151687825e-21
-298492462.3		0.4242424242		1.151170464e-21
-298492462.3		0.4242424242		1.150900989e-21

-298492462.3		0.2121212121		1.151858784e-21
-298492462.3		0.2121212121		1.151330745e-21
-298492462.3		0.2121212121		1.151056114e-21

-296984924.6		0.05050505051		9.739638021e-22
-296984924.6		0.05050505051		9.7363416e-22
-296984924.6		0.05050505051		9.73291158e-22

-298492462.3		0.9595959596		1.150799227e-21
-298492462.3		0.9595959596		1.150279146e-21
-298492462.3		0.9595959596		1.150047413e-21

-298492462.3		0.5454545455		1.151536442e-21
-298492462.3		0.5454545455		1.151024907e-21
-298492462.3		0.5454545455		1.150765617e-21

-298492462.3		0.6565656566		1.151371988e-21
-298492462.3		0.6565656566		1.150861247e-21
-298492462.3		0.6565656566		1.150611734e-21

-298492462.3		0.6161616162		1.151434616e-21
-298492462.3		0.6161616162		1.150923999e-21
-298492462.3		0.6161616162		1.150670988e-21

-298492462.3		0.797979798		1.15112736e-21
-298492462.3		0.797979798		1.150613599e-21
-298492462.3		0.797979798		1.150374703e-21

-296984924.6		0.8484848485		9.728835712e-22
-296984924.6		0.8484848485		9.725675357e-22
-296984924.6		0.8484848485		9.724589318e-22

-298492462.3		0.202020202		1.15186515e-21
-298492462.3		0.202020202		1.151335828e-21
-298492462.3		0.202020202		1.151060917e-21

-298492462.3		0.1616161616		1.151888331e-21
-298492462.3		0.1616161616		1.151353574e-21
-298492462.3		0.1616161616		1.151077775e-21

-296984924.6		0.2424242424		9.738886104e-22
-296984924.6		0.2424242424		9.735228393e-22
-296984924.6		0.2424242424		9.732263227e-22

-296984924.6		0.0404040404		9.739331145e-22
-296984924.6		0.0404040404		9.736161474e-22
-296984924.6		0.0404040404		9.732920591e-22

-296984924.6		0.5050505051		9.736564781e-22
-296984924.6		0.5050505051		9.732368061e-22
-296984924.6		0.5050505051		9.729995332e-22

-296984924.6		0.404040404		9.737667385e-22
-296984924.6		0.404040404		9.733656251e-22
-296984924.6		0.404040404		9.731056568e-22

-296984924.6		0.1414141414		9.739449534e-22
-296984924.6		0.1414141414		9.735977665e-22
-296984924.6		0.1414141414		9.732711066e-22

-296984924.6		0.4545454545		9.737149731e-22
-296984924.6		0.4545454545		9.733040825e-22
-296984924.6		0.4545454545		9.730555483e-22

-298492462.3		0.3737373737		1.151742146e-21
-298492462.3		0.3737373737		1.151220518e-21
-298492462.3		0.3737373737		1.150947383e-21

-298492462.3		0		1.151943931e-21
-298492462.3		0		1.151383456e-21
-298492462.3		0		1.151107561e-21

-298492462.3		0.09090909091		1.15192002e-21
-298492462.3		0.09090909091		1.151374702e-21
-298492462.3		0.09090909091		1.151098216e-21

-296984924.6		0.898989899		9.728922953e-22
-296984924.6		0.898989899		9.724867459e-22
-296984924.6		0.898989899		9.723579124e-22

-296984924.6		0.9898989899		9.72713947e-22
-296984924.6		0.9898989899		9.722898551e-22
-296984924.6		0.9898989899		9.721596193e-22

-298492462.3		0.7171717172		1.151271993e-21
-298492462.3		0.7171717172		1.15076037e-21
-298492462.3		0.7171717172		1.150515794e-21

-296984924.6		0.5555555556		9.735911773e-22
-296984924.6		0.5555555556		9.73163891e-22
-296984924.6		0.5555555556		9.729376105e-22

-298492462.3		0.3636363636		1.151752383e-21
-298492462.3		0.3636363636		1.151229765e-21
-298492462.3		0.3636363636		1.150955956e-21

-298492462.3		0.0202020202		1.151940267e-21
-298492462.3		0.0202020202		1.151383288e-21
-298492462.3		0.0202020202		1.15110713e-21

-296984924.6		0.7474747475		9.732820434e-22
-296984924.6		0.7474747475		9.728372324e-22
-296984924.6		0.7474747475		9.72648425e-22

-298492462.3		0.4848484848		1.151615815e-21
-298492462.3		0.4848484848		1.151102106e-21
-298492462.3		0.4848484848		1.150837543e-21

-298492462.3		0.1111111111		1.151912127e-21
-298492462.3		0.1111111111		1.151369951e-21
-298492462.3		0.1111111111		1.151093552e-21

-296984924.6		0.9696969697		9.72760892e-22
-296984924.6		0.9696969697		9.723372669e-22
-296984924.6		0.9696969697		9.722054535e-22

-298492462.3		0.2727272727		1.151705207e-21
-298492462.3		0.2727272727		1.151245787e-21
-298492462.3		0.2727272727		1.151020923e-21

-298492462.3		0.06060606061		1.151930107e-21
-298492462.3		0.06060606061		1.15137991e-21
-298492462.3		0.06060606061		1.151103447e-21

-296984924.6		0.7878787879		9.732052841e-22
-296984924.6		0.7878787879		9.727588003e-22
-296984924.6		0.7878787879		9.725766783e-22

-298492462.3		0.4949494949		1.151603095e-21
-298492462.3		0.4949494949		1.151089847e-21
-298492462.3		0.4949494949		1.150826144e-21

-298492462.3		0.0101010101		1.151942217e-21
-298492462.3		0.0101010101		1.151383498e-21
-298492462.3		0.0101010101		1.151107463e-21

-298492462.3		0.1818181818		1.151877198e-21
-298492462.3		0.1818181818		1.151345218e-21
-298492462.3		0.1818181818		1.151069817e-21

-298492462.3		0.5252525253		1.151563713e-21
-298492462.3		0.5252525253		1.151051607e-21
-298492462.3		0.5252525253		1.150790534e-21

-298492462.3		0.08080808081		1.151923616e-21
-298492462.3		0.08080808081		1.151376693e-21
-298492462.3		0.08080808081		1.151100195e-21

-296984924.6		0.5656565657		9.735772987e-22
-296984924.6		0.5656565657		9.731486401e-22
-296984924.6		0.5656565657		9.729245169e-22

-298492462.3		0.3838383838		1.151731699e-21
-298492462.3		0.3838383838		1.151211015e-21
-298492462.3		0.3838383838		1.150938576e-21

-298492462.3		0.303030303		1.151684371e-21
-298492462.3		0.303030303		1.15122347e-21
-298492462.3		0.303030303		1.151000839e-21

-298492462.3		0.2525252525		1.151831055e-21
-298492462.3		0.2525252525		1.151307823e-21
-298492462.3		0.2525252525		1.151034548e-21

-298492462.3		0.3434343434		1.151653385e-21
-298492462.3		0.3434343434		1.151190284e-21
-298492462.3		0.3434343434		1.150970763e-21

-296984924.6		0.1919191919		9.73913441e-22
-296984924.6		0.1919191919		9.735590852e-22
-296984924.6		0.1919191919		9.732516334e-22

-298492462.3		0.5757575758		1.151494016e-21
-298492462.3		0.5757575758		1.150983068e-21
-298492462.3		0.5757575758		1.150726474e-21

-298492462.3		0.4343434343		1.151676338e-21
-298492462.3		0.4343434343		1.151159694e-21
-298492462.3		0.4343434343		1.150891004e-21

-296984924.6		0.1212121212		9.739507968e-22
-296984924.6		0.1212121212		9.736077226e-22
-296984924.6		0.1212121212		9.732772145e-22

-298492462.3		0.0303030303		1.15193808e-21
-298492462.3		0.0303030303		1.151382824e-21
-298492462.3		0.0303030303		1.151106562e-21

-296984924.6		0.2626262626		9.73876936e-22
-296984924.6		0.2626262626		9.735065835e-22
-296984924.6		0.2626262626		9.732145456e-22

-298492462.3		0.5353535354		1.151550179e-21
-298492462.3		0.5353535354		1.151038377e-21
-298492462.3		0.5353535354		1.150778193e-21

-298492462.3		0.3535353535		1.15176241e-21
-298492462.3		0.3535353535		1.151238755e-21
-298492462.3		0.3535353535		1.150964292e-21

-298492462.3		0.4646464646		1.15164064e-21
-298492462.3		0.4646464646		1.151125886e-21
-298492462.3		0.4646464646		1.150859634e-21

-296984924.6		0.9494949495		9.728068359e-22
-296984924.6		0.9494949495		9.723838141e-22
-296984924.6		0.9494949495		9.722503438e-22

-298492462.3		0.2828282828		1.151698491e-21
-298492462.3		0.2828282828		1.151238594e-21
-298492462.3		0.2828282828		1.151014464e-21

-298492462.3		0.6060606061		1.151449769e-21
-298492462.3		0.6060606061		1.150939115e-21
-298492462.3		0.6060606061		1.150685212e-21

-296984924.6		0.8080808081		9.729594701e-22
-296984924.6		0.8080808081		9.726475829e-22
-296984924.6		0.8080808081		9.725365519e-22

-298492462.3		0.6464646465		1.151387947e-21
-298492462.3		0.6464646465		1.150877276e-21
-298492462.3		0.6464646465		1.150626901e-21

-298492462.3		0.3131313131		1.151676967e-21
-298492462.3		0.3131313131		1.151215539e-21
-298492462.3		0.3131313131		1.150993674e-21

-298492462.3		0.3333333333		1.151661475e-21
-298492462.3		0.3333333333		1.151198946e-21
-298492462.3		0.3333333333		1.150978636e-21

-295477386.9		0.9191919192		7.961405887e-22
-295477386.9		0.9191919192		7.956496443e-22
-295477386.9		0.9191919192		7.954329865e-22

-298492462.3		0.3232323232		1.151669335e-21
-298492462.3		0.3232323232		1.151207365e-21
-298492462.3		0.3232323232		1.150986272e-21

-298492462.3		0.4747474747		1.15162833e-21
-298492462.3		0.4747474747		1.151114119e-21
-298492462.3		0.4747474747		1.150848706e-21

-298492462.3		0.4444444444		1.151664645e-21
-298492462.3		0.4444444444		1.151148674e-21
-298492462.3		0.4444444444		1.150880783e-21

-296984924.6		0.1717171717		9.739216402e-22
-296984924.6		0.1717171717		9.735717955e-22
-296984924.6		0.1717171717		9.73260105e-22

-296984924.6		0.6262626263		9.734883369e-22
-296984924.6		0.6262626263		9.730525322e-22
-296984924.6		0.6262626263		9.728409927e-22

-296984924.6		0.5151515152		9.736439637e-22
-296984924.6		0.5151515152		9.73222671e-22
-296984924.6		0.5151515152		9.729876213e-22

-298492462.3		0.3939393939		1.151721043e-21
-298492462.3		0.3939393939		1.151201258e-21
-298492462.3		0.3939393939		1.150929532e-21

-298492462.3		0.6767676768		1.151339463e-21
-298492462.3		0.6767676768		1.150828512e-21
-298492462.3		0.6767676768		1.150580696e-21

-298492462.3		0.5858585859		1.151479469e-21
-298492462.3		0.5858585859		1.150968651e-21
-298492462.3		0.5858585859		1.150712956e-21

-295477386.9		0.9797979798		7.960063027e-22
-295477386.9		0.9797979798		7.95524221e-22
-295477386.9		0.9797979798		7.952986037e-22

-296984924.6		0.6666666667		9.73423689e-22
-296984924.6		0.6666666667		9.729841411e-22
-296984924.6		0.6666666667		9.727805835e-22

-298492462.3		0.6363636364		1.151403705e-21
-298492462.3		0.6363636364		1.150893079e-21
-298492462.3		0.6363636364		1.150641832e-21

-298492462.3		0.595959596		1.15146472e-21
-298492462.3		0.595959596		1.150953999e-21
-298492462.3		0.595959596		1.150699202e-21

-295477386.9		1		7.959597146e-22
-295477386.9		1		7.954804948e-22
-295477386.9		1		7.95251925e-22

-295477386.9		0.8585858586		7.962666593e-22
-295477386.9		0.8585858586		7.957666309e-22
-295477386.9		0.8585858586		7.955588855e-22

-296984924.6		0.1515151515		9.739288519e-22
-296984924.6		0.1515151515		9.735834653e-22
-296984924.6		0.1515151515		9.732676322e-22

-298492462.3		0.7070707071		1.151289163e-21
-298492462.3		0.7070707071		1.150777738e-21
-298492462.3		0.7070707071		1.150532373e-21

-296984924.6		0.7676767677		9.732441466e-22
-296984924.6		0.7676767677		9.727984277e-22
-296984924.6		0.7676767677		9.726130238e-22

-296984924.6		0.7777777778		9.732248352e-22
-296984924.6		0.7777777778		9.727787166e-22
-296984924.6		0.7777777778		9.72594969e-22

-296984924.6		0.8181818182		9.729407999e-22
-296984924.6		0.8181818182		9.726278972e-22
-296984924.6		0.8181818182		9.725175015e-22

-296984924.6		0.2929292929		9.738575421e-22
-296984924.6		0.2929292929		9.734803499e-22
-296984924.6		0.2929292929		9.731951089e-22

-296984924.6		0.6868686869		9.73389799e-22
-296984924.6		0.6868686869		9.729486706e-22
-296984924.6		0.6868686869		9.727489612e-22

-295477386.9		0.9292929293		7.961187779e-22
-295477386.9		0.9292929293		7.956293328e-22
-295477386.9		0.9292929293		7.954111784e-22

-295477386.9		0.7575757576		7.964584271e-22
-295477386.9		0.7575757576		7.959434183e-22
-295477386.9		0.7575757576		7.95749855e-22

-296984924.6		0.8686868687		9.728444117e-22
-296984924.6		0.8686868687		9.725262074e-22
-296984924.6		0.8686868687		9.724187038e-22

-296984924.6		0.2222222222		9.738992871e-22
-296984924.6		0.2222222222		9.735380965e-22
-296984924.6		0.2222222222		9.732371553e-22

-296984924.6		0.2121212121		9.739042528e-22
-296984924.6		0.2121212121		9.735453472e-22
-296984924.6		0.2121212121		9.732422175e-22

-296984924.6		0.202020202		9.739089706e-22
-296984924.6		0.202020202		9.735523439e-22
-296984924.6		0.202020202		9.732470435e-22

-296984924.6		0.5454545455		9.736047833e-22
-296984924.6		0.5454545455		9.731789203e-22
-296984924.6		0.5454545455		9.729504677e-22

-296984924.6		0.6565656566		9.734402451e-22
-296984924.6		0.6565656566		9.730015589e-22
-296984924.6		0.6565656566		9.727960402e-22

-295477386.9		0.05050505051		7.970038142e-22
-295477386.9		0.05050505051		7.965303909e-22
-295477386.9		0.05050505051		7.964198089e-22

-295477386.9		0.8484848485		7.962868708e-22
-295477386.9		0.8484848485		7.957853241e-22
-295477386.9		0.8484848485		7.955790435e-22

-295477386.9		0.0404040404		7.970028637e-22
-295477386.9		0.0404040404		7.965310407e-22
-295477386.9		0.0404040404		7.964209501e-22

-296984924.6		0.2323232323		9.738940731e-22
-296984924.6		0.2323232323		9.735305935e-22
-296984924.6		0.2323232323		9.732318571e-22

-296984924.6		0.1616161616		9.739253695e-22
-296984924.6		0.1616161616		9.735777613e-22
-296984924.6		0.1616161616		9.732639866e-22

-296984924.6		0.6161616162		9.735038368e-22
-296984924.6		0.6161616162		9.730690937e-22
-296984924.6		0.6161616162		9.728555042e-22

-295477386.9		0.2424242424		7.969739689e-22
-295477386.9		0.2424242424		7.964752448e-22
-295477386.9		0.2424242424		7.963529985e-22

-296984924.6		0.7272727273		9.733189609e-22
-296984924.6		0.7272727273		9.728752108e-22
-296984924.6		0.7272727273		9.726828818e-22

-295477386.9		0.1414141414		7.970011685e-22
-295477386.9		0.1414141414		7.965143926e-22
-295477386.9		0.1414141414		7.963988574e-22

-296984924.6		0.101010101		9.739556987e-22
-296984924.6		0.101010101		9.736166231e-22
-296984924.6		0.101010101		9.732823785e-22

-295477386.9		0.4545454545		7.968306433e-22
-295477386.9		0.4545454545		7.963202913e-22
-295477386.9		0.4545454545		7.961792549e-22

-295477386.9		0.404040404		7.968755022e-22
-295477386.9		0.404040404		7.963660842e-22
-295477386.9		0.404040404		7.962301389e-22

-295477386.9		0.5050505051		7.967790657e-22
-295477386.9		0.5050505051		7.962689558e-22
-295477386.9		0.5050505051		7.961224257e-22

-296984924.6		0.1313131313		9.739479925e-22
-296984924.6		0.1313131313		9.736028756e-22
-296984924.6		0.1313131313		9.732742786e-22

-296984924.6		0.9393939394		9.728294321e-22
-296984924.6		0.9393939394		9.724067638e-22
-296984924.6		0.9393939394		9.722724348e-22

-295477386.9		0.5555555556		7.96772024e-22
-295477386.9		0.5555555556		7.962308791e-22
-295477386.9		0.5555555556		7.960610651e-22

-296984924.6		0.8383838384		9.729028495e-22
-296984924.6		0.8383838384		9.725878736e-22
-296984924.6		0.8383838384		9.724786914e-22

-296984924.6		0.8888888889		9.72804449e-22
-296984924.6		0.8888888889		9.724840082e-22
-296984924.6		0.8888888889		9.723775308e-22

-296984924.6		0.7373737374		9.733006254e-22
-296984924.6		0.7373737374		9.728563251e-22
-296984924.6		0.7373737374		9.726657715e-22

-296984924.6		0.9090909091		9.730041714e-22
-296984924.6		0.9090909091		9.725334045e-22
-296984924.6		0.9090909091		9.72339933e-22

-295477386.9		0.9696969697		7.960292541e-22
-295477386.9		0.9696969697		7.955457213e-22
-295477386.9		0.9696969697		7.953215898e-22

-296984924.6		0.8787878788		9.728245308e-22
-296984924.6		0.8787878788		9.725052168e-22
-296984924.6		0.8787878788		9.723982354e-22

-296984924.6		0.4141414141		9.737569184e-22
-296984924.6		0.4141414141		9.733537797e-22
-296984924.6		0.4141414141		9.730961076e-22

-296984924.6		0.696969697		9.733724689e-22
-296984924.6		0.696969697		9.729306194e-22
-296984924.6		0.696969697		9.727327957e-22

-296984924.6		0.4242424242		9.737468328e-22
-296984924.6		0.4242424242		9.733417021e-22
-296984924.6		0.4242424242		9.730863221e-22

-296984924.6		0.9595959596		9.727839892e-22
-296984924.6		0.9595959596		9.723606485e-22
-296984924.6		0.9595959596		9.722280167e-22

-295477386.9		0.898989899		7.961835258e-22
-295477386.9		0.898989899		7.956895658e-22
-295477386.9		0.898989899		7.954758957e-22

-296984924.6		0.07070707071		9.739612763e-22
-296984924.6		0.07070707071		9.736279625e-22
-296984924.6		0.07070707071		9.732883542e-22

-295477386.9		0.5656565657		7.967585916e-22
-295477386.9		0.5656565657		7.962185703e-22
-295477386.9		0.5656565657		7.960477428e-22

-296984924.6		0.3737373737		9.737946164e-22
-296984924.6		0.3737373737		9.73399759e-22
-296984924.6		0.3737373737		9.73132887e-22

-296984924.6		0.8282828283		9.72921926e-22
-296984924.6		0.8282828283		9.726079941e-22
-296984924.6		0.8282828283		9.724982146e-22

-295477386.9		0.1212121212		7.970035176e-22
-295477386.9		0.1212121212		7.965195252e-22
-295477386.9		0.1212121212		7.964051759e-22

-295477386.9		0.2626262626		7.96965392e-22
-295477386.9		0.2626262626		7.964647244e-22
-295477386.9		0.2626262626		7.963409722e-22

-296984924.6		0		9.739329689e-22
-296984924.6		0		9.736243823e-22
-296984924.6		0		9.732938972e-22

-295477386.9		0.9898989899		7.959831229e-22
-295477386.9		0.9898989899		7.955024793e-22
-295477386.9		0.9898989899		7.952753821e-22

-296984924.6		0.09090909091		9.739577952e-22
-296984924.6		0.09090909091		9.736206729e-22
-296984924.6		0.09090909091		9.732846064e-22

-295477386.9		0.8080808081		7.963654219e-22
-295477386.9		0.8080808081		7.958578304e-22
-295477386.9		0.8080808081		7.956573179e-22

-295477386.9		0.1919191919		7.969908137e-22
-295477386.9		0.1919191919		7.964976249e-22
-295477386.9		0.1919191919		7.963789008e-22

-296984924.6		0.7171717172		9.733370479e-22
-296984924.6		0.7171717172		9.728938888e-22
-296984924.6		0.7171717172		9.726997559e-22

-295477386.9		0.7474747475		7.964763338e-22
-295477386.9		0.7474747475		7.959598695e-22
-295477386.9		0.7474747475		7.95767655e-22

-295477386.9		0.6666666667		7.966111968e-22
-295477386.9		0.6666666667		7.960835639e-22
-295477386.9		0.6666666667		7.95901566e-22

-296984924.6		0.4848484848		9.736806898e-22
-296984924.6		0.4848484848		9.732643987e-22
-296984924.6		0.4848484848		9.730226481e-22

-293969849.2		0.9191919192		6.197324525e-22
-293969849.2		0.9191919192		6.195948344e-22
-293969849.2		0.9191919192		6.194918091e-22

-293969849.2		0.8585858586		6.198591715e-22
-293969849.2		0.8585858586		6.197229216e-22
-293969849.2		0.8585858586		6.196192273e-22

-296984924.6		0.797979798		9.729779356e-22
-296984924.6		0.797979798		9.726670512e-22
-296984924.6		0.797979798		9.725553658e-22

-295477386.9		0.7878787879		7.96403317e-22
-295477386.9		0.7878787879		7.958927342e-22
-295477386.9		0.7878787879		7.956950402e-22

-293969849.2		1		6.195546232e-22
-293969849.2		1		6.194243752e-22
-293969849.2		1		6.193108322e-22

-295477386.9		0.5454545455		7.967852173e-22
-295477386.9		0.5454545455		7.962429715e-22
-295477386.9		0.5454545455		7.960741521e-22

-293969849.2		0.9797979798		6.196002821e-22
-293969849.2		0.9797979798		6.194677323e-22
-293969849.2		0.9797979798		6.193575212e-22

-295477386.9		0.6868686869		7.965788846e-22
-295477386.9		0.6868686869		7.960539541e-22
-295477386.9		0.6868686869		7.958695029e-22

-295477386.9		0.6565656566		7.966270004e-22
-295477386.9		0.6565656566		7.960980418e-22
-295477386.9		0.6565656566		7.95917244e-22

-296984924.6		0.0202020202		9.739335815e-22
-296984924.6		0.0202020202		9.736208458e-22
-296984924.6		0.0202020202		9.732934505e-22

-293969849.2		0.9292929293		6.197109275e-22
-293969849.2		0.9292929293		6.195739645e-22
-293969849.2		0.9292929293		6.194700221e-22

-296984924.6		0.1111111111		9.739533656e-22
-296984924.6		0.1111111111		9.736123057e-22
-296984924.6		0.1111111111		9.732799145e-22

-293969849.2		0.8484848485		6.203090825e-22
-293969849.2		0.8484848485		6.198544363e-22
-293969849.2		0.8484848485		6.196630164e-22

-295477386.9		0.2121212121		7.969848603e-22
-295477386.9		0.2121212121		7.964893455e-22
-295477386.9		0.2121212121		7.963692535e-22

-296984924.6		0.3636363636		9.738033852e-22
-296984924.6		0.3636363636		9.734106669e-22
-296984924.6		0.3636363636		9.731414914e-22

-295477386.9		0.6161616162		7.966878561e-22
-295477386.9		0.6161616162		7.961537789e-22
-295477386.9		0.6161616162		7.959775992e-22

-296984924.6		0.5252525253		9.736311765e-22
-296984924.6		0.5252525253		9.732083111e-22
-296984924.6		0.5252525253		9.729754731e-22

-296984924.6		0.1818181818		9.739176641e-22
-296984924.6		0.1818181818		9.735655696e-22
-296984924.6		0.1818181818		9.732559873e-22

-296984924.6		0.2727272727		9.738707231e-22
-296984924.6		0.2727272727		9.734980843e-22
-296984924.6		0.2727272727		9.732083028e-22

-296984924.6		0.06060606061		9.73962659e-22
-296984924.6		0.06060606061		9.736311987e-22
-296984924.6		0.06060606061		9.732898741e-22

-293969849.2		0.05050505051		6.208757974e-22
-293969849.2		0.05050505051		6.205943274e-22
-293969849.2		0.05050505051		6.204930501e-22

-295477386.9		0.1616161616		7.969977986e-22
-295477386.9		0.1616161616		7.965083599e-22
-295477386.9		0.1616161616		7.96391588e-22

-296984924.6		0.4949494949		9.7366872e-22
-296984924.6		0.4949494949		9.732507155e-22
-296984924.6		0.4949494949		9.730112088e-22

-295477386.9		0.9494949495		7.960744722e-22
-295477386.9		0.9494949495		7.955880025e-22
-295477386.9		0.9494949495		7.953668553e-22

-293969849.2		0.0404040404		6.208790111e-22
-293969849.2		0.0404040404		6.205949439e-22
-293969849.2		0.0404040404		6.204936967e-22

-296984924.6		0.3838383838		9.737855864e-22
-296984924.6		0.3838383838		9.733886155e-22
-296984924.6		0.3838383838		9.731240465e-22

-296984924.6		0.3434343434		9.738201435e-22
-296984924.6		0.3434343434		9.734317726e-22
-296984924.6		0.3434343434		9.731579915e-22

-295477386.9		0.202020202		7.969879672e-22
-295477386.9		0.202020202		7.964935974e-22
-295477386.9		0.202020202		7.963741961e-22

-295477386.9		0.1717171717		7.969957285e-22
-295477386.9		0.1717171717		7.965050062e-22
-295477386.9		0.1717171717		7.963875968e-22

-296984924.6		0.0101010101		9.73933411e-22
-296984924.6		0.0101010101		9.736227602e-22
-296984924.6		0.0101010101		9.732937919e-22

-296984924.6		0.08080808081		9.739596547e-22
-296984924.6		0.08080808081		9.736244533e-22
-296984924.6		0.08080808081		9.732865983e-22

-296984924.6		0.303030303		9.738505724e-22
-296984924.6		0.303030303		9.734711169e-22
-296984924.6		0.303030303		9.731881577e-22

-293969849.2		0.4545454545		6.205241496e-22
-293969849.2		0.4545454545		6.203605526e-22
-293969849.2		0.4545454545		6.202555668e-22

-295477386.9		0.6262626263		7.966729968e-22
-295477386.9		0.6262626263		7.961401704e-22
-295477386.9		0.6262626263		7.959628638e-22

-293969849.2		0.404040404		6.205684986e-22
-293969849.2		0.404040404		6.204028196e-22
-293969849.2		0.404040404		6.203020593e-22

-296984924.6		0.5757575758		9.735631479e-22
-296984924.6		0.5757575758		9.731331686e-22
-296984924.6		0.5757575758		9.729111871e-22

-296984924.6		0.6060606061		9.73519069e-22
-296984924.6		0.6060606061		9.73085439e-22
-296984924.6		0.6060606061		9.728697794e-22

-293969849.2		0.5050505051		6.204575894e-22
-293969849.2		0.5050505051		6.203029175e-22
-293969849.2		0.5050505051		6.201970985e-22

-295477386.9		0.5151515152		7.967679462e-22
-295477386.9		0.5151515152		7.962580241e-22
-295477386.9		0.5151515152		7.961103466e-22

-296984924.6		0.4646464646		9.737038157e-22
-296984924.6		0.4646464646		9.732910829e-22
-296984924.6		0.4646464646		9.730448179e-22

-293969849.2		0.1414141414		6.207562922e-22
-293969849.2		0.1414141414		6.205607504e-22
-293969849.2		0.1414141414		6.204624772e-22

-295477386.9		0.7676767677		7.964402885e-22
-295477386.9		0.7676767677		7.959267457e-22
-295477386.9		0.7676767677		7.957318192e-22

-296984924.6		0.6464646465		9.734565395e-22
-296984924.6		0.6464646465		9.730187639e-22
-296984924.6		0.6464646465		9.728112607e-22

-296984924.6		0.3333333333		9.738281352e-22
-296984924.6		0.3333333333		9.734419685e-22
-296984924.6		0.3333333333		9.731658873e-22

-296984924.6		0.3535353535		9.738118939e-22
-296984924.6		0.3535353535		9.734213384e-22
-296984924.6		0.3535353535		9.731498595e-22

-293969849.2		0.7575757576		6.204729512e-22
-293969849.2		0.7575757576		6.200217733e-22
-293969849.2		0.7575757576		6.19840566e-22

-296984924.6		0.2525252525		9.738828982e-22
-296984924.6		0.2525252525		9.735148356e-22
-296984924.6		0.2525252525		9.732205522e-22

-295477386.9		0.8181818182		7.963461288e-22
-295477386.9		0.8181818182		7.958400423e-22
-295477386.9		0.8181818182		7.95638103e-22

-296984924.6		0.2828282828		9.738642588e-22
-296984924.6		0.2828282828		9.734893394e-22
-296984924.6		0.2828282828		9.732018239e-22

-295477386.9		0.7777777778		7.964219183e-22
-295477386.9		0.7777777778		7.959098512e-22
-295477386.9		0.7777777778		7.957135476e-22

-295477386.9		0.1515151515		7.969996116e-22
-295477386.9		0.1515151515		7.965114887e-22
-295477386.9		0.1515151515		7.963953416e-22

-296984924.6		0.4747474747		9.736923882e-22
-296984924.6		0.4747474747		9.732778547e-22
-296984924.6		0.4747474747		9.730338512e-22

-293969849.2		0.5555555556		6.203861215e-22
-293969849.2		0.5555555556		6.20238642e-22
-293969849.2		0.5555555556		6.201322783e-22

-296984924.6		0.3131313131		9.738433486e-22
-296984924.6		0.3131313131		9.734616417e-22
-296984924.6		0.3131313131		9.731809704e-22

-296984924.6		0.6363636364		9.734725707e-22
-296984924.6		0.6363636364		9.730357553e-22
-296984924.6		0.6363636364		9.728262449e-22

-296984924.6		0.4343434343		9.737364807e-22
-296984924.6		0.4343434343		9.733293928e-22
-296984924.6		0.4343434343		9.730763004e-22

-296984924.6		0.5353535354		9.736181164e-22
-296984924.6		0.5353535354		9.731937273e-22
-296984924.6		0.5353535354		9.729630885e-22

-296984924.6		0.6767676768		9.73406873e-22
-296984924.6		0.6767676768		9.729665114e-22
-296984924.6		0.6767676768		9.727648905e-22

-293969849.2		0.2424242424		6.206850307e-22
-293969849.2		0.2424242424		6.205140773e-22
-293969849.2		0.2424242424		6.204165846e-22

-296984924.6		0.5858585859		9.735487255e-22
-296984924.6		0.5858585859		9.731174774e-22
-296984924.6		0.5858585859		9.728976208e-22

-296984924.6		0.0303030303		9.739334821e-22
-296984924.6		0.0303030303		9.736186409e-22
-296984924.6		0.0303030303		9.732928729e-22

-296984924.6		0.4444444444		9.737258611e-22
-296984924.6		0.4444444444		9.733168527e-22
-296984924.6		0.4444444444		9.730660425e-22

-296984924.6		0.3939393939		9.737762942e-22
-296984924.6		0.3939393939		9.733772372e-22
-296984924.6		0.3939393939		9.731149697e-22

-296984924.6		0.7070707071		9.733548845e-22
-296984924.6		0.7070707071		9.729123585e-22
-296984924.6		0.7070707071		9.727163939e-22

-293969849.2		0.9696969697		6.196228128e-22
-293969849.2		0.9696969697		6.19489226e-22
-293969849.2		0.9696969697		6.193805016e-22

-295477386.9		0.7272727273		7.965114501e-22
-295477386.9		0.7272727273		7.959921098e-22
-295477386.9		0.7272727273		7.958025475e-22

-295477386.9		0.8686868687		7.962462189e-22
-295477386.9		0.8686868687		7.957477094e-22
-295477386.9		0.8686868687		7.955384917e-22

-296984924.6		0.595959596		9.735340322e-22
-296984924.6		0.595959596		9.731015672e-22
-296984924.6		0.595959596		9.728838183e-22

-295477386.9		0.2929292929		7.969505401e-22
-295477386.9		0.2929292929		7.964472667e-22
-295477386.9		0.2929292929		7.963211483e-22

-295477386.9		0.2323232323		7.969778618e-22
-295477386.9		0.2323232323		7.964801691e-22
-295477386.9		0.2323232323		7.963586547e-22

-296984924.6		0.3232323232		9.738358698e-22
-296984924.6		0.3232323232		9.734519252e-22
-296984924.6		0.3232323232		9.73173547e-22

-295477386.9		0.2222222222		7.969814921e-22
-295477386.9		0.2222222222		7.964848694e-22
-295477386.9		0.2222222222		7.963640731e-22

-295477386.9		0.8383838384		7.96306853e-22
-295477386.9		0.8383838384		7.958037899e-22
-295477386.9		0.8383838384		7.955989658e-22

-293969849.2		0.5656565657		6.20740872e-22
-293969849.2		0.5656565657		6.203132574e-22
-293969849.2		0.5656565657		6.201514368e-22

-295477386.9		0.101010101		7.970048537e-22
-295477386.9		0.101010101		7.96523757e-22
-295477386.9		0.101010101		7.96410544e-22

-293969849.2		0.8080808081		6.203849179e-22
-293969849.2		0.8080808081		6.199311208e-22
-293969849.2		0.8080808081		6.197442582e-22

-295477386.9		0.9393939394		7.960967391e-22
-295477386.9		0.9393939394		7.956087859e-22
-295477386.9		0.9393939394		7.953891347e-22

-295477386.9		0.8888888889		7.96204652e-22
-295477386.9		0.8888888889		7.957091778e-22
-295477386.9		0.8888888889		7.954969968e-22

-295477386.9		0.1313131313		7.970024702e-22
-295477386.9		0.1313131313		7.965170715e-22
-295477386.9		0.1313131313		7.964021355e-22

-295477386.9		0.696969697		7.965623766e-22
-295477386.9		0.696969697		7.960388216e-22
-295477386.9		0.696969697		7.958531177e-22

-295477386.9		0.8787878788		7.962255498e-22
-295477386.9		0.8787878788		7.957285586e-22
-295477386.9		0.8787878788		7.955178621e-22

-293969849.2		0.2626262626		6.206710397e-22
-293969849.2		0.2626262626		6.205022218e-22
-293969849.2		0.2626262626		6.204047343e-22

-293969849.2		0.1919191919		6.20718288e-22
-293969849.2		0.1919191919		6.20540095e-22
-293969849.2		0.1919191919		6.204424824e-22

-293969849.2		0.6666666667		6.206128006e-22
-293969849.2		0.6666666667		6.201703663e-22
-293969849.2		0.6666666667		6.199989117e-22

