# ky		B		eigenvalue
-274487243.6		0.3		1.535083912e-23

-193446723.4		0.3		9.042890721e-24

-256478239.1		0.3		1.515869393e-23

-178439219.6		0.3		1.613815084e-23

-284992496.2		0.3		1.54772189e-23

-196448224.1		0.3		1.376006629e-23

-275987994		0.3		1.538342554e-23

-244472236.1		0.3		1.476699978e-23

-262481240.6		0.3		1.651286303e-23

-205452726.4		0.3		1.4789792e-23

-259479739.9		0.3		1.44993412e-23

-266983491.7		0.3		1.497218899e-23

-286493246.6		0.3		1.57155959e-23

-136418209.1		0.3		7.98539605e-24

-283491745.9		0.3		1.545087484e-23

-236968484.2		0.3		1.357726022e-23

-260980490.2		0.3		1.505956014e-23

-229464732.4		0.3		1.455364297e-23

-227963982		0.3		1.593544344e-23

-230965482.7		0.3		1.214958324e-23

-203951976		0.3		1.635829575e-23

-214457228.6		0.3		1.336278784e-23

-278989494.7		0.3		1.744700557e-23

-226463231.6		0.3		1.39124215e-23

-220460230.1		0.3		1.708070894e-23

-248974487.2		0.3		1.293158899e-23

-173936968.5		0.3		7.606251851e-24

-251975988		0.3		1.379878074e-23

-175437718.9		0.3		2.509090031e-23

-188944472.2		0.3		2.265761707e-23

-239969985		0.3		1.607960735e-23

-280490245.1		0.3		1.555207813e-23

-172436218.1		0.3		1.991424892e-23

-235467733.9		0.3		1.43992166e-23

-154427213.6		0.3		2.189852673e-23

-143921961		0.3		4.78566136e-24

-233966983.5		0.3		1.475484693e-23

-166433216.6		0.3		1.923096955e-23

-199449724.9		0.3		1.502042958e-23

-169434717.4		0.3		1.765159422e-23

-287993997		0.3		1.557801148e-23

-272986493.2		0.3		1.61155758e-23

-212956478.2		0.3		1.453798415e-23

-133416708.4		0.3		1.164848688e-23

-277488744.4		0.3		1.77226716e-23

-257978989.5		0.3		1.666667718e-23

-223461730.9		0.3		1.983932819e-23

-209954977.5		0.3		1.386351285e-23

-247473736.9		0.3		1.488211991e-23

-263981991		0.3		1.547612022e-23

-206953476.7		0.3		1.145342937e-23

-224962481.2		0.3		1.173475778e-23

-271485742.9		0.3		1.543414431e-23

-254977488.7		0.3		1.494217016e-23

-155927964		0.3		1.07905691e-23

-161930965.5		0.3		1.213439038e-23

-211455727.9		0.3		1.469719407e-23

-179939970		0.3		1.297949288e-23

-265482741.4		0.3		1.53837978e-23

-281990995.5		0.3		1.678440356e-23

-190445222.6		0.3		1.476626829e-23

-242971485.7		0.3		1.463327444e-23

-268484242.1		0.3		1.535997169e-23

-163431715.9		0.3		1.532459443e-23

-221960980.5		0.3		1.716857053e-23

-202451225.6		0.3		1.617085456e-23

-238469234.6		0.3		1.47938783e-23

-232466233.1		0.3		1.299069456e-23

-253476738.4		0.3		1.509621284e-23

-160430215.1		0.3		1.273800496e-23

-184442221.1		0.3		1.351218718e-23

-181440720.4		0.3		1.421612925e-23

-142421210.6		0.3		1.031609969e-23

-134917458.7		0.3		9.875933352e-24

-182941470.7		0.3		1.591681771e-23

-197948974.5		0.3		1.459673618e-23

-167933967		0.3		1.118751079e-23

-127413706.9		0.3		1.031194961e-23

-208454227.1		0.3		1.252164321e-23

-217458729.4		0.3		1.85285323e-23

-151425712.9		0.3		6.29610601e-24

-215957979		0.3		1.468569576e-23

-250475237.6		0.3		1.693215017e-23

-245972986.5		0.3		1.553054848e-23

-185942971.5		0.3		1.600915318e-23

-194947473.7		0.3		1.18993267e-23

-158929464.7		0.3		1.869992215e-23

-176938469.2		0.3		9.327018953e-24

-170935467.7		0.3		9.352545509e-24

-128914457.2		0.3		1.118219028e-23

-187443721.9		0.3		1.318283178e-23

-200950475.2		0.3		1.551323782e-23

-218959479.7		0.3		1.403511489e-23

-241470735.4		0.3		1.836340404e-23

-269984992.5		0.3		1.581268109e-23

-191945973		0.3		9.35277521e-24

-145422711.4		0.3		3.756369902e-24

-157428714.4		0.3		1.068482279e-23

-148424212.1		0.3		2.322629527e-23

-140920460.2		0.3		1.798569095e-23

-152926463.2		0.3		9.237403248e-24

-146923461.7		0.3		1.045539751e-23

-131915958		0.3		1.231802722e-23

-125912956.5		0.3		9.514890785e-24

-164932466.2		0.3		1.447778786e-23

-149924962.5		0.3		1.277442204e-23

-124412206.1		0.3		8.817651611e-24

-137918959.5		0.3		1.001823167e-23

-122911455.7		0.3		8.101770681e-24

-139419709.9		0.3		1.684756345e-23

-121410705.4		0.3		7.10761429e-24

-130415207.6		0.3		1.196468494e-23

-289494747.4		0.3		1.045504814e-22

-296998499.2		0.3		9.748968941e-22

-290995497.7		0.3		2.762364241e-22

-274187093.5		0.3		1.6227591e-23

-193146573.3		0.3		2.209023767e-23

-298499249.6		0.3		1.151930297e-21

-300000000		0.3		1.329874158e-21

-256178089		0.3		1.4326732e-23

-293996998.5		0.3		6.236425106e-22

-292496248.1		0.3		4.494266679e-22

-178139069.5		0.3		1.531856781e-23

-284692346.2		0.3		1.610201609e-23

-220160080		0.3		1.718569331e-23

-188644322.2		0.3		1.239275138e-23

-175137568.8		0.3		9.689334109e-24

-295497748.9		0.3		7.988077497e-22

-239669834.9		0.3		1.562948566e-23

-172136068		0.3		8.065274225e-24

-196148074		0.3		1.519859148e-23

-275687843.9		0.3		1.592972233e-23

-244172086		0.3		1.60503102e-23

-205152576.3		0.3		1.632836545e-23

-161630815.4		0.3		1.456550819e-23

-259179589.8		0.3		1.50454776e-23

-262181090.5		0.3		1.71773088e-23

-136118059		0.3		1.034832367e-23

-260680340.2		0.3		1.502827825e-23

-283191595.8		0.3		1.543455298e-23

-236668334.2		0.3		1.372180784e-23

-229164582.3		0.3		1.453872078e-23

-248674337.2		0.3		1.654395034e-23

-152626313.2		0.3		7.512848838e-24

-266683341.7		0.3		1.597548374e-23

-227663831.9		0.3		1.604315302e-23

-286193096.5		0.3		1.578081403e-23

-278689344.7		0.3		1.549764274e-23

-203651825.9		0.3		1.331447087e-23

-214157078.5		0.3		1.892264155e-23

-230665332.7		0.3		1.891916031e-23

-143621810.9		0.3		1.479834225e-23

-226163081.5		0.3		1.379767558e-23

-223161580.8		0.3		1.417940912e-23

-251675837.9		0.3		1.328323295e-23

-173636818.4		0.3		2.069293457e-23

-263681840.9		0.3		1.492875943e-23

-199149574.8		0.3		1.395808763e-23

-217158579.3		0.3		1.179538497e-23

-280190095		0.3		1.709996266e-23

-235167583.8		0.3		1.529869191e-23

-166133066.5		0.3		1.228606916e-23

-167633816.9		0.3		1.670636412e-23

-154127063.5		0.3		1.014755195e-23

-233666833.4		0.3		1.451116107e-23

-287693846.9		0.3		1.55322604e-23

-169134567.3		0.3		1.056569734e-23

-212656328.2		0.3		1.451939808e-23

-133116558.3		0.3		9.089992023e-24

-247173586.8		0.3		1.491741541e-23

-209654827.4		0.3		1.385508195e-23

-277188594.3		0.3		1.614621644e-23

-257678839.4		0.3		1.620655706e-23

-271185592.8		0.3		1.564256253e-23

-206653326.7		0.3		2.162672786e-23

-224662331.2		0.3		1.98961012e-23

-155627813.9		0.3		1.926723802e-23

-211155577.8		0.3		1.683004807e-23

-254677338.7		0.3		1.604095671e-23

-184142071		0.3		1.581296548e-23

-142121060.5		0.3		2.121658454e-23

-179639819.9		0.3		1.278325521e-23

-242671335.7		0.3		1.425560507e-23

-221660830.4		0.3		1.681428279e-23

-163131565.8		0.3		1.315107288e-23

-281690845.4		0.3		1.592862191e-23

-160130065		0.3		1.71851077e-23

-190145072.5		0.3		1.053667207e-23

-202151075.5		0.3		1.369199256e-23

-200650325.2		0.3		1.418908378e-23

-253176588.3		0.3		1.52917267e-23

-215657828.9		0.3		1.301920234e-23

-232166083		0.3		1.559338821e-23

-265182591.3		0.3		1.488858256e-23

-181140570.3		0.3		1.673940252e-23

-127113556.8		0.3		7.043898214e-24

-238169084.5		0.3		1.48325748e-23

-134617308.7		0.3		9.963265646e-24

-185642821.4		0.3		1.427710694e-23

-191645822.9		0.3		1.413758434e-23

-170635317.7		0.3		2.133765401e-23

-208154077		0.3		2.024252618e-23

-197648824.4		0.3		1.350870867e-23

-269684842.4		0.3		1.534982231e-23

-245672836.4		0.3		1.248508071e-23

-182641320.7		0.3		1.329038721e-23

-218659329.7		0.3		1.874648387e-23

-194647323.7		0.3		2.174912854e-23

-151125562.8		0.3		1.280771152e-23

-241170585.3		0.3		1.497103611e-23

-158629314.7		0.3		1.090738978e-23

-145122561.3		0.3		6.155476723e-24

-268184092		0.3		1.56033569e-23

-272686343.2		0.3		1.539716193e-23

-128614307.2		0.3		7.372331835e-24

-250175087.5		0.3		1.605801914e-23

-176638319.2		0.3		1.364830968e-23

-187143571.8		0.3		1.57232387e-23

-157128564.3		0.3		1.160263512e-23

-140620310.2		0.3		1.251315188e-23

-131615807.9		0.3		8.191010972e-24

-146623311.7		0.3		3.320176411e-24

-125612806.4		0.3		6.53635822e-24

-148124062		0.3		9.070564582e-24

-164632316.2		0.3		1.233212165e-23

-124112056		0.3		5.940983129e-24

-149624812.4		0.3		2.212102755e-23

-137618809.4		0.3		8.919047759e-24

-130115057.5		0.3		7.659042622e-24

-122611305.7		0.3		5.578382601e-24

-139119559.8		0.3		7.49300776e-24

-121110555.3		0.3		5.681823142e-24

-219859930		0.3		1.774943776e-23

-188344172.1		0.3		1.25617404e-23

-239369684.8		0.3		1.571884499e-23

-273886943.5		0.3		1.798855187e-23

-289194597.3		0.3		7.077202558e-23

-192846423.2		0.3		1.219684298e-23

-152326163.1		0.3		1.227394497e-23

-255877939		0.3		1.390743495e-23

-177838919.5		0.3		1.042930385e-23

-174837418.7		0.3		9.423316764e-24

-216858429.2		0.3		1.725020133e-23

-171835918		0.3		1.176358401e-23

-161330665.3		0.3		1.359197145e-23

-284392196.1		0.3		1.571419368e-23

-167333666.8		0.3		1.411662433e-23

-195847924		0.3		1.246071416e-23

-290695347.7		0.3		2.417369755e-22

-275387693.8		0.3		1.80956275e-23

-296698349.2		0.3		9.396222874e-22

-204852426.2		0.3		1.086446292e-23

-243871936		0.3		1.533783067e-23

-261880940.5		0.3		1.524861194e-23

-228864432.2		0.3		1.654577604e-23

-258879439.7		0.3		1.560464379e-23

-292196098		0.3		4.147197894e-22

-282891445.7		0.3		1.538688612e-23

-135817909		0.3		7.483277504e-24

-260380190.1		0.3		1.587395512e-23

-200350175.1		0.3		1.401110713e-23

-236368184.1		0.3		1.851962815e-23

-213856928.5		0.3		1.517218196e-23

-222861430.7		0.3		1.898875517e-23

-191345672.8		0.3		1.933427382e-23

-293696848.4		0.3		5.887378486e-22

-230365182.6		0.3		1.353710589e-23

-173336668.3		0.3		1.571418778e-23

-248374187.1		0.3		1.826794398e-23

-143321660.8		0.3		1.832791299e-23

-227363681.8		0.3		1.507410575e-23

-278389194.6		0.3		1.659801283e-23

-203351675.8		0.3		1.282658627e-23

-225862931.5		0.3		1.550574436e-23

-251375687.8		0.3		1.582486601e-23

-266383191.6		0.3		1.507334506e-23

-285892946.5		0.3		1.575234529e-23

-263381690.8		0.3		1.41302111e-23

-198849424.7		0.3		1.409805744e-23

-298199099.5		0.3		1.116469059e-21

-234867433.7		0.3		1.532259221e-23

-219559779.9		0.3		1.573212907e-23

-279889945		0.3		1.535776086e-23

-188044022		0.3		1.857369699e-23

-165832916.5		0.3		1.226678154e-23

-153826913.5		0.3		8.759121346e-24

-239069534.8		0.3		1.502370184e-23

-233366683.3		0.3		1.580661744e-23

-132816408.2		0.3		1.071615015e-23

-287393696.8		0.3		1.559287206e-23

-168834417.2		0.3		1.132760914e-23

-212356178.1		0.3		1.418530474e-23

-246873436.7		0.3		1.5771532e-23

-276888444.2		0.3		1.545034032e-23

-299699849.9		0.3		1.294222728e-21

-209354677.3		0.3		1.399861517e-23

-295197598.8		0.3		7.63704104e-22

-270885442.7		0.3		1.558842515e-23

-206353176.6		0.3		9.606402892e-24

-183841921		0.3		1.537584439e-23

-224362181.1		0.3		1.158469155e-23

-210855427.7		0.3		1.775689117e-23

-254377188.6		0.3		1.727838216e-23

-155327663.8		0.3		1.136080319e-23

-179339669.8		0.3		1.66900049e-23

-141820910.5		0.3		8.95100028e-24

-242371185.6		0.3		1.742776901e-23

-257378689.3		0.3		1.570077623e-23

-221360680.3		0.3		1.790788153e-23

-162831415.7		0.3		1.485525708e-23

-215357678.8		0.3		1.6101241e-23

-159829915		0.3		1.183016224e-23

-281390695.3		0.3		1.538114119e-23

-180840420.2		0.3		1.287633204e-23

-126813406.7		0.3		1.072820499e-23

-252876438.2		0.3		1.495094016e-23

-189844922.5		0.3		2.063013858e-23

-264882441.2		0.3		1.570735669e-23

-201850925.5		0.3		1.365657315e-23

-231865933		0.3		1.602671303e-23

-237868934.5		0.3		1.60802981e-23

-185342671.3		0.3		1.359255989e-23

-134317158.6		0.3		8.692343414e-24

-207853927		0.3		1.161395437e-23

-144822411.2		0.3		1.89991583e-23

-170335167.6		0.3		1.337528381e-23

-186843421.7		0.3		1.49180792e-23

-218359179.6		0.3		1.265406134e-23

-240870435.2		0.3		1.402934616e-23

-164332166.1		0.3		1.80314235e-23

-245372686.3		0.3		1.577350055e-23

-194347173.6		0.3		1.011628486e-23

-249874937.5		0.3		1.497954668e-23

-197348674.3		0.3		1.373481339e-23

-128314157.1		0.3		1.150263247e-23

-176338169.1		0.3		2.118076044e-23

-152026013		0.3		2.131949804e-23

-182341170.6		0.3		1.480232422e-23

-150825412.7		0.3		2.144779002e-23

-158329164.6		0.3		1.320208458e-23

-123811906		0.3		1.023733278e-23

-156828414.2		0.3		1.610581579e-23

-140320160.1		0.3		6.806255579e-24

-269384692.3		0.3		1.570843245e-23

-125312656.3		0.3		1.035839544e-23

-131315657.8		0.3		1.215703087e-23

-149324662.3		0.3		8.357507706e-24

-146323161.6		0.3		8.425416271e-24

-147823912		0.3		3.417395381e-24

-120810405.2		0.3		7.519097395e-24

-267883942		0.3		1.552180949e-23

-129814907.5		0.3		1.227965042e-23

-137318659.3		0.3		7.871784173e-24

-216558279.1		0.3		1.307517147e-23

-272386193.1		0.3		1.524579065e-23

-122311155.6		0.3		9.543131535e-24

-138819409.7		0.3		8.192006059e-24

-273586793.4		0.3		1.887956651e-23

-192546273.1		0.3		1.061021296e-23

-213556778.4		0.3		1.720844995e-23

-204552276.1		0.3		2.285195765e-23

-255577788.9		0.3		1.549847966e-23

-191045522.8		0.3		9.338819138e-24

-177538769.4		0.3		1.514122524e-23

-288894447.2		0.3		3.812009071e-23

-171535767.9		0.3		2.455190746e-23

-167033516.8		0.3		1.269119961e-23

-174537268.6		0.3		2.484656148e-23

-161030515.3		0.3		1.440726615e-23

-219259629.8		0.3		1.828975019e-23

-284092046		0.3		1.54201183e-23

-238769384.7		0.3		1.605127094e-23

-195547773.9		0.3		1.936811022e-23

-275087543.8		0.3		1.754472788e-23

-228564282.1		0.3		1.549020567e-23

-243571785.9		0.3		1.67014198e-23

-260080040		0.3		1.509444173e-23

-258579289.6		0.3		1.49089345e-23

-282591295.6		0.3		1.547021304e-23

-135517758.9		0.3		1.490431865e-23

-187743871.9		0.3		1.334899662e-23

-261580790.4		0.3		1.501295207e-23

-236068034		0.3		1.397223171e-23

-200050025		0.3		1.485227618e-23

-173036518.3		0.3		7.159798175e-24

-222561280.6		0.3		1.584156746e-23

-151725862.9		0.3		8.580676547e-24

-248074037		0.3		1.435071623e-23

-230065032.5		0.3		1.478184962e-23

-143021510.8		0.3		6.393996514e-24

-278089044.5		0.3		1.655732426e-23

-203051525.8		0.3		1.770994195e-23

-120510255.1		0.3		6.387495618e-24

-227063531.8		0.3		1.423544488e-23

-225562781.4		0.3		1.275929715e-23

-216258129.1		0.3		1.509366728e-23

-290395197.6		0.3		2.072987304e-22

-263081540.8		0.3		1.50057355e-23

-198549274.6		0.3		1.598831422e-23

-234567283.6		0.3		1.775344047e-23

-251075537.8		0.3		1.807647714e-23

-279589794.9		0.3		1.743228127e-23

-285592796.4		0.3		1.54512811e-23

-233066533.3		0.3		1.424134717e-23

-266083041.5		0.3		1.451260394e-23

-165532766.4		0.3		1.657240195e-23

-153526763.4		0.3		1.146016821e-23

-276588294.1		0.3		1.754792631e-23

-246573286.6		0.3		1.463901935e-23

-132516258.1		0.3		1.07939866e-23

-287093546.8		0.3		1.56273008e-23

-212056028		0.3		1.428677412e-23

-168534267.1		0.3		2.290108135e-23

-209054527.3		0.3		1.336390345e-23

-206053026.5		0.3		2.220151906e-23

-270585292.6		0.3		1.552098373e-23

-183541770.9		0.3		1.345204725e-23

-224062031		0.3		2.032680974e-23

-242071035.5		0.3		1.55948476e-23

-210555277.6		0.3		1.623713452e-23

-179039519.8		0.3		1.371044249e-23

-155027513.8		0.3		9.845895268e-24

-254077038.5		0.3		1.588312789e-23

-141520760.4		0.3		6.084015948e-24

-215057528.8		0.3		1.246451221e-23

-221060530.3		0.3		1.656552528e-23

-281090545.3		0.3		1.660921959e-23

-162531265.6		0.3		1.249384133e-23

-257078539.3		0.3		1.520708729e-23

-159529764.9		0.3		1.420314995e-23

-180540270.1		0.3		1.357184159e-23

-264582291.1		0.3		1.595503938e-23

-126513256.6		0.3		5.050299066e-24

-252576288.1		0.3		1.561214382e-23

-189544772.4		0.3		1.232290028e-23

-164032016		0.3		1.265544973e-23

-185042521.3		0.3		1.610096757e-23

-134017008.5		0.3		1.437392805e-23

-237568784.4		0.3		1.22012524e-23

-186543271.6		0.3		1.373734642e-23

-201550775.4		0.3		1.528837791e-23

-231565782.9		0.3		1.23721326e-23

-207553776.9		0.3		1.564593981e-23

-144522261.1		0.3		1.515624962e-23

-176038019		0.3		8.848843637e-24

-240570285.1		0.3		1.617417307e-23

-170035017.5		0.3		9.466988241e-24

-218059029.5		0.3		1.891558163e-23

-158029014.5		0.3		1.34133453e-23

-245072536.3		0.3		1.846194483e-23

-123511755.9		0.3		4.146160893e-24

-194047023.5		0.3		1.587121494e-23

-128014007		0.3		5.552770633e-24

-140020010		0.3		6.561131154e-24

-249574787.4		0.3		1.58484359e-23

-197048524.3		0.3		1.996788234e-23

-190745372.7		0.3		1.765173189e-23

-182041020.5		0.3		1.639560767e-23

-125012506.3		0.3		4.561066645e-24

-150525262.6		0.3		8.2415786e-24

-146023011.5		0.3		2.237364684e-23

-156528264.1		0.3		1.304779084e-23

-149024512.3		0.3		4.113713654e-24

-204252126.1		0.3		1.15706896e-23

-131015507.8		0.3		7.95536854e-24

-291895948		0.3		3.800209068e-22

-147523761.9		0.3		1.052813457e-23

-138519259.6		0.3		7.52455548e-24

-129514757.4		0.3		6.342007056e-24

-269084542.3		0.3		1.570454526e-23

-122011005.5		0.3		4.468927695e-24

-137018509.3		0.3		1.117753628e-23

-272086043		0.3		1.549118444e-23

-119909955		0.3		6.313055046e-24

-267583791.9		0.3		1.548239896e-23

-293396698.3		0.3		5.538429376e-22

-118409204.6		0.3		7.197123394e-24

-296398199.1		0.3		9.043512089e-22

-273286643.3		0.3		1.743298589e-23

-160730365.2		0.3		1.309996114e-23

-192246123.1		0.3		2.49458725e-23

-213256628.3		0.3		1.522874718e-23

-228264132.1		0.3		1.800414713e-23

-115407703.9		0.3		3.338196047e-24

-255277638.8		0.3		1.579478594e-23

-166733366.7		0.3		1.215225785e-23

-171235617.8		0.3		1.02244924e-23

-177238619.3		0.3		1.785141683e-23

-174237118.6		0.3		1.214685739e-23

-120210105.1		0.3		5.824604099e-24

-294897448.7		0.3		7.286241658e-22

-297898949.5		0.3		1.081005997e-21

-195247623.8		0.3		1.215694524e-23

-283791895.9		0.3		1.541327273e-23

-274787393.7		0.3		1.574605737e-23

-299399699.8		0.3		1.258594786e-21

-288594297.1		0.3		1.596768891e-23

-243271635.8		0.3		1.525629225e-23

-259779889.9		0.3		1.420861618e-23

-113906953.5		0.3		6.847403515e-24

-258279139.6		0.3		1.513428457e-23

-199749874.9		0.3		1.754498599e-23

-282291145.6		0.3		1.599486186e-23

-116908454.2		0.3		6.80053398e-24

-261280640.3		0.3		1.493900715e-23

-135217608.8		0.3		9.612855852e-24

-229764882.4		0.3		1.422686076e-23

-235767883.9		0.3		1.538689076e-23

-172736368.2		0.3		1.606951119e-23

-180240120.1		0.3		1.68649935e-23

-222261130.6		0.3		1.782156384e-23

-247773886.9		0.3		1.586384593e-23

-277788894.4		0.3		1.542748263e-23

-198249124.6		0.3		1.606875755e-23

-202751375.7		0.3		1.440404283e-23

-142721360.7		0.3		5.145318321e-24

-226763381.7		0.3		1.449946678e-23

-225262631.3		0.3		1.804284291e-23

-112406203.1		0.3		8.587652617e-24

-244772386.2		0.3		1.409372122e-23

-234267133.6		0.3		1.467070457e-23

-232766383.2		0.3		1.890845822e-23

-250775387.7		0.3		1.469895111e-23

-276288144.1		0.3		1.707407967e-23

-246273136.6		0.3		1.75277974e-23

-279289644.8		0.3		1.535226764e-23

-262781390.7		0.3		1.516854756e-23

-165232616.3		0.3		1.313156622e-23

-119609804.9		0.3		5.83468803e-24

-286793396.7		0.3		1.55038846e-23

-132216108.1		0.3		8.300645211e-24

-153226613.3		0.3		2.173631149e-23

-271785892.9		0.3		1.557385493e-23

-285292646.3		0.3		1.579811845e-23

-265782891.4		0.3		1.516999103e-23

-118109054.5		0.3		5.621014119e-24

-211755877.9		0.3		1.503148654e-23

-168234117.1		0.3		1.159490419e-23

-208754377.2		0.3		1.84660303e-23

-270285142.6		0.3		1.572335359e-23

-241770885.4		0.3		1.218075154e-23

-183241620.8		0.3		1.53475e-23

-205752876.4		0.3		1.114695739e-23

-223761880.9		0.3		1.257238524e-23

-178739369.7		0.3		1.171383839e-23

-253776888.4		0.3		1.380140372e-23

-210255127.6		0.3		1.528485119e-23

-214757378.7		0.3		1.741883283e-23

-154727363.7		0.3		1.080883589e-23

-141220610.3		0.3		6.808333797e-24

-162231115.6		0.3		1.89417819e-23

-220760380.2		0.3		1.791376964e-23

-280790395.2		0.3		1.605445995e-23

-107903952		0.3		9.041780181e-24

-290095047.5		0.3		1.729314339e-22

-256778389.2		0.3		1.519179044e-23

-252276138.1		0.3		1.486122131e-23

-163731865.9		0.3		1.331464028e-23

-126213106.6		0.3		8.231728163e-24

-159229614.8		0.3		1.224973791e-23

-207253626.8		0.3		1.468829329e-23

-186243121.6		0.3		1.415820352e-23

-189244622.3		0.3		1.173818318e-23

-184742371.2		0.3		1.482232301e-23

-144222111.1		0.3		4.71787875e-24

-237268634.3		0.3		2.0501028e-23

-133716858.4		0.3		7.666490627e-24

-157728864.4		0.3		1.545298452e-23

-123211605.8		0.3		6.820886225e-24

-115107553.8		0.3		8.3582507e-24

-231265632.8		0.3		2.071253569e-23

-139719859.9		0.3		1.206929124e-23

-264282141.1		0.3		1.602018797e-23

-201250625.3		0.3		1.666011423e-23

-240270135.1		0.3		1.451981719e-23

-175737868.9		0.3		1.167042503e-23

-169734867.4		0.3		1.52210358e-23

-193746873.4		0.3		1.669564055e-23

-217758879.4		0.3		1.165958612e-23

-145722861.4		0.3		1.250167315e-23

-127713856.9		0.3		8.910498488e-24

-249274637.3		0.3		1.407750465e-23

-148724362.2		0.3		1.20231313e-23

-130715357.7		0.3		9.017633049e-24

-150225112.6		0.3		5.146023288e-24

-138219109.6		0.3		1.751742901e-23

-196748374.2		0.3		1.322545259e-23

-124712356.2		0.3		7.389062548e-24

-156228114.1		0.3		1.048564334e-23

-181740870.4		0.3		1.306513114e-23

-110905452.7		0.3		3.023117638e-24

-129214607.3		0.3		9.197315345e-24

-147223611.8		0.3		2.402930394e-23

-121710855.4		0.3		6.670760305e-24

-268784392.2		0.3		1.530496788e-23

-136718359.2		0.3		1.467255913e-23

-267283641.8		0.3		1.530399444e-23

-109404702.4		0.3		8.485375854e-24

-106403201.6		0.3		7.090851397e-24

-104902451.2		0.3		6.099831342e-24

-103401700.9		0.3		3.744940907e-24

-101900950.5		0.3		1.072417668e-23

-291595797.9		0.3		3.453829866e-22

-100400200.1		0.3		8.853064771e-24

-98899449.72		0.3		2.676965916e-24

-97398699.35		0.3		2.896882573e-24

-95897948.97		0.3		9.26905458e-24

-59879939.97		0.3		1.207894687e-23

-112106053		0.3		4.94280116e-24

-94397198.6		0.3		1.143929699e-23

-41870935.47		0.3		8.109157485e-24

-293096548.3		0.3		5.190070352e-22

-92896448.22		0.3		4.154617478e-24

-91395697.85		0.3		1.17336467e-23

-296098049		0.3		8.691652753e-22

-119309654.8		0.3		4.910880163e-24

-89894947.47		0.3		8.75689683e-24

-117808904.5		0.3		4.285159129e-24

-31365682.84		0.3		2.862712108e-24

-88394197.1		0.3		2.597959797e-24

-113606803.4		0.3		5.210318488e-24

-85392696.35		0.3		1.12449124e-23

-77888944.47		0.3		1.10607869e-23

-73386693.35		0.3		1.668966775e-24

-86893446.72		0.3		1.182892527e-23

-83891945.97		0.3		1.11260998e-24

-80890445.22		0.3		3.822162933e-24

-82391195.6		0.3		5.889811239e-24

-116608304.2		0.3		6.235101523e-24

-107603801.9		0.3		9.391394503e-24

-288294147.1		0.3		1.564154307e-23

-79389694.85		0.3		1.116051271e-23

-74887443.72		0.3		5.931161274e-24

-76388194.1		0.3		2.706034162e-24

-71885942.97		0.3		5.002995473e-24

-70385192.6		0.3		1.893289989e-24

-114807403.7		0.3		6.056590669e-24

-68884442.22		0.3		4.7673679e-24

-65882941.47		0.3		4.507684768e-24

-67383691.85		0.3		1.772059363e-24

-64382191.1		0.3		1.278197909e-24

-61380690.35		0.3		4.694867924e-24

-62881440.72		0.3		5.690381864e-24

-56878439.22		0.3		4.422535126e-24

-52376188.09		0.3		1.163224724e-23

-58379189.59		0.3		1.2717222e-23

-53876938.47		0.3		1.69844786e-24

-55377688.84		0.3		3.687960663e-24

-47873936.97		0.3		7.145064649e-24

-46373186.59		0.3		1.211340789e-23

-50875437.72		0.3		9.687466319e-24

-40370185.09		0.3		1.255630582e-24

-44872436.22		0.3		3.128553901e-25

-49374687.34		0.3		4.019249336e-25

-43371685.84		0.3		8.730217042e-24

-38869434.72		0.3		1.061459791e-23

-29864932.47		0.3		9.660540169e-24

-37368684.34		0.3		2.484032729e-24

-32866433.22		0.3		1.161797377e-23

-35867933.97		0.3		1.298062811e-23

-34367183.59		0.3		3.038300106e-25

-294597298.6		0.3		6.936030185e-22

-26863431.72		0.3		1.882091734e-24

-23861930.97		0.3		3.687796824e-24

-28364182.09		0.3		4.291822147e-24

-297598799.4		0.3		1.045626852e-21

-25362681.34		0.3		1.342184728e-23

-22361180.59		0.3		4.727900087e-24

-20860430.22		0.3		1.330079166e-23

-299099549.8		0.3		1.223045043e-21

-19359679.84		0.3		3.944899768e-24

-16358179.09		0.3		5.341245155e-24

-13356678.34		0.3		8.244696242e-24

-14857428.71		0.3		1.276036877e-23

-17858929.46		0.3		4.097994989e-25

-4352176.088		0.3		1.245570058e-23

-11855927.96		0.3		3.441157679e-24

-5852926.463		0.3		1.000609195e-23

-10355177.59		0.3		2.072188834e-24

-7353676.838		0.3		7.016651403e-24

-8854427.214		0.3		3.948477552e-24

150075.0375		0.3		1.223502775e-23

9154577.289		0.3		3.414817768e-24

-1350675.338		0.3		1.252882623e-23

7653826.913		0.3		6.384995668e-24

1650825.413		0.3		1.267530081e-23

-2851425.713		0.3		1.352526482e-23

6153076.538		0.3		9.442852911e-24

4652326.163		0.3		1.201948142e-23

3151575.788		0.3		1.370909474e-23

12156078.04		0.3		4.171631985e-24

22661330.67		0.3		3.344065025e-24

16658329.16		0.3		3.951540844e-24

21160580.29		0.3		1.235131761e-23

10655327.66		0.3		2.033617838e-24

15157578.79		0.3		1.129060381e-23

13656828.41		0.3		9.484302169e-24

24162081.04		0.3		5.292389226e-24

19659829.91		0.3		5.595851186e-24

18159079.54		0.3		3.847251286e-25

25662831.42		0.3		1.096277115e-23

27163581.79		0.3		6.434183325e-25

31665832.92		0.3		4.549010743e-24

-59579789.89		0.3		7.019986981e-24

28664332.17		0.3		6.795151735e-24

-110605302.7		0.3		9.079391931e-24

34667333.67		0.3		1.04304278e-24

30165082.54		0.3		6.990105808e-24

36168084.04		0.3		1.119445664e-23

39169584.79		0.3		6.895823054e-24

33166583.29		0.3		8.425006829e-24

37668834.42		0.3		3.785274099e-24

42171085.54		0.3		4.825940408e-24

43671835.92		0.3		1.277763438e-23

-111805903		0.3		6.892339022e-24

40670335.17		0.3		4.099866916e-24

45172586.29		0.3		3.121590445e-25

46673336.67		0.3		7.881464571e-24

-119009504.8		0.3		9.136503273e-24

-41570785.39		0.3		1.194489807e-23

-117508754.4		0.3		8.523501578e-24

-31065532.77		0.3		2.284814448e-24

-289794897.4		0.3		1.386617871e-22

-109104552.3		0.3		2.94175919e-24

-104602301.2		0.3		5.185480687e-24

-106103051.5		0.3		9.104899454e-24

-103101550.8		0.3		7.567203457e-24

-107303651.8		0.3		3.112675768e-24

-100100050		0.3		7.709251942e-24

-101600800.4		0.3		3.916247246e-24

-114507253.6		0.3		4.704543529e-24

-98599299.65		0.3		9.933860475e-24

-85092546.27		0.3		5.99335486e-24

-97098549.27		0.3		5.385614005e-24

-95597798.9		0.3		7.848379386e-24

-94097048.52		0.3		6.2192754e-24

-92596298.15		0.3		3.047134588e-24

-91095547.77		0.3		3.609588433e-24

-89594797.4		0.3		5.611896417e-24

-88094047.02		0.3		4.078491547e-24

-73086543.27		0.3		1.155250916e-24

-113306653.3		0.3		8.609568368e-24

-77588794.4		0.3		6.072421214e-24

-83591795.9		0.3		9.300350056e-25

-86593296.65		0.3		5.806293278e-24

-80590295.15		0.3		1.140650046e-23

-82091045.52		0.3		1.070286595e-23

-74587293.65		0.3		5.303533117e-24

-116308154.1		0.3		5.658667014e-24

-79089544.77		0.3		3.737596399e-24

48174087.04		0.3		1.142005733e-23

-76088044.02		0.3		1.959601281e-24

-70085042.52		0.3		2.473975435e-24

-4052026.013		0.3		1.286194876e-23

-71585792.9		0.3		6.360134774e-24

-68584292.15		0.3		6.776490897e-24

-65582791.4		0.3		5.508290604e-24

-291295647.8		0.3		3.107837515e-22

-67083541.77		0.3		2.30682161e-24

-61080540.27		0.3		1.124411032e-24

-62581290.65		0.3		4.146433478e-24

-64082041.02		0.3		1.246376747e-24

-56578289.14		0.3		9.641121284e-24

-47573786.89		0.3		3.928689006e-24

-53576788.39		0.3		7.480621006e-25

-58079039.52		0.3		8.547413737e-24

-52076038.02		0.3		7.048969945e-24

-55077538.77		0.3		6.369542059e-24

-46073036.52		0.3		1.096441525e-23

-50575287.64		0.3		1.287145663e-23

-40070035.02		0.3		1.208027923e-25

-44572286.14		0.3		2.756906095e-24

-111505752.9		0.3		8.822228188e-24

-49074537.27		0.3		2.770009451e-24

-38569284.64		0.3		1.333061148e-23

-29564782.39		0.3		1.247867845e-23

-32566283.14		0.3		1.292865084e-23

-35567783.89		0.3		9.540293347e-24

-37068534.27		0.3		2.953730918e-24

-43071535.77		0.3		5.226671341e-24

-34067033.52		0.3		7.406681124e-25

-23561780.89		0.3		2.59680848e-24

-26563281.64		0.3		3.78477696e-24

-28064032.02		0.3		2.182413008e-24

-30765382.69		0.3		2.962700682e-24

-117208604.3		0.3		4.873634526e-24

-25062531.27		0.3		1.183150029e-23

-20560280.14		0.3		1.12978203e-23

-118709354.7		0.3		3.722454068e-24

-22061030.52		0.3		6.426222299e-24

-16058029.01		0.3		6.798712474e-24

-19059529.76		0.3		2.505364057e-24

-13056528.26		0.3		7.081349551e-24

-14557278.64		0.3		1.351405499e-23

18459229.61		0.3		6.165040454e-25

-17558779.39		0.3		7.795553143e-25

-8554277.139		0.3		4.525122027e-24

-5552776.388		0.3		1.05469901e-23

-11555777.89		0.3		2.853689682e-24

-10055027.51		0.3		2.248861212e-24

-7053526.763		0.3		7.642711737e-24

-292796398.2		0.3		4.841890716e-22

-107003501.8		0.3		8.228738714e-24

7953976.988		0.3		5.753839232e-24

450225.1126		0.3		1.226444323e-23

1950975.488		0.3		1.285044605e-23

-2551275.638		0.3		1.328158645e-23

-1050525.263		0.3		1.241141419e-23

9454727.364		0.3		2.940741582e-24

21460730.37		0.3		1.031155101e-23

4952476.238		0.3		1.155507378e-23

22961480.74		0.3		2.435968741e-24

6453226.613		0.3		8.859383883e-24

19959979.99		0.3		7.399629448e-24

12456228.11		0.3		5.031389406e-24

24462231.12		0.3		7.25911563e-24

16958479.24		0.3		2.676693849e-24

3451725.863		0.3		1.355767997e-23

-295797898.9		0.3		8.339576249e-22

-84792396.2		0.3		6.415112988e-24

10955477.74		0.3		2.147094042e-24

13956978.49		0.3		1.078928638e-23

27463731.87		0.3		4.065344164e-25

25962981.49		0.3		8.464657607e-24

31965982.99		0.3		6.981047407e-24

15457728.86		0.3		9.794391773e-24

-59279639.82		0.3		4.077325772e-24

28964482.24		0.3		9.520442722e-24

34967483.74		0.3		3.251624123e-24

43971985.99		0.3		1.068440662e-23

39469734.87		0.3		3.490475741e-24

30465232.62		0.3		4.65900794e-24

42471235.62		0.3		2.842204543e-24

36468234.12		0.3		7.867197303e-24

-110305152.6		0.3		4.029759173e-24

37968984.49		0.3		6.39307708e-24

33466733.37		0.3		5.358812496e-24

-114207103.6		0.3		6.875618861e-24

40970485.24		0.3		7.736157185e-24

46973486.74		0.3		4.438577065e-24

45472736.37		0.3		2.771229514e-24

-41270635.32		0.3		1.167518555e-23

49674837.42		0.3		6.159489129e-25

-108804402.2		0.3		8.917190031e-24

-104302151.1		0.3		9.876412588e-24

-105802901.5		0.3		9.649888954e-24

-102801400.7		0.3		2.984346328e-24

-99799899.95		0.3		9.463984064e-24

-116008004		0.3		4.36892672e-24

-101300650.3		0.3		6.375366274e-24

-3751875.938		0.3		1.32344135e-23

-98299149.57		0.3		7.118082696e-24

-96798399.2		0.3		3.586525251e-24

-294297148.6		0.3		6.586030329e-22

-95297648.82		0.3		2.546789805e-24

-93796898.45		0.3		8.594020161e-24

-111205602.8		0.3		7.788351707e-24

-92296148.07		0.3		1.109051928e-23

-90795397.7		0.3		3.348846088e-24

-89294647.32		0.3		9.961758324e-24

-113006503.3		0.3		6.975922122e-24

-87793896.95		0.3		1.185973132e-23

-30465232.62		0.3		4.65900794e-24

-72786393.2		0.3		6.145490586e-24

-297298649.3		0.3		1.010240734e-21

-83291645.82		0.3		5.885968313e-24

52676338.17		0.3		1.08216129e-23

-77288644.32		0.3		5.482953443e-24

-298799399.7		0.3		1.18745942e-21

-86293146.57		0.3		1.360176464e-24

-80290145.07		0.3		7.464654362e-24

-74287143.57		0.3		8.469435839e-24

18759379.69		0.3		1.357404128e-24

-81790895.45		0.3		7.376240404e-24

-78789394.7		0.3		1.723267103e-24

48474237.12		0.3		1.157410917e-23

-75787893.95		0.3		1.431551271e-24

-66783391.7		0.3		7.992592939e-24

-106703351.7		0.3		4.619664646e-24

51175587.79		0.3		5.561990726e-24

-68284142.07		0.3		1.208539392e-23

-69784892.45		0.3		8.583798032e-24

-65282641.32		0.3		9.961008385e-24

-71285642.82		0.3		1.151385181e-23

-60780390.2		0.3		1.143463998e-24

-84492246.12		0.3		1.204488596e-23

-47273636.82		0.3		2.869688612e-24

-63781890.95		0.3		4.515583214e-24

-53276638.32		0.3		1.687370631e-24

-62281140.57		0.3		5.769842556e-24

-56278139.07		0.3		1.220815815e-23

-51775887.94		0.3		3.84659124e-24

-57778889.44		0.3		3.421978712e-24

-45772886.44		0.3		6.61363633e-24

-54777388.69		0.3		1.09742053e-23

-39769884.94		0.3		9.151991346e-25

-50275137.57		0.3		8.101750778e-24

-44272136.07		0.3		6.495122221e-24

-32266133.07		0.3		9.847771542e-24

-38269134.57		0.3		9.717761899e-24

-48774387.19		0.3		6.934900078e-24

-29264632.32		0.3		1.234725241e-23

-35267633.82		0.3		6.213592247e-24

-36768384.19		0.3		4.959776352e-24

-33766883.44		0.3		2.653373449e-24

-42771385.69		0.3		2.987652323e-24

-23261630.82		0.3		2.161788604e-24

-26263131.57		0.3		6.036774346e-24

-27763881.94		0.3		7.588203435e-25

54177088.54		0.3		5.904806343e-24

-20260130.07		0.3		9.312270805e-24

-24762381.19		0.3		9.468465267e-24

-15757878.94		0.3		8.291001e-24

-18759379.69		0.3		1.357404128e-24

-21760880.44		0.3		8.315785578e-24

-14257128.56		0.3		1.214789641e-23

-12756378.19		0.3		6.005954243e-24

-8254127.064		0.3		5.1307546e-24

-17258629.31		0.3		1.585056531e-24

55677838.92		0.3		4.031320627e-24

-5252626.313		0.3		1.106380694e-23

-11255627.81		0.3		2.420283161e-24

-6753376.688		0.3		8.25827292e-24

-9754877.439		0.3		2.545235405e-24

8254127.064		0.3		5.1307546e-24

750375.1876		0.3		1.232325455e-23

5252626.313		0.3		1.106380694e-23

-750375.1876		0.3		1.232325455e-23

-2251125.563		0.3		1.305336667e-23

21760880.44		0.3		8.315785578e-24

-115707853.9		0.3		9.17738728e-24

2251125.563		0.3		1.305336667e-23

-3451725.863		0.3		1.355767997e-23

20260130.07		0.3		9.312270805e-24

23261630.82		0.3		2.161788604e-24

9754877.439		0.3		2.545235405e-24

3751875.938		0.3		1.32344135e-23

24762381.19		0.3		9.468465267e-24

12756378.19		0.3		6.005954243e-24

6753376.688		0.3		8.25827292e-24

17258629.31		0.3		1.585056531e-24

57178589.29		0.3		9.590816525e-25

27763881.94		0.3		7.588203435e-25

32266133.07		0.3		9.847771542e-24

26263131.57		0.3		6.036774346e-24

11255627.81		0.3		2.420283161e-24

-58979489.74		0.3		4.292216393e-24

14257128.56		0.3		1.214789641e-23

44272136.07		0.3		6.495122221e-24

39769884.94		0.3		9.151991346e-25

42771385.69		0.3		2.987652323e-24

29264632.32		0.3		1.234725241e-23

35267633.82		0.3		6.213592247e-24

15757878.94		0.3		8.291001e-24

58679339.67		0.3		7.649072763e-24

30765382.69		0.3		2.962700682e-24

36768384.19		0.3		4.959776352e-24

-110005002.5		0.3		7.818761194e-24

-40970485.24		0.3		7.736157185e-24

61680840.42		0.3		1.036542564e-23

33766883.44		0.3		2.653373449e-24

38269134.57		0.3		9.717761899e-24

41270635.32		0.3		1.167518555e-23

49974987.49		0.3		3.654807577e-24

47273636.82		0.3		2.869688612e-24

45772886.44		0.3		6.61363633e-24

-30165082.54		0.3		6.990105808e-24

-104002001		0.3		8.382890421e-24

-108504252.1		0.3		3.93860343e-24

52976488.24		0.3		5.838086433e-24

-102501250.6		0.3		1.045021513e-23

-105502751.4		0.3		4.594063409e-24

19059529.76		0.3		2.505364057e-24

-99499749.87		0.3		2.698330293e-24

-101000500.3		0.3		4.333845673e-24

66183091.55		0.3		6.721987226e-24

-96498249.12		0.3		1.121151813e-23

-97998999.5		0.3		8.811450748e-24

60180090.05		0.3		9.160261683e-24

-84192096.05		0.3		5.598765453e-24

-93496748.37		0.3		9.153495898e-24

-94997498.75		0.3		4.538930684e-24

-91995998		0.3		6.752413895e-24

-112706353.2		0.3		3.452690876e-24

-90495247.62		0.3		1.453328837e-24

-88994497.25		0.3		7.960692415e-24

-87493746.87		0.3		6.576527606e-24

-82991495.75		0.3		1.152356481e-23

-72486243.12		0.3		1.244178956e-23

63181590.8		0.3		1.03340491e-23

-76988494.25		0.3		9.064740255e-24

64682341.17		0.3		4.333686309e-24

-73986993.5		0.3		1.071341102e-23

-79989995		0.3		5.386889412e-24

-85992996.5		0.3		1.236667575e-24

-81490745.37		0.3		4.186554795e-25

-78489244.62		0.3		7.531939008e-25

-75487743.87		0.3		7.835607839e-24

-66483241.62		0.3		1.197969868e-23

51475737.87		0.3		3.278778869e-24

48774387.19		0.3		6.934900078e-24

-67983992		0.3		7.376341041e-24

-3151575.788		0.3		1.370909474e-23

-69484742.37		0.3		1.09117301e-23

67683841.92		0.3		1.890159123e-24

-46973486.74		0.3		4.438577065e-24

-64982491.25		0.3		1.028093082e-23

-70985492.75		0.3		7.508888911e-24

-60480240.12		0.3		3.710403083e-24

-52976488.24		0.3		5.838086433e-24

-51475737.87		0.3		3.278778869e-24

-63481740.87		0.3		1.041833914e-23

-55977988.99		0.3		7.30857596e-24

-61980990.5		0.3		1.0427477e-23

-57478739.37		0.3		9.355064101e-25

-39469734.87		0.3		3.490475741e-24

-54477238.62		0.3		1.10014649e-23

-45472736.37		0.3		2.771229514e-24

-49974987.49		0.3		3.654807577e-24

-31965982.99		0.3		6.981047407e-24

-43971985.99		0.3		1.068440662e-23

-37968984.49		0.3		6.39307708e-24

-48474237.12		0.3		1.157410917e-23

-22961480.74		0.3		2.435968741e-24

61980990.5		0.3		1.0427477e-23

-34967483.74		0.3		3.251624123e-24

-25962981.49		0.3		8.464657607e-24

-28964482.24		0.3		9.520442722e-24

-36468234.12		0.3		7.867197303e-24

-33466733.37		0.3		5.358812496e-24

-42471235.62		0.3		2.842204543e-24

69184592.3		0.3		6.010386243e-24

-27463731.87		0.3		4.065344164e-25

-19959979.99		0.3		7.399629448e-24

54477238.62		0.3		1.10014649e-23

-24462231.12		0.3		7.25911563e-24

53276638.32		0.3		1.687370631e-24

-12456228.11		0.3		5.031389406e-24

-7953976.988		0.3		5.753839232e-24

-15457728.86		0.3		9.794391773e-24

-18459229.61		0.3		6.165040454e-25

-13956978.49		0.3		1.078928638e-23

19359679.84		0.3		3.944899768e-24

-21460730.37		0.3		1.031155101e-23

-16958479.24		0.3		2.676693849e-24

55977988.99		0.3		7.30857596e-24

-4952476.238		0.3		1.155507378e-23

5552776.388		0.3		1.05469901e-23

8554277.139		0.3		4.525122027e-24

22061030.52		0.3		6.426222299e-24

-9454727.364		0.3		2.940741582e-24

-6453226.613		0.3		8.859383883e-24

-10955477.74		0.3		2.147094042e-24

20560280.14		0.3		1.12978203e-23

-450225.1126		0.3		1.226444323e-23

-1950975.488		0.3		1.285044605e-23

23561780.89		0.3		2.59680848e-24

1050525.263		0.3		1.241141419e-23

2551275.638		0.3		1.328158645e-23

66483241.62		0.3		1.197969868e-23

4052026.013		0.3		1.286194876e-23

10055027.51		0.3		2.248861212e-24

25062531.27		0.3		1.183150029e-23

13056528.26		0.3		7.081349551e-24

7053526.763		0.3		7.642711737e-24

17558779.39		0.3		7.795553143e-25

57478739.37		0.3		9.355064101e-25

70685342.67		0.3		1.746517407e-24

32566283.14		0.3		1.292865084e-23

28064032.02		0.3		2.182413008e-24

44572286.14		0.3		2.756906095e-24

26563281.64		0.3		3.78477696e-24

-58679339.67		0.3		7.649072763e-24

58979489.74		0.3		4.292216393e-24

14557278.64		0.3		1.351405499e-23

11555777.89		0.3		2.853689682e-24

43071535.77		0.3		5.226671341e-24

40070035.02		0.3		1.208027923e-25

29564782.39		0.3		1.247867845e-23

35567783.89		0.3		9.540293347e-24

-40670335.17		0.3		4.099866916e-24

31065532.77		0.3		2.284814448e-24

37068534.27		0.3		2.953730918e-24

16058029.01		0.3		6.798712474e-24

50275137.57		0.3		8.101750778e-24

-109704852.4		0.3		9.072079248e-24

-103701850.9		0.3		7.772960975e-24

38569284.64		0.3		1.333061148e-23

34067033.52		0.3		7.406681124e-25

41570785.39		0.3		1.194489807e-23

47573786.89		0.3		3.928689006e-24

46073036.52		0.3		1.096441525e-23

-108204102.1		0.3		7.938050499e-24

-102201100.6		0.3		7.427142537e-24

-105202601.3		0.3		6.549117101e-24

-99199599.8		0.3		6.493005177e-24

-100700350.2		0.3		6.727448694e-24

73686843.42		0.3		3.869659128e-24

67983992		0.3		7.376341041e-24

-93196598.3		0.3		1.917825123e-24

-96198099.05		0.3		6.407495776e-24

60480240.12		0.3		3.710403083e-24

-97698849.42		0.3		7.987633246e-24

-94697348.67		0.3		3.974207397e-24

72186093.05		0.3		7.024259976e-24

-87193596.8		0.3		6.201740697e-24

-91695847.92		0.3		6.976589376e-24

-90195097.55		0.3		8.514511035e-24

-88694347.17		0.3		1.036144051e-24

-82691345.67		0.3		6.184329151e-24

-72186093.05		0.3		7.024259976e-24

62281140.57		0.3		5.769842556e-24

69484742.37		0.3		1.09117301e-23

-76688344.17		0.3		9.688343004e-24

63481740.87		0.3		1.041833914e-23

64982491.25		0.3		1.028093082e-23

-73686843.42		0.3		3.869659128e-24

-79689844.92		0.3		7.850493513e-24

-81190595.3		0.3		1.746240061e-24

53576788.39		0.3		7.480621006e-25

-85692846.42		0.3		5.976504868e-24

51775887.94		0.3		3.84659124e-24

75187593.8		0.3		1.070623652e-23

-78189094.55		0.3		7.043427793e-24

-75187593.8		0.3		1.070623652e-23

-67683841.92		0.3		1.890159123e-24

-46673336.67		0.3		7.881464571e-24

-66183091.55		0.3		6.721987226e-24

49074537.27		0.3		2.770009451e-24

-52676338.17		0.3		1.08216129e-23

-69184592.3		0.3		6.010386243e-24

-64682341.17		0.3		4.333686309e-24

66783391.7		0.3		7.992592939e-24

-51175587.79		0.3		5.561990726e-24

-70685342.67		0.3		1.746517407e-24

-60180090.05		0.3		9.160261683e-24

-55677838.92		0.3		4.031320627e-24

-63181590.8		0.3		1.03340491e-23

70985492.75		0.3		7.508888911e-24

-61680840.42		0.3		1.036542564e-23

-57178589.29		0.3		9.590816525e-25

-39169584.79		0.3		6.895823054e-24

-31665832.92		0.3		4.549010743e-24

-54177088.54		0.3		5.904806343e-24

-45172586.29		0.3		3.121590445e-25

-49674837.42		0.3		6.159489129e-25

-43671835.92		0.3		1.277763438e-23

-37668834.42		0.3		3.785274099e-24

-22661330.67		0.3		3.344065025e-24

-25662831.42		0.3		1.096277115e-23

-48174087.04		0.3		1.142005733e-23

-34667333.67		0.3		1.04304278e-24

-28664332.17		0.3		6.795151735e-24

-36168084.04		0.3		1.119445664e-23

-33166583.29		0.3		8.425006829e-24

-42171085.54		0.3		4.825940408e-24

-27163581.79		0.3		6.434183325e-25

-19659829.91		0.3		5.595851186e-24

54777388.69		0.3		1.09742053e-23

-24162081.04		0.3		5.292389226e-24

-7653826.913		0.3		6.384995668e-24

-12156078.04		0.3		4.171631985e-24

-15157578.79		0.3		1.129060381e-23

-18159079.54		0.3		3.847251286e-25

-13656828.41		0.3		9.484302169e-24

-16658329.16		0.3		3.951540844e-24

-21160580.29		0.3		1.235131761e-23

5852926.463		0.3		1.000609195e-23

22361180.59		0.3		4.727900087e-24

-4652326.163		0.3		1.201948142e-23

56278139.07		0.3		1.220815815e-23

8854427.214		0.3		3.948477552e-24

20860430.22		0.3		1.330079166e-23

-9154577.289		0.3		3.414817768e-24

23861930.97		0.3		3.687796824e-24

-10655327.66		0.3		2.033617838e-24

-6153076.538		0.3		9.442852911e-24

-1650825.413		0.3		1.267530081e-23

-150075.0375		0.3		1.223502775e-23

4352176.088		0.3		1.245570058e-23

25362681.34		0.3		1.342184728e-23

2851425.713		0.3		1.352526482e-23

1350675.338		0.3		1.252882623e-23

73986993.5		0.3		1.071341102e-23

10355177.59		0.3		2.072188834e-24

13356678.34		0.3		8.244696242e-24

17858929.46		0.3		4.097994989e-25

57778889.44		0.3		3.421978712e-24

7353676.838		0.3		7.016651403e-24

68284142.07		0.3		1.208539392e-23

32866433.22		0.3		1.161797377e-23

44872436.22		0.3		3.128553901e-25

28364182.09		0.3		4.291822147e-24

76688344.17		0.3		9.688343004e-24

26863431.72		0.3		1.882091734e-24

59279639.82		0.3		4.077325772e-24

78189094.55		0.3		7.043427793e-24

43371685.84		0.3		8.730217042e-24

40370185.09		0.3		1.255630582e-24

14857428.71		0.3		1.276036877e-23

11855927.96		0.3		3.441157679e-24

35867933.97		0.3		1.298062811e-23

29864932.47		0.3		9.660540169e-24

50575287.64		0.3		1.287145663e-23

37368684.34		0.3		2.484032729e-24

31365682.84		0.3		2.862712108e-24

81190595.3		0.3		1.746240061e-24

16358179.09		0.3		5.341245155e-24

79689844.92		0.3		7.850493513e-24

69784892.45		0.3		8.583798032e-24

62581290.65		0.3		4.146433478e-24

84192096.05		0.3		5.598765453e-24

47873936.97		0.3		7.145064649e-24

82691345.67		0.3		6.184329151e-24

38869434.72		0.3		1.061459791e-23

34367183.59		0.3		3.038300106e-25

41870935.47		0.3		8.109157485e-24

46373186.59		0.3		1.211340789e-23

87193596.8		0.3		6.201740697e-24

85692846.42		0.3		5.976504868e-24

53876938.47		0.3		1.69844786e-24

88694347.17		0.3		1.036144051e-24

75487743.87		0.3		7.835607839e-24

90195097.55		0.3		8.514511035e-24

91695847.92		0.3		6.976589376e-24

60780390.2		0.3		1.143463998e-24

67083541.77		0.3		2.30682161e-24

93196598.3		0.3		1.917825123e-24

94697348.67		0.3		3.974207397e-24

71285642.82		0.3		1.151385181e-23

72486243.12		0.3		1.244178956e-23

96198099.05		0.3		6.407495776e-24

102201100.6		0.3		7.427142537e-24

97698849.42		0.3		7.987633246e-24

99199599.8		0.3		6.493005177e-24

103701850.9		0.3		7.772960975e-24

100700350.2		0.3		6.727448694e-24

105202601.3		0.3		6.549117101e-24

63781890.95		0.3		4.515583214e-24

65282641.32		0.3		9.961008385e-24

106703351.7		0.3		4.619664646e-24

108204102.1		0.3		7.938050499e-24

109704852.4		0.3		9.072079248e-24

111205602.8		0.3		7.788351707e-24

117208604.3		0.3		4.873634526e-24

52076038.02		0.3		7.048969945e-24

115707853.9		0.3		9.17738728e-24

114207103.6		0.3		6.875618861e-24

112706353.2		0.3		3.452690876e-24

124712356.2		0.3		7.389062548e-24

118709354.7		0.3		3.722454068e-24

120210105.1		0.3		5.824604099e-24

49374687.34		0.3		4.019249336e-25

74287143.57		0.3		8.469435839e-24

123211605.8		0.3		6.820886225e-24

121710855.4		0.3		6.670760305e-24

126213106.6		0.3		8.231728163e-24

127713856.9		0.3		8.910498488e-24

129214607.3		0.3		9.197315345e-24

68584292.15		0.3		6.776490897e-24

136718359.2		0.3		1.467255913e-23

130715357.7		0.3		9.017633049e-24

132216108.1		0.3		8.300645211e-24

135217608.8		0.3		9.612855852e-24

133716858.4		0.3		7.666490627e-24

138219109.6		0.3		1.751742901e-23

144222111.1		0.3		4.71787875e-24

141220610.3		0.3		6.808333797e-24

139719859.9		0.3		1.206929124e-23

142721360.7		0.3		5.145318321e-24

145722861.4		0.3		1.250167315e-23

147223611.8		0.3		2.402930394e-23

148724362.2		0.3		1.20231313e-23

150225112.6		0.3		5.146023288e-24

154727363.7		0.3		1.080883589e-23

153226613.3		0.3		2.173631149e-23

151725862.9		0.3		8.580676547e-24

156228114.1		0.3		1.048564334e-23

70085042.52		0.3		2.473975435e-24

159229614.8		0.3		1.224973791e-23

62881440.72		0.3		5.690381864e-24

157728864.4		0.3		1.545298452e-23

162231115.6		0.3		1.89417819e-23

163731865.9		0.3		1.331464028e-23

160730365.2		0.3		1.309996114e-23

55077538.77		0.3		6.369542059e-24

165232616.3		0.3		1.313156622e-23

172736368.2		0.3		1.606951119e-23

166733366.7		0.3		1.215225785e-23

168234117.1		0.3		1.159490419e-23

174237118.6		0.3		1.214685739e-23

169734867.4		0.3		1.52210358e-23

177238619.3		0.3		1.785141683e-23

175737868.9		0.3		1.167042503e-23

178739369.7		0.3		1.171383839e-23

171235617.8		0.3		1.02244924e-23

228264132.1		0.3		1.800414713e-23

56578289.14		0.3		9.641121284e-24

181740870.4		0.3		1.306513114e-23

190745372.7		0.3		1.765173189e-23

189244622.3		0.3		1.173818318e-23

180240120.1		0.3		1.68649935e-23

186243121.6		0.3		1.415820352e-23

187743871.9		0.3		1.334899662e-23

75787893.95		0.3		1.431551271e-24

184742371.2		0.3		1.482232301e-23

183241620.8		0.3		1.53475e-23

192246123.1		0.3		2.494587254e-23

193746873.4		0.3		1.669564055e-23

196748374.2		0.3		1.322545259e-23

195247623.8		0.3		1.215694524e-23

198249124.6		0.3		1.606875755e-23

199749874.9		0.3		1.754498599e-23

58079039.52		0.3		8.547413737e-24

67383691.85		0.3		1.772059363e-24

201250625.3		0.3		1.666011423e-23

202751375.7		0.3		1.440404283e-23

78489244.62		0.3		7.531939008e-25

59579789.89		0.3		7.019986981e-24

204252126.1		0.3		1.15706896e-23

71585792.9		0.3		6.360134774e-24

76988494.25		0.3		9.064740256e-24

205752876.4		0.3		1.114695739e-23

207253626.8		0.3		1.468829329e-23

208754377.2		0.3		1.84660303e-23

50875437.72		0.3		9.687466319e-24

210255127.6		0.3		1.528485119e-23

213256628.3		0.3		1.522874718e-23

214757378.7		0.3		1.741883283e-23

211755877.9		0.3		1.503148654e-23

81490745.37		0.3		4.186554795e-25

216258129.1		0.3		1.509366728e-23

217758879.4		0.3		1.165958612e-23

84492246.12		0.3		1.204488596e-23

219259629.8		0.3		1.828975019e-23

79989995		0.3		5.386889412e-24

87493746.87		0.3		6.576527606e-24

82991495.75		0.3		1.152356481e-23

220760380.2		0.3		1.791376964e-23

225262631.3		0.3		1.804284291e-23

223761880.9		0.3		1.257238524e-23

222261130.6		0.3		1.782156384e-23

85992996.5		0.3		1.236667575e-24

226763381.7		0.3		1.449946678e-23

88994497.25		0.3		7.960692415e-24

90495247.62		0.3		1.453328837e-24

74587293.65		0.3		5.303533117e-24

91995998		0.3		6.752413895e-24

94997498.75		0.3		4.538930684e-24

93496748.37		0.3		9.153495898e-24

61080540.27		0.3		1.124411032e-24

72786393.2		0.3		6.145490586e-24

68884442.22		0.3		4.7673679e-24

96498249.12		0.3		1.121151813e-23

102501250.6		0.3		1.045021513e-23

97998999.5		0.3		8.811450748e-24

104002001		0.3		8.382890421e-24

99499749.87		0.3		2.698330293e-24

101000500.3		0.3		4.333845673e-24

105502751.4		0.3		4.594063409e-24

70385192.6		0.3		1.893289989e-24

64082041.02		0.3		1.246376747e-24

107003501.8		0.3		8.228738714e-24

231265632.8		0.3		2.071253555e-23

65582791.4		0.3		5.508290604e-24

108504252.1		0.3		3.93860343e-24

110005002.5		0.3		7.818761194e-24

117508754.4		0.3		8.523501578e-24

111505752.9		0.3		8.822228188e-24

52376188.09		0.3		1.163224724e-23

116008004		0.3		4.36892672e-24

125012506.3		0.3		4.561066645e-24

228564282.1		0.3		1.549020567e-23

114507253.6		0.3		4.704543529e-24

120510255.1		0.3		6.387495618e-24

113006503.3		0.3		6.975922122e-24

119009504.8		0.3		9.136503273e-24

229764882.4		0.3		1.422686076e-23

76088044.02		0.3		1.959601281e-24

123511755.9		0.3		4.146160893e-24

122011005.5		0.3		4.468927695e-24

137018509.3		0.3		1.117753628e-23

126513256.6		0.3		5.050299066e-24

129514757.4		0.3		6.342007056e-24

128014007		0.3		5.552770633e-24

131015507.8		0.3		7.95536854e-24

135517758.9		0.3		1.490431865e-23

232766383.2		0.3		1.890845823e-23

132516258.1		0.3		1.07939866e-23

134017008.5		0.3		1.437392805e-23

144522261.1		0.3		1.515624962e-23

71885942.97		0.3		5.002995473e-24

138519259.6		0.3		7.52455548e-24

146023011.5		0.3		2.237364684e-23

143021510.8		0.3		6.393996514e-24

141520760.4		0.3		6.084015948e-24

140020010		0.3		6.561131154e-24

147523761.9		0.3		1.052813457e-23

149024512.3		0.3		4.113713654e-24

150525262.6		0.3		8.2415786e-24

155027513.8		0.3		9.845895268e-24

153526763.4		0.3		1.146016821e-23

152026013		0.3		2.131949804e-23

156528264.1		0.3		1.304779084e-23

159529764.9		0.3		1.420314995e-23

162531265.6		0.3		1.249384133e-23

158029014.5		0.3		1.34133453e-23

164032016		0.3		1.265544973e-23

161030515.3		0.3		1.440726615e-23

173036518.3		0.3		7.159798175e-24

174537268.6		0.3		2.484656149e-23

165532766.4		0.3		1.657240195e-23

55377688.84		0.3		3.687960663e-24

168534267.1		0.3		2.290108135e-23

177538769.4		0.3		1.514122524e-23

167033516.8		0.3		1.269119961e-23

179039519.8		0.3		1.371044249e-23

170035017.5		0.3		9.466988241e-24

176038019		0.3		8.848843637e-24

171535767.9		0.3		2.455190746e-23

182041020.5		0.3		1.639560767e-23

56878439.22		0.3		4.422535126e-24

189544772.4		0.3		1.232290028e-23

191045522.8		0.3		9.338819138e-24

180540270.1		0.3		1.357184159e-23

186543271.6		0.3		1.373734642e-23

185042521.3		0.3		1.610096757e-23

188044022		0.3		1.857369699e-23

192546273.1		0.3		1.061021296e-23

197048524.3		0.3		1.996788234e-23

194047023.5		0.3		1.587121494e-23

183541770.9		0.3		1.345204725e-23

74887443.72		0.3		5.931161274e-24

195547773.9		0.3		1.936811022e-23

198549274.6		0.3		1.598831422e-23

200050025		0.3		1.485227618e-23

58379189.59		0.3		1.2717222e-23

78789394.7		0.3		1.723267103e-24

201550775.4		0.3		1.528837791e-23

203051525.8		0.3		1.770994195e-23

59879939.97		0.3		1.207894687e-23

235767883.9		0.3		1.538689076e-23

204552276.1		0.3		2.285195765e-23

77288644.32		0.3		5.482953443e-24

207553776.9		0.3		1.564593981e-23

206053026.5		0.3		2.220151906e-23

234267133.6		0.3		1.467070457e-23

209054527.3		0.3		1.336390345e-23

81790895.45		0.3		7.376240404e-24

210555277.6		0.3		1.623713452e-23

213556778.4		0.3		1.720844995e-23

215057528.8		0.3		1.246451221e-23

212056028		0.3		1.428677412e-23

84792396.2		0.3		6.415112988e-24

237268634.3		0.3		2.050102778e-23

216558279.1		0.3		1.307517147e-23

218059029.5		0.3		1.891558163e-23

87793896.95		0.3		1.185973132e-23

219559779.9		0.3		1.573212907e-23

83291645.82		0.3		5.885968313e-24

231565782.9		0.3		1.23721326e-23

80290145.07		0.3		7.464654362e-24

221060530.3		0.3		1.656552528e-23

86293146.57		0.3		1.360176464e-24

225562781.4		0.3		1.275929715e-23

224062031		0.3		2.032680958e-23

222561280.6		0.3		1.584156746e-23

227063531.8		0.3		1.423544488e-23

89294647.32		0.3		9.961758324e-24

90795397.7		0.3		3.348846088e-24

228864432.2		0.3		1.654577604e-23

76388194.1		0.3		2.706034162e-24

92296148.07		0.3		1.109051928e-23

73086543.27		0.3		1.155250916e-24

95297648.82		0.3		2.546789805e-24

61380690.35		0.3		4.694867924e-24

93796898.45		0.3		8.594020161e-24

96798399.2		0.3		3.586525251e-24

102801400.7		0.3		2.984346328e-24

240270135.1		0.3		1.451981719e-23

233066533.3		0.3		1.424134717e-23

104302151.1		0.3		9.876412588e-24

98299149.57		0.3		7.118082695e-24

99799899.95		0.3		9.463984064e-24

105802901.5		0.3		9.649888954e-24

101300650.3		0.3		6.375366274e-24

107303651.8		0.3		3.112675768e-24

64382191.1		0.3		1.278197909e-24

65882941.47		0.3		4.507684768e-24

117808904.5		0.3		4.285159129e-24

108804402.2		0.3		8.917190031e-24

110305152.6		0.3		4.029759173e-24

238769384.7		0.3		1.605127094e-23

116308154.1		0.3		5.658667014e-24

125312656.3		0.3		1.035839544e-23

111805903		0.3		6.892339022e-24

120810405.2		0.3		7.519097395e-24

114807403.7		0.3		6.056590669e-24

113306653.3		0.3		8.609568368e-24

137318659.3		0.3		7.871784173e-24

119309654.8		0.3		4.910880163e-24

230065032.5		0.3		1.478184962e-23

244772386.2		0.3		1.409372122e-23

123811906		0.3		1.023733278e-23

122311155.6		0.3		9.543131535e-24

129814907.5		0.3		1.227965042e-23

126813406.7		0.3		1.072820499e-23

128314157.1		0.3		1.150263247e-23

135817909		0.3		7.483277504e-24

144822411.2		0.3		1.89991583e-23

131315657.8		0.3		1.215703087e-23

146323161.6		0.3		8.425416271e-24

132816408.2		0.3		1.071615015e-23

134317158.6		0.3		8.692343414e-24

147823912		0.3		3.417395381e-24

138819409.7		0.3		8.192006059e-24

143321660.8		0.3		1.832791299e-23

141820910.5		0.3		8.95100028e-24

236068034		0.3		1.397223171e-23

140320160.1		0.3		6.806255579e-24

149324662.3		0.3		8.357507706e-24

150825412.7		0.3		2.144779002e-23

155327663.8		0.3		1.136080319e-23

153826913.5		0.3		8.759121346e-24

152326163.1		0.3		1.227394497e-23

159829915		0.3		1.183016224e-23

156828414.2		0.3		1.610581579e-23

237568784.4		0.3		1.22012524e-23

162831415.7		0.3		1.485525708e-23

164332166.1		0.3		1.80314235e-23

158329164.6		0.3		1.320208458e-23

173336668.3		0.3		1.571418778e-23

174837418.7		0.3		9.423316764e-24

161330665.3		0.3		1.359197145e-23

177838919.5		0.3		1.042930385e-23

231865933		0.3		1.602671303e-23

79089544.77		0.3		3.737596399e-24

179339669.8		0.3		1.66900049e-23

165832916.5		0.3		1.226678154e-23

241770885.4		0.3		1.218075154e-23

168834417.2		0.3		1.132760914e-23

167333666.8		0.3		1.411662433e-23

170335167.6		0.3		1.337528381e-23

176338169.1		0.3		2.118076044e-23

182341170.6		0.3		1.480232422e-23

191345672.8		0.3		1.933427382e-23

189844922.5		0.3		2.063013858e-23

243271635.8		0.3		1.525629225e-23

171835918		0.3		1.176358401e-23

229164582.3		0.3		1.453872078e-23

180840420.2		0.3		1.287633204e-23

192846423.2		0.3		1.219684298e-23

188344172.1		0.3		1.25617404e-23

186843421.7		0.3		1.49180792e-23

197348674.3		0.3		1.373481339e-23

185342671.3		0.3		1.359255989e-23

194347173.6		0.3		1.011628486e-23

249274637.3		0.3		1.407750465e-23

183841921		0.3		1.537584439e-23

198849424.7		0.3		1.409805744e-23

195847924		0.3		1.246071416e-23

246273136.6		0.3		1.752779743e-23

200350175.1		0.3		1.401110713e-23

201850925.5		0.3		1.365657315e-23

247773886.9		0.3		1.586384593e-23

203351675.8		0.3		1.282658627e-23

234567283.6		0.3		1.775344047e-23

204852426.2		0.3		1.086446292e-23

233366683.3		0.3		1.580661744e-23

207853927		0.3		1.161395437e-23

77588794.4		0.3		6.072421214e-24

206353176.6		0.3		9.606402892e-24

82091045.52		0.3		1.070286595e-23

209354677.3		0.3		1.399861517e-23

210855427.7		0.3		1.775689117e-23

213856928.5		0.3		1.517218196e-23

215357678.8		0.3		1.6101241e-23

85092546.27		0.3		5.99335486e-24

212356178.1		0.3		1.418530474e-23

88094047.02		0.3		4.078491547e-24

216858429.2		0.3		1.725020133e-23

218359179.6		0.3		1.265406134e-23

83591795.9		0.3		9.300350056e-25

219859930		0.3		1.774943776e-23

240570285.1		0.3		1.617417307e-23

80590295.15		0.3		1.140650046e-23

86593296.65		0.3		5.806293278e-24

221360680.3		0.3		1.790788153e-23

225862931.5		0.3		1.550574436e-23

222861430.7		0.3		1.898875508e-23

224362181.1		0.3		1.158469155e-23

227363681.8		0.3		1.507410575e-23

91095547.77		0.3		3.609588433e-24

89594797.4		0.3		5.611896417e-24

73386693.35		0.3		1.668966775e-24

245072536.3		0.3		1.846194526e-23

92596298.15		0.3		3.047134588e-24

97098549.27		0.3		5.385614005e-24

250775387.7		0.3		1.469895107e-23

103101550.8		0.3		7.567203457e-24

95597798.9		0.3		7.848379386e-24

94097048.52		0.3		6.2192754e-24

236368184.1		0.3		1.851962815e-23

104602301.2		0.3		5.185480687e-24

98599299.65		0.3		9.933860475e-24

106103051.5		0.3		9.104899454e-24

100100050		0.3		7.709251942e-24

101600800.4		0.3		3.916247246e-24

237868934.5		0.3		1.60802981e-23

107603801.9		0.3		9.391394503e-24

252276138.1		0.3		1.486122131e-23

118109054.5		0.3		5.621014119e-24

253776888.4		0.3		1.380140372e-23

239069534.8		0.3		1.502370184e-23

79389694.85		0.3		1.116051271e-23

109104552.3		0.3		2.94175919e-24

232166083		0.3		1.559338821e-23

116608304.2		0.3		6.235101523e-24

125612806.4		0.3		6.53635822e-24

110605302.7		0.3		9.079391931e-24

121110555.3		0.3		5.681823142e-24

112106053		0.3		4.94280116e-24

137618809.4		0.3		8.919047759e-24

115107553.8		0.3		8.3582507e-24

113606803.4		0.3		5.210318488e-24

230365182.6		0.3		1.353710589e-23

249574787.4		0.3		1.58484359e-23

229464732.4		0.3		1.455364297e-23

119609804.9		0.3		5.83468803e-24

124112056		0.3		5.940983129e-24

122611305.7		0.3		5.578382601e-24

130115057.5		0.3		7.659042622e-24

145122561.3		0.3		6.155476723e-24

128614307.2		0.3		7.372331835e-24

136118059		0.3		1.034832367e-23

127113556.8		0.3		7.043898214e-24

146623311.7		0.3		3.320176411e-24

131615807.9		0.3		8.191010972e-24

148124062		0.3		9.070564582e-24

133116558.3		0.3		9.089992023e-24

134617308.7		0.3		9.963265646e-24

143621810.9		0.3		1.479834225e-23

139119559.8		0.3		7.49300776e-24

142121060.5		0.3		2.121658454e-23

233666833.4		0.3		1.451116107e-23

140620310.2		0.3		1.251315188e-23

149624812.4		0.3		2.212102755e-23

151125562.8		0.3		1.280771152e-23

155627813.9		0.3		1.926723802e-23

154127063.5		0.3		1.014755195e-23

163131565.8		0.3		1.315107288e-23

160130065		0.3		1.71851077e-23

164632316.2		0.3		1.233212165e-23

152626313.2		0.3		7.512848838e-24

157128564.3		0.3		1.160263512e-23

173636818.4		0.3		2.069293457e-23

158629314.7		0.3		1.090738978e-23

175137568.8		0.3		9.689334109e-24

178139069.5		0.3		1.531856781e-23

161630815.4		0.3		1.456550819e-23

179639819.9		0.3		1.278325521e-23

242071035.5		0.3		1.55948476e-23

166133066.5		0.3		1.228606916e-23

169134567.3		0.3		1.056569734e-23

167633816.9		0.3		1.670636412e-23

182641320.7		0.3		1.329038721e-23

191645822.9		0.3		1.413758434e-23

190145072.5		0.3		1.053667207e-23

176638319.2		0.3		1.364830968e-23

170635317.7		0.3		2.133765401e-23

243571785.9		0.3		1.67014198e-23

172136068		0.3		8.065274225e-24

197648824.4		0.3		1.350870867e-23

181140570.3		0.3		1.673940252e-23

193146573.3		0.3		2.209023767e-23

187143571.8		0.3		1.57232387e-23

188644322.2		0.3		1.239275138e-23

245372686.3		0.3		1.577350055e-23

185642821.4		0.3		1.427710694e-23

194647323.7		0.3		2.174912854e-23

184142071		0.3		1.581296548e-23

246573286.6		0.3		1.463901935e-23

248074037		0.3		1.435071622e-23

199149574.8		0.3		1.395808763e-23

196148074		0.3		1.519859148e-23

200650325.2		0.3		1.418908378e-23

202151075.5		0.3		1.369199256e-23

234867433.7		0.3		1.532259221e-23

203651825.9		0.3		1.331447087e-23

205152576.3		0.3		1.632836545e-23

82391195.6		0.3		5.889811239e-24

208154077		0.3		2.024252618e-23

77888944.47		0.3		1.10607869e-23

236668334.2		0.3		1.372180784e-23

206653326.7		0.3		2.162672786e-23

85392696.35		0.3		1.12449124e-23

209654827.4		0.3		1.385508195e-23

211155577.8		0.3		1.683004807e-23

88394197.1		0.3		2.597959797e-24

214157078.5		0.3		1.892264155e-23

238169084.5		0.3		1.48325748e-23

215657828.9		0.3		1.301920234e-23

212656328.2		0.3		1.451939808e-23

83891945.97		0.3		1.11260998e-24

218659329.7		0.3		1.874648387e-23

240870435.2		0.3		1.402934616e-23

217158579.3		0.3		1.179538497e-23

98899449.72		0.3		2.676965916e-24

256778389.2		0.3		1.519179048e-23

86893446.72		0.3		1.182892527e-23

220160080		0.3		1.718569331e-23

232466233.1		0.3		1.299069456e-23

80890445.22		0.3		3.822162933e-24

221660830.4		0.3		1.681428279e-23

91395697.85		0.3		1.17336467e-23

89894947.47		0.3		8.75689683e-24

255277638.8		0.3		1.579478594e-23

226163081.5		0.3		1.379767558e-23

227663831.9		0.3		1.604315302e-23

224662331.2		0.3		1.98961012e-23

97398699.35		0.3		2.896882573e-24

223161580.8		0.3		1.417940912e-23

249874937.5		0.3		1.497954669e-23

103401700.9		0.3		3.744940907e-24

258279139.6		0.3		1.513428454e-23

92896448.22		0.3		4.154617478e-24

95897948.97		0.3		9.26905458e-24

94397198.6		0.3		1.143929699e-23

251075537.8		0.3		1.807647714e-23

104902451.2		0.3		6.099831342e-24

106403201.6		0.3		7.090851397e-24

100400200.1		0.3		8.853064771e-24

101900950.5		0.3		1.072417668e-23

107903952		0.3		9.041780181e-24

118409204.6		0.3		7.197123394e-24

252576288.1		0.3		1.56121441e-23

239369684.8		0.3		1.571884499e-23

254077038.5		0.3		1.588312787e-23

125912956.5		0.3		9.514890785e-24

116908454.2		0.3		6.80053398e-24

109404702.4		0.3		8.485375854e-24

110905452.7		0.3		3.023117638e-24

121410705.4		0.3		7.10761429e-24

137918959.5		0.3		1.001823167e-23

112406203.1		0.3		8.587652617e-24

115407703.9		0.3		3.338196047e-24

113906953.5		0.3		6.847403515e-24

245672836.4		0.3		1.248508071e-23

124412206.1		0.3		8.817651611e-24

119909955		0.3		6.313055046e-24

230665332.7		0.3		1.891916031e-23

145422711.4		0.3		3.756369902e-24

122911455.7		0.3		8.101770681e-24

130415207.6		0.3		1.196468494e-23

146923461.7		0.3		1.045539751e-23

136418209.1		0.3		7.98539605e-24

148424212.1		0.3		2.322629527e-23

128914457.2		0.3		1.118219028e-23

127413706.9		0.3		1.031194961e-23

131915958		0.3		1.231802722e-23

143921961		0.3		4.78566136e-24

133416708.4		0.3		1.164848688e-23

142421210.6		0.3		1.031609969e-23

134917458.7		0.3		9.875933352e-24

139419709.9		0.3		1.684756345e-23

233966983.5		0.3		1.475484693e-23

140920460.2		0.3		1.798569095e-23

164932466.2		0.3		1.447778786e-23

236968484.2		0.3		1.357726022e-23

160430215.1		0.3		1.273800496e-23

158929464.7		0.3		1.869992215e-23

151425712.9		0.3		6.29610601e-24

149924962.5		0.3		1.277442204e-23

155927964		0.3		1.07905691e-23

154427213.6		0.3		2.189852673e-23

163431715.9		0.3		1.532459443e-23

157428714.4		0.3		1.068482279e-23

238469234.6		0.3		1.47938783e-23

173936968.5		0.3		7.606251851e-24

152926463.2		0.3		9.237403248e-24

178439219.6		0.3		1.613815084e-23

175437718.9		0.3		2.509090026e-23

167933967		0.3		1.118751079e-23

169434717.4		0.3		1.765159422e-23

170935467.7		0.3		9.352545509e-24

179939970		0.3		1.297949288e-23

176938469.2		0.3		9.327018953e-24

166433216.6		0.3		1.923096955e-23

172436218.1		0.3		1.991424892e-23

161930965.5		0.3		1.213439038e-23

267283641.8		0.3		1.530457848e-23

242371185.6		0.3		1.742776902e-23

182941470.7		0.3		1.591681771e-23

243871936		0.3		1.533783067e-23

191945973		0.3		9.35277521e-24

190445222.6		0.3		1.476626829e-23

246873436.7		0.3		1.5771532e-23

197948974.5		0.3		1.459673618e-23

261280640.3		0.3		1.493900645e-23

181440720.4		0.3		1.421612925e-23

235167583.8		0.3		1.529869191e-23

187443721.9		0.3		1.318283178e-23

205452726.4		0.3		1.4789792e-23

194947473.7		0.3		1.18993267e-23

199449724.9		0.3		1.502042958e-23

270285142.6		0.3		1.569781354e-23

257078539.3		0.3		1.520708742e-23

248374187.1		0.3		1.826793942e-23

259779889.9		0.3		1.420861604e-23

193446723.4		0.3		9.042890721e-24

188944472.2		0.3		2.265761721e-23

185942971.5		0.3		1.600915318e-23

250175087.5		0.3		1.605801914e-23

241170585.3		0.3		1.497103611e-23

184442221.1		0.3		1.351218718e-23

262781390.7		0.3		1.516854756e-23

196448224.1		0.3		1.376006629e-23

200950475.2		0.3		1.551323782e-23

208454227.1		0.3		1.252164321e-23

202451225.6		0.3		1.617085456e-23

203951976		0.3		1.635829575e-23

206953476.7		0.3		1.145342937e-23

258579289.6		0.3		1.490893418e-23

268784392.2		0.3		1.530523578e-23

209954977.5		0.3		1.386351285e-23

264282141.1		0.3		1.602018797e-23

212956478.2		0.3		1.453798415e-23

211455727.9		0.3		1.469719407e-23

217458729.4		0.3		1.85285323e-23

220460230.1		0.3		1.708070893e-23

214457228.6		0.3		1.336278784e-23

215957979		0.3		1.468569576e-23

276288144.1		0.3		1.707407967e-23

218959479.7		0.3		1.403511489e-23

251375687.8		0.3		1.582486601e-23

227963982		0.3		1.593544344e-23

226463231.6		0.3		1.39124215e-23

274787393.7		0.3		1.574605737e-23

265782891.4		0.3		1.516999103e-23

277788894.4		0.3		1.542748263e-23

273286643.3		0.3		1.743298589e-23

271785892.9		0.3		1.557512244e-23

221960980.5		0.3		1.716857053e-23

223461730.9		0.3		1.983932834e-23

224962481.2		0.3		1.173475778e-23

280790395.2		0.3		1.605446017e-23

255577788.9		0.3		1.549846443e-23

282291145.6		0.3		1.599486168e-23

286793396.7		0.3		1.550367104e-23

279289644.8		0.3		1.535226764e-23

285292646.3		0.3		1.579811845e-23

252876438.2		0.3		1.495093848e-23

283791895.9		0.3		1.541328073e-23

239669834.9		0.3		1.562948566e-23

254377188.6		0.3		1.727838039e-23

288294147.1		0.3		1.564201662e-23

245972986.5		0.3		1.553054848e-23

230965482.7		0.3		1.214958324e-23

289794897.4		0.3		1.386617669e-22

291295647.8		0.3		3.107838781e-22

242671335.7		0.3		1.425560507e-23

244172086		0.3		1.605031021e-23

235467733.9		0.3		1.43992166e-23

247173586.8		0.3		1.491741543e-23

267583791.9		0.3		1.548239896e-23

292796398.2		0.3		4.841917082e-22

261580790.4		0.3		1.501295207e-23

260080040		0.3		1.509444171e-23

248674337.2		0.3		1.654395034e-23

241470735.4		0.3		1.836340404e-23

263081540.8		0.3		1.500573475e-23

250475237.6		0.3		1.693215017e-23

270585292.6		0.3		1.55209836e-23

257378689.3		0.3		1.570078424e-23

258879439.7		0.3		1.560464775e-23

295797898.9		0.3		8.339465839e-22

264582291.1		0.3		1.595505702e-23

294297148.6		0.3		6.586012446e-22

269084542.3		0.3		1.570454526e-23

298799399.7		0.3		1.187434838e-21

276588294.1		0.3		1.754792631e-23

275087543.8		0.3		1.754472788e-23

251675837.9		0.3		1.328323295e-23

278089044.5		0.3		1.655732426e-23

297298649.3		0.3		1.010228762e-21

273586793.4		0.3		1.887956651e-23

266083041.5		0.3		1.451260394e-23

281090545.3		0.3		1.660921958e-23

255877939		0.3		1.39074349e-23

282591295.6		0.3		1.547021289e-23

287093546.8		0.3		1.562634624e-23

284092046		0.3		1.542010076e-23

272086043		0.3		1.549118444e-23

253176588.3		0.3		1.529172673e-23

279589794.9		0.3		1.743226415e-23

285592796.4		0.3		1.54512811e-23

239969985		0.3		1.607960735e-23

254677338.7		0.3		1.604095597e-23

288594297.1		0.3		1.596767992e-23

242971485.7		0.3		1.463327444e-23

244472236.1		0.3		1.476699978e-23

290095047.5		0.3		1.729311642e-22

247473736.9		0.3		1.488211991e-23

261880940.5		0.3		1.52486198e-23

260380190.1		0.3		1.587395397e-23

248974487.2		0.3		1.293158899e-23

267883942		0.3		1.552180949e-23

263381690.8		0.3		1.413021342e-23

257678839.4		0.3		1.620655689e-23

291595797.9		0.3		3.453857425e-22

259179589.8		0.3		1.504547845e-23

270885442.7		0.3		1.558785975e-23

264882441.2		0.3		1.570735005e-23

269384692.3		0.3		1.570843246e-23

276888444.2		0.3		1.545034032e-23

275387693.8		0.3		1.809562751e-23

278389194.6		0.3		1.659801283e-23

251975988		0.3		1.379878074e-23

273886943.5		0.3		1.798855187e-23

281390695.3		0.3		1.538114118e-23

256178089		0.3		1.432673201e-23

293096548.3		0.3		5.189986474e-22

266383191.6		0.3		1.507334506e-23

287393696.8		0.3		1.559367157e-23

282891445.7		0.3		1.538688618e-23

284392196.1		0.3		1.571420866e-23

279889945		0.3		1.535776086e-23

253476738.4		0.3		1.509621282e-23

285892946.5		0.3		1.575234529e-23

254977488.7		0.3		1.494216966e-23

272386193.1		0.3		1.524578138e-23

299099549.8		0.3		1.223077172e-21

297598799.4		0.3		1.045678716e-21

296098049		0.3		8.691293675e-22

294597298.6		0.3		6.935930573e-22

288894447.2		0.3		3.812009221e-23

260680340.2		0.3		1.502827841e-23

268184092		0.3		1.560337241e-23

262181090.5		0.3		1.71773088e-23

257978989.5		0.3		1.666667723e-23

263681840.9		0.3		1.492873743e-23

259479739.9		0.3		1.449934128e-23

271185592.8		0.3		1.564143861e-23

265182591.3		0.3		1.488859359e-23

269684842.4		0.3		1.534874794e-23

277188594.3		0.3		1.614621644e-23

290395197.6		0.3		2.072983479e-22

278689344.7		0.3		1.549764274e-23

275687843.9		0.3		1.592972233e-23

274187093.5		0.3		1.6227591e-23

281690845.4		0.3		1.592862187e-23

256478239.1		0.3		1.515869394e-23

287693846.9		0.3		1.553192891e-23

283191595.8		0.3		1.543455324e-23

266683341.7		0.3		1.597548382e-23

284692346.2		0.3		1.610205817e-23

280190095		0.3		1.709996264e-23

291895948		0.3		3.800265328e-22

286193096.5		0.3		1.578094101e-23

272686343.2		0.3		1.539716192e-23

293396698.3		0.3		5.538461668e-22

299399699.8		0.3		1.258590262e-21

260980490.2		0.3		1.505956176e-23

289194597.3		0.3		7.077197708e-23

296398199.1		0.3		9.043728411e-22

263981991		0.3		1.547613106e-23

268484242.1		0.3		1.535997169e-23

297898949.5		0.3		1.081020644e-21

262481240.6		0.3		1.651286303e-23

294897448.7		0.3		7.286404342e-22

271485742.9		0.3		1.544445361e-23

265482741.4		0.3		1.53837994e-23

277488744.4		0.3		1.77226716e-23

269984992.5		0.3		1.581267948e-23

278989494.7		0.3		1.744700558e-23

275987994		0.3		1.538342554e-23

274487243.6		0.3		1.535083912e-23

281990995.5		0.3		1.678438855e-23

287993997		0.3		1.557709796e-23

283491745.9		0.3		1.545087568e-23

280490245.1		0.3		1.555207813e-23

284992496.2		0.3		1.54772189e-23

266983491.7		0.3		1.497218899e-23

286493246.6		0.3		1.571551752e-23

290695347.7		0.3		2.41737203e-22

272986493.2		0.3		1.611557593e-23

292196098		0.3		4.14706235e-22

289494747.4		0.3		1.045509203e-22

293696848.4		0.3		5.887204504e-22

299699849.9		0.3		1.294271543e-21

298199099.5		0.3		1.116515729e-21

295197598.8		0.3		7.636988009e-22

296698349.2		0.3		9.396026421e-22

290995497.7		0.3		2.762442757e-22

292496248.1		0.3		4.494352719e-22

293996998.5		0.3		6.236525587e-22

300000000		0.3		1.329880563e-21

298499249.6		0.3		1.151945587e-21

295497748.9		0.3		7.988133047e-22

296998499.2		0.3		9.749181458e-22

