#		ky		phi		B		E		time
-2.52547e+08		-3.14159		4.44444		0.226409		0.298782
-2.47445e+08		-3.14159		4.44444		0.260032		0.609427
-2.42343e+08		-3.14159		4.44444		0.285337		0.91968
-2.37241e+08		-3.14159		4.44444		0.126041		1.21908
-2.32139e+08		-3.14159		4.44444		0.170115		1.51826
-2.27037e+08		-3.14159		4.44444		0.260932		1.81635
-2.21935e+08		-3.14159		4.44444		0.185809		2.1154
-2.16833e+08		-3.14159		4.44444		0.316218		2.42629
-2.11731e+08		-3.14159		4.44444		0.341844		2.73689
-2.06629e+08		-3.14159		4.44444		0.158364		3.03707
-2.01527e+08		-3.14159		4.44444		0.247883		3.33686
-1.96425e+08		-3.14159		4.44444		0.307135		3.63533
-1.91323e+08		-3.14159		4.44444		0.189641		3.93451
-1.86221e+08		-3.14159		4.44444		0.276421		4.23336
-1.81119e+08		-3.14159		4.44444		0.335058		4.53198
-1.76017e+08		-3.14159		4.44444		0.0794351		4.83232
-1.70915e+08		-3.14159		4.44444		0.2335		5.13164
-1.65813e+08		-3.14159		4.44444		0.239649		5.42987
-1.60712e+08		-3.14159		4.44444		0.2441		5.7292
-1.5561e+08		-3.14159		4.44444		0.0343167		6.02908
-1.50508e+08		-3.14159		4.44444		0.186831		6.32724
-1.45406e+08		-3.14159		4.44444		0.252047		6.62656
-1.40304e+08		-3.14159		4.44444		0.223835		6.92556
-1.35202e+08		-3.14159		4.44444		0.217809		7.22384
-1.301e+08		-3.14159		4.44444		0.110012		7.52266
-1.24998e+08		-3.14159		4.44444		0.0672092		7.82057
-1.19896e+08		-3.14159		4.44444		0.222341		8.11866
-1.14794e+08		-3.14159		4.44444		0.241188		8.41816
-1.09692e+08		-3.14159		4.44444		0.287643		8.71658
-1.0459e+08		-3.14159		4.44444		0.337905		9.01499
-9.94881e+07		-3.14159		4.44444		0.222809		9.31358
-9.43861e+07		-3.14159		4.44444		0.0972547		9.61154
-8.92842e+07		-3.14159		4.44444		0.12085		9.91011
-8.41822e+07		-3.14159		4.44444		0.144874		10.209
-7.90803e+07		-3.14159		4.44444		0.275152		10.5071
-7.39783e+07		-3.14159		4.44444		0.21832		10.8053
-6.88764e+07		-3.14159		4.44444		0.0783972		11.1039
-6.37744e+07		-3.14159		4.44444		0.136603		11.4032
-5.86725e+07		-3.14159		4.44444		0.122889		11.702
-5.35705e+07		-3.14159		4.44444		0.139313		12.0009
-4.84686e+07		-3.14159		4.44444		0.116804		12.3002
-4.33666e+07		-3.14159		4.44444		0.101191		12.5986
-3.82646e+07		-3.14159		4.44444		0.201562		12.8975
-3.31627e+07		-3.14159		4.44444		0.0891501		13.1963
-2.80607e+07		-3.14159		4.44444		0.0915789		13.4948
-2.29588e+07		-3.14159		4.44444		0.252005		13.7933
-1.78568e+07		-3.14159		4.44444		0.09724		14.0921
-1.27549e+07		-3.14159		4.44444		0.109015		14.3903
-7.65293e+06		-3.14159		4.44444		0.265681		14.6889
-2.55098e+06		-3.14159		4.44444		0.10782		15.0116
2.55098e+06		-3.14159		4.44444		0.10782		15.3104
7.65293e+06		-3.14159		4.44444		0.265681		15.6083
1.27549e+07		-3.14159		4.44444		0.109015		15.9069
1.78568e+07		-3.14159		4.44444		0.09724		16.205
2.29588e+07		-3.14159		4.44444		0.252005		16.5022
2.80607e+07		-3.14159		4.44444		0.0915789		16.8008
3.31627e+07		-3.14159		4.44444		0.0891501		17.0986
3.82646e+07		-3.14159		4.44444		0.201562		17.3965
4.33666e+07		-3.14159		4.44444		0.101191		17.6952
4.84686e+07		-3.14159		4.44444		0.116804		17.9932
5.35705e+07		-3.14159		4.44444		0.139313		18.291
5.86725e+07		-3.14159		4.44444		0.122889		18.5901
6.37744e+07		-3.14159		4.44444		0.136603		18.8888
6.88764e+07		-3.14159		4.44444		0.0783972		19.187
7.39783e+07		-3.14159		4.44444		0.21832		19.4854
7.90803e+07		-3.14159		4.44444		0.275152		19.7834
8.41822e+07		-3.14159		4.44444		0.144874		20.0815
8.92842e+07		-3.14159		4.44444		0.12085		20.3798
9.43861e+07		-3.14159		4.44444		0.0972547		20.6777
9.94881e+07		-3.14159		4.44444		0.222809		20.9755
1.0459e+08		-3.14159		4.44444		0.337905		21.2733
1.09692e+08		-3.14159		4.44444		0.287643		21.5719
1.14794e+08		-3.14159		4.44444		0.241188		21.8698
1.19896e+08		-3.14159		4.44444		0.222341		22.1678
1.24998e+08		-3.14159		4.44444		0.0672092		22.4662
1.301e+08		-3.14159		4.44444		0.110012		22.7649
1.35202e+08		-3.14159		4.44444		0.217809		23.0637
1.40304e+08		-3.14159		4.44444		0.223835		23.3625
1.45406e+08		-3.14159		4.44444		0.252047		23.6607
1.50508e+08		-3.14159		4.44444		0.186831		23.9595
1.5561e+08		-3.14159		4.44444		0.0343167		24.2587
1.60712e+08		-3.14159		4.44444		0.2441		24.5577
1.65813e+08		-3.14159		4.44444		0.239649		24.8564
1.70915e+08		-3.14159		4.44444		0.2335		25.1549
1.76017e+08		-3.14159		4.44444		0.0794351		25.4542
1.81119e+08		-3.14159		4.44444		0.335058		25.7531
1.86221e+08		-3.14159		4.44444		0.276421		26.0515
1.91323e+08		-3.14159		4.44444		0.189641		26.3502
1.96425e+08		-3.14159		4.44444		0.307135		26.6726
2.01527e+08		-3.14159		4.44444		0.247883		26.9712
2.06629e+08		-3.14159		4.44444		0.158364		27.2693
2.11731e+08		-3.14159		4.44444		0.341844		27.58
2.16833e+08		-3.14159		4.44444		0.316218		27.8898
2.21935e+08		-3.14159		4.44444		0.185809		28.1883
2.27037e+08		-3.14159		4.44444		0.260932		28.4865
2.32139e+08		-3.14159		4.44444		0.170115		28.7853
2.37241e+08		-3.14159		4.44444		0.126041		29.084
2.42343e+08		-3.14159		4.44444		0.285337		29.3951
2.47445e+08		-3.14159		4.44444		0.260032		29.7049
2.52547e+08		-3.14159		4.44444		0.226409		30.0027

-2.52547e+08		-3.07813		4.44444		0.211201		30.3016
-2.47445e+08		-3.07813		4.44444		0.237327		30.5992
-2.42343e+08		-3.07813		4.44444		0.260691		30.8972
-2.37241e+08		-3.07813		4.44444		0.122813		31.1963
-2.32139e+08		-3.07813		4.44444		0.169274		31.4942
-2.27037e+08		-3.07813		4.44444		0.26341		31.7922
-2.21935e+08		-3.07813		4.44444		0.185949		32.0908
-2.16833e+08		-3.07813		4.44444		0.295085		32.3896
-2.11731e+08		-3.07813		4.44444		0.328613		32.6997
-2.06629e+08		-3.07813		4.44444		0.15988		32.9983
-2.01527e+08		-3.07813		4.44444		0.226523		33.2966
-1.96425e+08		-3.07813		4.44444		0.315909		33.6067
-1.91323e+08		-3.07813		4.44444		0.183383		33.9052
-1.86221e+08		-3.07813		4.44444		0.252645		34.2037
-1.81119e+08		-3.07813		4.44444		0.322987		34.502
-1.76017e+08		-3.07813		4.44444		0.0808655		34.8017
-1.70915e+08		-3.07813		4.44444		0.235676		35.1015
-1.65813e+08		-3.07813		4.44444		0.26333		35.4011
-1.60712e+08		-3.07813		4.44444		0.263244		35.7004
-1.5561e+08		-3.07813		4.44444		0.0440404		36.0002
-1.50508e+08		-3.07813		4.44444		0.182		36.2996
-1.45406e+08		-3.07813		4.44444		0.23681		36.6221
-1.40304e+08		-3.07813		4.44444		0.236879		36.921
-1.35202e+08		-3.07813		4.44444		0.235936		37.2192
-1.301e+08		-3.07813		4.44444		0.123163		37.5184
-1.24998e+08		-3.07813		4.44444		0.0664557		37.8163
-1.19896e+08		-3.07813		4.44444		0.216796		38.1142
-1.14794e+08		-3.07813		4.44444		0.247114		38.413
-1.09692e+08		-3.07813		4.44444		0.283414		38.7108
-1.0459e+08		-3.07813		4.44444		0.33741		39.0088
-9.94881e+07		-3.07813		4.44444		0.231106		39.3098
-9.43861e+07		-3.07813		4.44444		0.0818401		39.6093
-8.92842e+07		-3.07813		4.44444		0.117033		39.9077
-8.41822e+07		-3.07813		4.44444		0.146286		40.2063
-7.90803e+07		-3.07813		4.44444		0.248965		40.5044
-7.39783e+07		-3.07813		4.44444		0.211391		40.8027
-6.88764e+07		-3.07813		4.44444		0.0892834		41.1017
-6.37744e+07		-3.07813		4.44444		0.125678		41.4001
-5.86725e+07		-3.07813		4.44444		0.115424		41.6986
-5.35705e+07		-3.07813		4.44444		0.137148		41.998
-4.84686e+07		-3.07813		4.44444		0.11987		42.2966
-4.33666e+07		-3.07813		4.44444		0.105963		42.5956
-3.82646e+07		-3.07813		4.44444		0.193232		42.894
-3.31627e+07		-3.07813		4.44444		0.0930194		43.1926
-2.80607e+07		-3.07813		4.44444		0.0943977		43.4914
-2.29588e+07		-3.07813		4.44444		0.234781		43.7895
-1.78568e+07		-3.07813		4.44444		0.0989677		44.0889
-1.27549e+07		-3.07813		4.44444		0.110529		44.3875
-7.65293e+06		-3.07813		4.44444		0.239578		44.6863
-2.55098e+06		-3.07813		4.44444		0.109238		44.9855
2.55098e+06		-3.07813		4.44444		0.109238		45.2845
7.65293e+06		-3.07813		4.44444		0.239578		45.5833
1.27549e+07		-3.07813		4.44444		0.110529		45.8825
1.78568e+07		-3.07813		4.44444		0.0989677		46.1824
2.29588e+07		-3.07813		4.44444		0.234781		46.4822
2.80607e+07		-3.07813		4.44444		0.0943977		46.8094
3.31627e+07		-3.07813		4.44444		0.0930194		47.1082
3.82646e+07		-3.07813		4.44444		0.193232		47.4073
4.33666e+07		-3.07813		4.44444		0.105963		47.7052
4.84686e+07		-3.07813		4.44444		0.11987		48.0038
5.35705e+07		-3.07813		4.44444		0.137148		48.3025
5.86725e+07		-3.07813		4.44444		0.115424		48.6008
6.37744e+07		-3.07813		4.44444		0.125678		48.8994
6.88764e+07		-3.07813		4.44444		0.0892834		49.1978
7.39783e+07		-3.07813		4.44444		0.211391		49.4961
7.90803e+07		-3.07813		4.44444		0.248965		49.7943
8.41822e+07		-3.07813		4.44444		0.146286		50.0925
8.92842e+07		-3.07813		4.44444		0.117033		50.391
9.43861e+07		-3.07813		4.44444		0.0818401		50.6898
9.94881e+07		-3.07813		4.44444		0.231106		50.9886
1.0459e+08		-3.07813		4.44444		0.33741		51.2865
1.09692e+08		-3.07813		4.44444		0.283414		51.585
1.14794e+08		-3.07813		4.44444		0.247114		51.8839
1.19896e+08		-3.07813		4.44444		0.216796		52.1821
1.24998e+08		-3.07813		4.44444		0.0664557		52.4803
1.301e+08		-3.07813		4.44444		0.123163		52.7796
1.35202e+08		-3.07813		4.44444		0.235936		53.0787
1.40304e+08		-3.07813		4.44444		0.236879		53.3774
1.45406e+08		-3.07813		4.44444		0.23681		53.676
1.50508e+08		-3.07813		4.44444		0.182		53.9744
1.5561e+08		-3.07813		4.44444		0.0440404		54.2727
1.60712e+08		-3.07813		4.44444		0.263244		54.5717
1.65813e+08		-3.07813		4.44444		0.26333		54.8706
1.70915e+08		-3.07813		4.44444		0.235676		55.1697
1.76017e+08		-3.07813		4.44444		0.0808655		55.4693
1.81119e+08		-3.07813		4.44444		0.322987		55.7687
1.86221e+08		-3.07813		4.44444		0.252645		56.068
1.91323e+08		-3.07813		4.44444		0.183383		56.3678
1.96425e+08		-3.07813		4.44444		0.315909		56.6671
2.01527e+08		-3.07813		4.44444		0.226523		56.9663
2.06629e+08		-3.07813		4.44444		0.15988		57.2653
2.11731e+08		-3.07813		4.44444		0.328613		57.5759
2.16833e+08		-3.07813		4.44444		0.295085		57.8748
2.21935e+08		-3.07813		4.44444		0.185949		58.1738
2.27037e+08		-3.07813		4.44444		0.26341		58.4722
2.32139e+08		-3.07813		4.44444		0.169274		58.771
2.37241e+08		-3.07813		4.44444		0.122813		59.0705
2.42343e+08		-3.07813		4.44444		0.260691		59.3693
2.47445e+08		-3.07813		4.44444		0.237327		59.6677
2.52547e+08		-3.07813		4.44444		0.211201		59.9663

-2.52547e+08		-3.01466		4.44444		0.189804		60.2647
-2.47445e+08		-3.01466		4.44444		0.210674		60.5628
-2.42343e+08		-3.01466		4.44444		0.23494		60.862
-2.37241e+08		-3.01466		4.44444		0.11354		61.1607
-2.32139e+08		-3.01466		4.44444		0.161021		61.4592
-2.27037e+08		-3.01466		4.44444		0.2374		61.7575
-2.21935e+08		-3.01466		4.44444		0.179854		62.0561
-2.16833e+08		-3.01466		4.44444		0.271725		62.354
-2.11731e+08		-3.01466		4.44444		0.309933		62.653
-2.06629e+08		-3.01466		4.44444		0.158601		62.9528
-2.01527e+08		-3.01466		4.44444		0.203929		63.2516
-1.96425e+08		-3.01466		4.44444		0.316623		63.5623
-1.91323e+08		-3.01466		4.44444		0.166989		63.8614
-1.86221e+08		-3.01466		4.44444		0.228653		64.16
-1.81119e+08		-3.01466		4.44444		0.309456		64.4592
-1.76017e+08		-3.01466		4.44444		0.0853789		64.7593
-1.70915e+08		-3.01466		4.44444		0.233877		65.0584
-1.65813e+08		-3.01466		4.44444		0.28178		65.3569
-1.60712e+08		-3.01466		4.44444		0.280685		65.6558
-1.5561e+08		-3.01466		4.44444		0.0555089		65.9548
-1.50508e+08		-3.01466		4.44444		0.170017		66.2538
-1.45406e+08		-3.01466		4.44444		0.219919		66.5534
-1.40304e+08		-3.01466		4.44444		0.240457		66.852
-1.35202e+08		-3.01466		4.44444		0.25215		67.1514
-1.301e+08		-3.01466		4.44444		0.135057		67.4508
-1.24998e+08		-3.01466		4.44444		0.0624448		67.7494
-1.19896e+08		-3.01466		4.44444		0.203279		68.0481
-1.14794e+08		-3.01466		4.44444		0.247781		68.3707
-1.09692e+08		-3.01466		4.44444		0.279718		68.6695
-1.0459e+08		-3.01466		4.44444		0.337101		68.9683
-9.94881e+07		-3.01466		4.44444		0.239595		69.2669
-9.43861e+07		-3.01466		4.44444		0.0646558		69.5656
-8.92842e+07		-3.01466		4.44444		0.110065		69.8637
-8.41822e+07		-3.01466		4.44444		0.150346		70.1626
-7.90803e+07		-3.01466		4.44444		0.219748		70.461
-7.39783e+07		-3.01466		4.44444		0.197147		70.7591
-6.88764e+07		-3.01466		4.44444		0.0992323		71.0588
-6.37744e+07		-3.01466		4.44444		0.11097		71.3573
-5.86725e+07		-3.01466		4.44444		0.105534		71.6559
-5.35705e+07		-3.01466		4.44444		0.129938		71.9547
-4.84686e+07		-3.01466		4.44444		0.123024		72.2535
-4.33666e+07		-3.01466		4.44444		0.111317		72.5521
-3.82646e+07		-3.01466		4.44444		0.176132		72.8511
-3.31627e+07		-3.01466		4.44444		0.0990966		73.1497
-2.80607e+07		-3.01466		4.44444		0.099837		73.4484
-2.29588e+07		-3.01466		4.44444		0.207108		73.7472
-1.78568e+07		-3.01466		4.44444		0.103522		74.0451
-1.27549e+07		-3.01466		4.44444		0.114844		74.3435
-7.65293e+06		-3.01466		4.44444		0.209189		74.642
-2.55098e+06		-3.01466		4.44444		0.113458		74.9408
2.55098e+06		-3.01466		4.44444		0.113458		75.2394
7.65293e+06		-3.01466		4.44444		0.209189		75.5379
1.27549e+07		-3.01466		4.44444		0.114844		75.8368
1.78568e+07		-3.01466		4.44444		0.103522		76.1355
2.29588e+07		-3.01466		4.44444		0.207108		76.4347
2.80607e+07		-3.01466		4.44444		0.099837		76.7332
3.31627e+07		-3.01466		4.44444		0.0990966		77.0319
3.82646e+07		-3.01466		4.44444		0.176132		77.3312
4.33666e+07		-3.01466		4.44444		0.111317		77.6305
4.84686e+07		-3.01466		4.44444		0.123024		77.9302
5.35705e+07		-3.01466		4.44444		0.129938		78.2293
5.86725e+07		-3.01466		4.44444		0.105534		78.5283
6.37744e+07		-3.01466		4.44444		0.11097		78.8279
6.88764e+07		-3.01466		4.44444		0.0992323		79.1282
7.39783e+07		-3.01466		4.44444		0.197147		79.4275
7.90803e+07		-3.01466		4.44444		0.219748		79.727
8.41822e+07		-3.01466		4.44444		0.150346		80.0496
8.92842e+07		-3.01466		4.44444		0.110065		80.3484
9.43861e+07		-3.01466		4.44444		0.0646558		80.6465
9.94881e+07		-3.01466		4.44444		0.239595		80.9453
1.0459e+08		-3.01466		4.44444		0.337101		81.2431
1.09692e+08		-3.01466		4.44444		0.279718		81.5405
1.14794e+08		-3.01466		4.44444		0.247781		81.8391
1.19896e+08		-3.01466		4.44444		0.203279		82.1369
1.24998e+08		-3.01466		4.44444		0.0624448		82.4347
1.301e+08		-3.01466		4.44444		0.135057		82.7336
1.35202e+08		-3.01466		4.44444		0.25215		83.0325
1.40304e+08		-3.01466		4.44444		0.240457		83.3306
1.45406e+08		-3.01466		4.44444		0.219919		83.6295
1.50508e+08		-3.01466		4.44444		0.170017		83.9276
1.5561e+08		-3.01466		4.44444		0.0555089		84.226
1.60712e+08		-3.01466		4.44444		0.280685		84.5247
1.65813e+08		-3.01466		4.44444		0.28178		84.8231
1.70915e+08		-3.01466		4.44444		0.233877		85.1211
1.76017e+08		-3.01466		4.44444		0.0853789		85.4203
1.81119e+08		-3.01466		4.44444		0.309456		85.7187
1.86221e+08		-3.01466		4.44444		0.228653		86.0173
1.91323e+08		-3.01466		4.44444		0.166989		86.3166
1.96425e+08		-3.01466		4.44444		0.316623		86.627
2.01527e+08		-3.01466		4.44444		0.203929		86.9259
2.06629e+08		-3.01466		4.44444		0.158601		87.225
2.11731e+08		-3.01466		4.44444		0.309933		87.5242
2.16833e+08		-3.01466		4.44444		0.271725		87.8226
2.21935e+08		-3.01466		4.44444		0.179854		88.1214
2.27037e+08		-3.01466		4.44444		0.2374		88.4206
2.32139e+08		-3.01466		4.44444		0.161021		88.7194
2.37241e+08		-3.01466		4.44444		0.11354		89.0191
2.42343e+08		-3.01466		4.44444		0.23494		89.3184
2.47445e+08		-3.01466		4.44444		0.210674		89.617
2.52547e+08		-3.01466		4.44444		0.189804		89.94

-2.52547e+08		-2.95119		4.44444		0.165749		90.2394
-2.47445e+08		-2.95119		4.44444		0.183473		90.5374
-2.42343e+08		-2.95119		4.44444		0.209731		90.8369
-2.37241e+08		-2.95119		4.44444		0.0992278		91.1361
-2.32139e+08		-2.95119		4.44444		0.147445		91.435
-2.27037e+08		-2.95119		4.44444		0.212337		91.7341
-2.21935e+08		-2.95119		4.44444		0.169384		92.0327
-2.16833e+08		-2.95119		4.44444		0.249387		92.3309
-2.11731e+08		-2.95119		4.44444		0.291745		92.6296
-2.06629e+08		-2.95119		4.44444		0.155344		92.9282
-2.01527e+08		-2.95119		4.44444		0.18119		93.2271
-1.96425e+08		-2.95119		4.44444		0.310954		93.5256
-1.91323e+08		-2.95119		4.44444		0.144609		93.8241
-1.86221e+08		-2.95119		4.44444		0.205428		94.1221
-1.81119e+08		-2.95119		4.44444		0.296052		94.4208
-1.76017e+08		-2.95119		4.44444		0.0928651		94.7199
-1.70915e+08		-2.95119		4.44444		0.229207		95.0182
-1.65813e+08		-2.95119		4.44444		0.290774		95.3166
-1.60712e+08		-2.95119		4.44444		0.295809		95.6151
-1.5561e+08		-2.95119		4.44444		0.0682833		95.9134
-1.50508e+08		-2.95119		4.44444		0.153413		96.2118
-1.45406e+08		-2.95119		4.44444		0.202766		96.5106
-1.40304e+08		-2.95119		4.44444		0.235866		96.8087
-1.35202e+08		-2.95119		4.44444		0.2661		97.1077
-1.301e+08		-2.95119		4.44444		0.146015		97.4075
-1.24998e+08		-2.95119		4.44444		0.0562476		97.7067
-1.19896e+08		-2.95119		4.44444		0.185445		98.0056
-1.14794e+08		-2.95119		4.44444		0.244241		98.3047
-1.09692e+08		-2.95119		4.44444		0.276894		98.6031
-1.0459e+08		-2.95119		4.44444		0.337192		98.9022
-9.94881e+07		-2.95119		4.44444		0.248214		99.2018
-9.43861e+07		-2.95119		4.44444		0.0457292		99.505
-8.92842e+07		-2.95119		4.44444		0.100901		99.805
-8.41822e+07		-2.95119		4.44444		0.156977		100.131
-7.90803e+07		-2.95119		4.44444		0.190776		100.429
-7.39783e+07		-2.95119		4.44444		0.179044		100.727
-6.88764e+07		-2.95119		4.44444		0.108721		101.026
-6.37744e+07		-2.95119		4.44444		0.0929991		101.325
-5.86725e+07		-2.95119		4.44444		0.0940142		101.622
-5.35705e+07		-2.95119		4.44444		0.118868		101.92
-4.84686e+07		-2.95119		4.44444		0.126636		102.219
-4.33666e+07		-2.95119		4.44444		0.117459		102.517
-3.82646e+07		-2.95119		4.44444		0.15405		102.815
-3.31627e+07		-2.95119		4.44444		0.107256		103.114
-2.80607e+07		-2.95119		4.44444		0.107744		103.412
-2.29588e+07		-2.95119		4.44444		0.178073		103.71
-1.78568e+07		-2.95119		4.44444		0.110788		104.008
-1.27549e+07		-2.95119		4.44444		0.121863		104.307
-7.65293e+06		-2.95119		4.44444		0.178578		104.605
-2.55098e+06		-2.95119		4.44444		0.120389		104.903
2.55098e+06		-2.95119		4.44444		0.120389		105.202
7.65293e+06		-2.95119		4.44444		0.178578		105.5
1.27549e+07		-2.95119		4.44444		0.121863		105.798
1.78568e+07		-2.95119		4.44444		0.110788		106.096
2.29588e+07		-2.95119		4.44444		0.178073		106.393
2.80607e+07		-2.95119		4.44444		0.107744		106.692
3.31627e+07		-2.95119		4.44444		0.107256		106.99
3.82646e+07		-2.95119		4.44444		0.15405		107.289
4.33666e+07		-2.95119		4.44444		0.117459		107.587
4.84686e+07		-2.95119		4.44444		0.126636		107.886
5.35705e+07		-2.95119		4.44444		0.118868		108.184
5.86725e+07		-2.95119		4.44444		0.0940142		108.482
6.37744e+07		-2.95119		4.44444		0.0929991		108.782
6.88764e+07		-2.95119		4.44444		0.108721		109.081
7.39783e+07		-2.95119		4.44444		0.179044		109.38
7.90803e+07		-2.95119		4.44444		0.190776		109.679
8.41822e+07		-2.95119		4.44444		0.156977		109.978
8.92842e+07		-2.95119		4.44444		0.100901		110.277
9.43861e+07		-2.95119		4.44444		0.0457292		110.575
9.94881e+07		-2.95119		4.44444		0.248214		110.874
1.0459e+08		-2.95119		4.44444		0.337192		111.172
1.09692e+08		-2.95119		4.44444		0.276894		111.47
1.14794e+08		-2.95119		4.44444		0.244241		111.769
1.19896e+08		-2.95119		4.44444		0.185445		112.067
1.24998e+08		-2.95119		4.44444		0.0562476		112.365
1.301e+08		-2.95119		4.44444		0.146015		112.664
1.35202e+08		-2.95119		4.44444		0.2661		112.962
1.40304e+08		-2.95119		4.44444		0.235866		113.261
1.45406e+08		-2.95119		4.44444		0.202766		113.56
1.50508e+08		-2.95119		4.44444		0.153413		113.859
1.5561e+08		-2.95119		4.44444		0.0682833		114.158
1.60712e+08		-2.95119		4.44444		0.295809		114.457
1.65813e+08		-2.95119		4.44444		0.290774		114.755
1.70915e+08		-2.95119		4.44444		0.229207		115.055
1.76017e+08		-2.95119		4.44444		0.0928651		115.354
1.81119e+08		-2.95119		4.44444		0.296052		115.653
1.86221e+08		-2.95119		4.44444		0.205428		115.951
1.91323e+08		-2.95119		4.44444		0.144609		116.25
1.96425e+08		-2.95119		4.44444		0.310954		116.549
2.01527e+08		-2.95119		4.44444		0.18119		116.848
2.06629e+08		-2.95119		4.44444		0.155344		117.147
2.11731e+08		-2.95119		4.44444		0.291745		117.446
2.16833e+08		-2.95119		4.44444		0.249387		117.745
2.21935e+08		-2.95119		4.44444		0.169384		118.043
2.27037e+08		-2.95119		4.44444		0.212337		118.341
2.32139e+08		-2.95119		4.44444		0.147445		118.639
2.37241e+08		-2.95119		4.44444		0.0992278		118.938
2.42343e+08		-2.95119		4.44444		0.209731		119.237
2.47445e+08		-2.95119		4.44444		0.183473		119.536
2.52547e+08		-2.95119		4.44444		0.165749		119.835

-2.52547e+08		-2.88773		4.44444		0.140909		120.134
-2.47445e+08		-2.88773		4.44444		0.156677		120.433
-2.42343e+08		-2.88773		4.44444		0.185805		120.732
-2.37241e+08		-2.88773		4.44444		0.0811111		121.032
-2.32139e+08		-2.88773		4.44444		0.130979		121.331
-2.27037e+08		-2.88773		4.44444		0.188823		121.653
-2.21935e+08		-2.88773		4.44444		0.156853		121.952
-2.16833e+08		-2.88773		4.44444		0.228851		122.25
-2.11731e+08		-2.88773		4.44444		0.275374		122.549
-2.06629e+08		-2.88773		4.44444		0.151346		122.847
-2.01527e+08		-2.88773		4.44444		0.159322		123.145
-1.96425e+08		-2.88773		4.44444		0.302727		123.444
-1.91323e+08		-2.88773		4.44444		0.119011		123.741
-1.86221e+08		-2.88773		4.44444		0.183816		124.039
-1.81119e+08		-2.88773		4.44444		0.283899		124.338
-1.76017e+08		-2.88773		4.44444		0.103144		124.635
-1.70915e+08		-2.88773		4.44444		0.223267		124.934
-1.65813e+08		-2.88773		4.44444		0.290349		125.231
-1.60712e+08		-2.88773		4.44444		0.308308		125.529
-1.5561e+08		-2.88773		4.44444		0.082374		125.828
-1.50508e+08		-2.88773		4.44444		0.134653		126.127
-1.45406e+08		-2.88773		4.44444		0.186622		126.425
-1.40304e+08		-2.88773		4.44444		0.227455		126.724
-1.35202e+08		-2.88773		4.44444		0.277769		127.023
-1.301e+08		-2.88773		4.44444		0.156526		127.322
-1.24998e+08		-2.88773		4.44444		0.0498985		127.62
-1.19896e+08		-2.88773		4.44444		0.166157		127.918
-1.14794e+08		-2.88773		4.44444		0.238439		128.216
-1.09692e+08		-2.88773		4.44444		0.27533		128.514
-1.0459e+08		-2.88773		4.44444		0.337978		128.812
-9.94881e+07		-2.88773		4.44444		0.257044		129.111
-9.43861e+07		-2.88773		4.44444		0.0251874		129.41
-8.92842e+07		-2.88773		4.44444		0.0910866		129.709
-8.41822e+07		-2.88773		4.44444		0.166061		130.008
-7.90803e+07		-2.88773		4.44444		0.162366		130.306
-7.39783e+07		-2.88773		4.44444		0.159775		130.605
-6.88764e+07		-2.88773		4.44444		0.11835		130.905
-6.37744e+07		-2.88773		4.44444		0.0723797		131.203
-5.86725e+07		-2.88773		4.44444		0.0822517		131.503
-5.35705e+07		-2.88773		4.44444		0.105603		131.802
-4.84686e+07		-2.88773		4.44444		0.131272		132.101
-4.33666e+07		-2.88773		4.44444		0.124762		132.401
-3.82646e+07		-2.88773		4.44444		0.129549		132.699
-3.31627e+07		-2.88773		4.44444		0.117447		132.999
-2.80607e+07		-2.88773		4.44444		0.117981		133.321
-2.29588e+07		-2.88773		4.44444		0.148894		133.62
-1.78568e+07		-2.88773		4.44444		0.120613		133.919
-1.27549e+07		-2.88773		4.44444		0.131444		134.218
-7.65293e+06		-2.88773		4.44444		0.147876		134.516
-2.55098e+06		-2.88773		4.44444		0.129894		134.815
2.55098e+06		-2.88773		4.44444		0.129894		135.114
7.65293e+06		-2.88773		4.44444		0.147876		135.412
1.27549e+07		-2.88773		4.44444		0.131444		135.711
1.78568e+07		-2.88773		4.44444		0.120613		136.01
2.29588e+07		-2.88773		4.44444		0.148894		136.308
2.80607e+07		-2.88773		4.44444		0.117981		136.607
3.31627e+07		-2.88773		4.44444		0.117447		136.906
3.82646e+07		-2.88773		4.44444		0.129549		137.205
4.33666e+07		-2.88773		4.44444		0.124762		137.503
4.84686e+07		-2.88773		4.44444		0.131272		137.802
5.35705e+07		-2.88773		4.44444		0.105603		138.101
5.86725e+07		-2.88773		4.44444		0.0822517		138.399
6.37744e+07		-2.88773		4.44444		0.0723797		138.698
6.88764e+07		-2.88773		4.44444		0.11835		138.997
7.39783e+07		-2.88773		4.44444		0.159775		139.296
7.90803e+07		-2.88773		4.44444		0.162366		139.595
8.41822e+07		-2.88773		4.44444		0.166061		139.893
8.92842e+07		-2.88773		4.44444		0.0910866		140.191
9.43861e+07		-2.88773		4.44444		0.0251874		140.49
9.94881e+07		-2.88773		4.44444		0.257044		140.789
1.0459e+08		-2.88773		4.44444		0.337978		141.088
1.09692e+08		-2.88773		4.44444		0.27533		141.387
1.14794e+08		-2.88773		4.44444		0.238439		141.686
1.19896e+08		-2.88773		4.44444		0.166157		141.985
1.24998e+08		-2.88773		4.44444		0.0498985		142.284
1.301e+08		-2.88773		4.44444		0.156526		142.583
1.35202e+08		-2.88773		4.44444		0.277769		142.882
1.40304e+08		-2.88773		4.44444		0.227455		143.204
1.45406e+08		-2.88773		4.44444		0.186622		143.503
1.50508e+08		-2.88773		4.44444		0.134653		143.8
1.5561e+08		-2.88773		4.44444		0.082374		144.1
1.60712e+08		-2.88773		4.44444		0.308308		144.397
1.65813e+08		-2.88773		4.44444		0.290349		144.695
1.70915e+08		-2.88773		4.44444		0.223267		144.994
1.76017e+08		-2.88773		4.44444		0.103144		145.292
1.81119e+08		-2.88773		4.44444		0.283899		145.59
1.86221e+08		-2.88773		4.44444		0.183816		145.888
1.91323e+08		-2.88773		4.44444		0.119011		146.187
1.96425e+08		-2.88773		4.44444		0.302727		146.485
2.01527e+08		-2.88773		4.44444		0.159322		146.783
2.06629e+08		-2.88773		4.44444		0.151346		147.081
2.11731e+08		-2.88773		4.44444		0.275374		147.379
2.16833e+08		-2.88773		4.44444		0.228851		147.677
2.21935e+08		-2.88773		4.44444		0.156853		147.975
2.27037e+08		-2.88773		4.44444		0.188823		148.272
2.32139e+08		-2.88773		4.44444		0.130979		148.571
2.37241e+08		-2.88773		4.44444		0.0811111		148.87
2.42343e+08		-2.88773		4.44444		0.185805		149.168
2.47445e+08		-2.88773		4.44444		0.156677		149.467
2.52547e+08		-2.88773		4.44444		0.140909		149.765

-2.52547e+08		-2.82426		4.44444		0.116608		150.064
-2.47445e+08		-2.82426		4.44444		0.131063		150.362
-2.42343e+08		-2.82426		4.44444		0.163973		150.661
-2.37241e+08		-2.82426		4.44444		0.0604543		150.96
-2.32139e+08		-2.82426		4.44444		0.113933		151.259
-2.27037e+08		-2.82426		4.44444		0.167624		151.558
-2.21935e+08		-2.82426		4.44444		0.144492		151.856
-2.16833e+08		-2.82426		4.44444		0.210823		152.156
-2.11731e+08		-2.82426		4.44444		0.261542		152.455
-2.06629e+08		-2.82426		4.44444		0.148044		152.755
-2.01527e+08		-2.82426		4.44444		0.139502		153.054
-1.96425e+08		-2.82426		4.44444		0.294678		153.376
-1.91323e+08		-2.82426		4.44444		0.0916517		153.674
-1.86221e+08		-2.82426		4.44444		0.16479		153.972
-1.81119e+08		-2.82426		4.44444		0.273832		154.271
-1.76017e+08		-2.82426		4.44444		0.115986		154.569
-1.70915e+08		-2.82426		4.44444		0.217643		154.868
-1.65813e+08		-2.82426		4.44444		0.285819		155.166
-1.60712e+08		-2.82426		4.44444		0.318366		155.464
-1.5561e+08		-2.82426		4.44444		0.0978811		155.763
-1.50508e+08		-2.82426		4.44444		0.115911		156.061
-1.45406e+08		-2.82426		4.44444		0.172723		156.36
-1.40304e+08		-2.82426		4.44444		0.218788		156.658
-1.35202e+08		-2.82426		4.44444		0.287536		156.957
-1.301e+08		-2.82426		4.44444		0.167155		157.255
-1.24998e+08		-2.82426		4.44444		0.0467451		157.554
-1.19896e+08		-2.82426		4.44444		0.147487		157.852
-1.14794e+08		-2.82426		4.44444		0.23232		158.15
-1.09692e+08		-2.82426		4.44444		0.275417		158.449
-1.0459e+08		-2.82426		4.44444		0.339787		158.748
-9.94881e+07		-2.82426		4.44444		0.266277		159.048
-9.43861e+07		-2.82426		4.44444		0.00352284		159.347
-8.92842e+07		-2.82426		4.44444		0.0827912		159.648
-8.41822e+07		-2.82426		4.44444		0.17745		159.947
-7.90803e+07		-2.82426		4.44444		0.134981		160.246
-7.39783e+07		-2.82426		4.44444		0.141378		160.545
-6.88764e+07		-2.82426		4.44444		0.12873		160.844
-6.37744e+07		-2.82426		4.44444		0.0497131		161.142
-5.86725e+07		-2.82426		4.44444		0.0724371		161.44
-5.35705e+07		-2.82426		4.44444		0.0922187		161.739
-4.84686e+07		-2.82426		4.44444		0.137544		162.038
-4.33666e+07		-2.82426		4.44444		0.133626		162.336
-3.82646e+07		-2.82426		4.44444		0.104269		162.635
-3.31627e+07		-2.82426		4.44444		0.129636		162.935
-2.80607e+07		-2.82426		4.44444		0.130413		163.235
-2.29588e+07		-2.82426		4.44444		0.120122		163.533
-1.78568e+07		-2.82426		4.44444		0.132811		163.832
-1.27549e+07		-2.82426		4.44444		0.143407		164.131
-7.65293e+06		-2.82426		4.44444		0.117157		164.43
-2.55098e+06		-2.82426		4.44444		0.141795		164.729
2.55098e+06		-2.82426		4.44444		0.141795		165.028
7.65293e+06		-2.82426		4.44444		0.117157		165.326
1.27549e+07		-2.82426		4.44444		0.143407		165.625
1.78568e+07		-2.82426		4.44444		0.132811		165.924
2.29588e+07		-2.82426		4.44444		0.120122		166.222
2.80607e+07		-2.82426		4.44444		0.130413		166.52
3.31627e+07		-2.82426		4.44444		0.129636		166.819
3.82646e+07		-2.82426		4.44444		0.104269		167.117
4.33666e+07		-2.82426		4.44444		0.133626		167.416
4.84686e+07		-2.82426		4.44444		0.137544		167.715
5.35705e+07		-2.82426		4.44444		0.0922187		168.013
5.86725e+07		-2.82426		4.44444		0.0724371		168.312
6.37744e+07		-2.82426		4.44444		0.0497131		168.61
6.88764e+07		-2.82426		4.44444		0.12873		168.909
7.39783e+07		-2.82426		4.44444		0.141378		169.207
7.90803e+07		-2.82426		4.44444		0.134981		169.506
8.41822e+07		-2.82426		4.44444		0.17745		169.804
8.92842e+07		-2.82426		4.44444		0.0827912		170.102
9.43861e+07		-2.82426		4.44444		0.00352284		170.402
9.94881e+07		-2.82426		4.44444		0.266277		170.7
1.0459e+08		-2.82426		4.44444		0.339787		170.999
1.09692e+08		-2.82426		4.44444		0.275417		171.297
1.14794e+08		-2.82426		4.44444		0.23232		171.594
1.19896e+08		-2.82426		4.44444		0.147487		171.892
1.24998e+08		-2.82426		4.44444		0.0467451		172.19
1.301e+08		-2.82426		4.44444		0.167155		172.488
1.35202e+08		-2.82426		4.44444		0.287536		172.786
1.40304e+08		-2.82426		4.44444		0.218788		173.085
1.45406e+08		-2.82426		4.44444		0.172723		173.382
1.50508e+08		-2.82426		4.44444		0.115911		173.681
1.5561e+08		-2.82426		4.44444		0.0978811		173.98
1.60712e+08		-2.82426		4.44444		0.318366		174.278
1.65813e+08		-2.82426		4.44444		0.285819		174.576
1.70915e+08		-2.82426		4.44444		0.217643		174.903
1.76017e+08		-2.82426		4.44444		0.115986		175.202
1.81119e+08		-2.82426		4.44444		0.273832		175.5
1.86221e+08		-2.82426		4.44444		0.16479		175.799
1.91323e+08		-2.82426		4.44444		0.0916517		176.097
1.96425e+08		-2.82426		4.44444		0.294678		176.394
2.01527e+08		-2.82426		4.44444		0.139502		176.694
2.06629e+08		-2.82426		4.44444		0.148044		176.992
2.11731e+08		-2.82426		4.44444		0.261542		177.291
2.16833e+08		-2.82426		4.44444		0.210823		177.59
2.21935e+08		-2.82426		4.44444		0.144492		177.889
2.27037e+08		-2.82426		4.44444		0.167624		178.188
2.32139e+08		-2.82426		4.44444		0.113933		178.486
2.37241e+08		-2.82426		4.44444		0.0604543		178.785
2.42343e+08		-2.82426		4.44444		0.163973		179.084
2.47445e+08		-2.82426		4.44444		0.131063		179.383
2.52547e+08		-2.82426		4.44444		0.116608		179.682

-2.52547e+08		-2.76079		4.44444		0.094425		179.981
-2.47445e+08		-2.76079		4.44444		0.107802		180.28
-2.42343e+08		-2.76079		4.44444		0.145346		180.579
-2.37241e+08		-2.76079		4.44444		0.0389176		180.878
-2.32139e+08		-2.76079		4.44444		0.0987358		181.178
-2.27037e+08		-2.76079		4.44444		0.149823		181.476
-2.21935e+08		-2.76079		4.44444		0.134379		181.775
-2.16833e+08		-2.76079		4.44444		0.196094		182.074
-2.11731e+08		-2.76079		4.44444		0.25084		182.373
-2.06629e+08		-2.76079		4.44444		0.146843		182.671
-2.01527e+08		-2.76079		4.44444		0.123288		182.971
-1.96425e+08		-2.76079		4.44444		0.288334		183.27
-1.91323e+08		-2.76079		4.44444		0.063341		183.569
-1.86221e+08		-2.76079		4.44444		0.149567		183.868
-1.81119e+08		-2.76079		4.44444		0.266498		184.167
-1.76017e+08		-2.76079		4.44444		0.131137		184.467
-1.70915e+08		-2.76079		4.44444		0.213665		184.765
-1.65813e+08		-2.76079		4.44444		0.281282		185.064
-1.60712e+08		-2.76079		4.44444		0.326674		185.363
-1.5561e+08		-2.76079		4.44444		0.114866		185.662
-1.50508e+08		-2.76079		4.44444		0.0994856		185.962
-1.45406e+08		-2.76079		4.44444		0.162308		186.26
-1.40304e+08		-2.76079		4.44444		0.212023		186.582
-1.35202e+08		-2.76079		4.44444		0.296101		186.882
-1.301e+08		-2.76079		4.44444		0.178452		187.18
-1.24998e+08		-2.76079		4.44444		0.05042		187.479
-1.19896e+08		-2.76079		4.44444		0.131281		187.777
-1.14794e+08		-2.76079		4.44444		0.227434		188.075
-1.09692e+08		-2.76079		4.44444		0.277497		188.374
-1.0459e+08		-2.76079		4.44444		0.342933		188.671
-9.94881e+07		-2.76079		4.44444		0.276157		188.97
-9.43861e+07		-2.76079		4.44444		0.0202765		189.27
-8.92842e+07		-2.76079		4.44444		0.0786991		189.568
-8.41822e+07		-2.76079		4.44444		0.19097		189.866
-7.90803e+07		-2.76079		4.44444		0.109478		190.165
-7.39783e+07		-2.76079		4.44444		0.12577		190.463
-6.88764e+07		-2.76079		4.44444		0.140373		190.761
-6.37744e+07		-2.76079		4.44444		0.0256484		191.06
-5.86725e+07		-2.76079		4.44444		0.0676232		191.359
-5.35705e+07		-2.76079		4.44444		0.0813868		191.657
-4.84686e+07		-2.76079		4.44444		0.145958		191.956
-4.33666e+07		-2.76079		4.44444		0.144372		192.255
-3.82646e+07		-2.76079		4.44444		0.0797694		192.553
-3.31627e+07		-2.76079		4.44444		0.14377		192.852
-2.80607e+07		-2.76079		4.44444		0.144894		193.15
-2.29588e+07		-2.76079		4.44444		0.0924801		193.448
-1.78568e+07		-2.76079		4.44444		0.147181		193.747
-1.27549e+07		-2.76079		4.44444		0.157551		194.046
-7.65293e+06		-2.76079		4.44444		0.0865213		194.345
-2.55098e+06		-2.76079		4.44444		0.155891		194.644
2.55098e+06		-2.76079		4.44444		0.155891		194.943
7.65293e+06		-2.76079		4.44444		0.0865213		195.242
1.27549e+07		-2.76079		4.44444		0.157551		195.541
1.78568e+07		-2.76079		4.44444		0.147181		195.84
2.29588e+07		-2.76079		4.44444		0.0924801		196.139
2.80607e+07		-2.76079		4.44444		0.144894		196.461
3.31627e+07		-2.76079		4.44444		0.14377		196.76
3.82646e+07		-2.76079		4.44444		0.0797694		197.057
4.33666e+07		-2.76079		4.44444		0.144372		197.357
4.84686e+07		-2.76079		4.44444		0.145958		197.656
5.35705e+07		-2.76079		4.44444		0.0813868		197.954
5.86725e+07		-2.76079		4.44444		0.0676232		198.252
6.37744e+07		-2.76079		4.44444		0.0256484		198.55
6.88764e+07		-2.76079		4.44444		0.140373		198.848
7.39783e+07		-2.76079		4.44444		0.12577		199.147
7.90803e+07		-2.76079		4.44444		0.109478		199.446
8.41822e+07		-2.76079		4.44444		0.19097		199.744
8.92842e+07		-2.76079		4.44444		0.0786991		200.042
9.43861e+07		-2.76079		4.44444		0.0202765		200.341
9.94881e+07		-2.76079		4.44444		0.276157		200.639
1.0459e+08		-2.76079		4.44444		0.342933		200.937
1.09692e+08		-2.76079		4.44444		0.277497		201.236
1.14794e+08		-2.76079		4.44444		0.227434		201.534
1.19896e+08		-2.76079		4.44444		0.131281		201.833
1.24998e+08		-2.76079		4.44444		0.05042		202.131
1.301e+08		-2.76079		4.44444		0.178452		202.43
1.35202e+08		-2.76079		4.44444		0.296101		202.728
1.40304e+08		-2.76079		4.44444		0.212023		203.026
1.45406e+08		-2.76079		4.44444		0.162308		203.325
1.50508e+08		-2.76079		4.44444		0.0994856		203.624
1.5561e+08		-2.76079		4.44444		0.114866		203.924
1.60712e+08		-2.76079		4.44444		0.326674		204.223
1.65813e+08		-2.76079		4.44444		0.281282		204.522
1.70915e+08		-2.76079		4.44444		0.213665		204.822
1.76017e+08		-2.76079		4.44444		0.131137		205.12
1.81119e+08		-2.76079		4.44444		0.266498		205.42
1.86221e+08		-2.76079		4.44444		0.149567		205.719
1.91323e+08		-2.76079		4.44444		0.063341		206.019
1.96425e+08		-2.76079		4.44444		0.288334		206.317
2.01527e+08		-2.76079		4.44444		0.123288		206.639
2.06629e+08		-2.76079		4.44444		0.146843		206.937
2.11731e+08		-2.76079		4.44444		0.25084		207.236
2.16833e+08		-2.76079		4.44444		0.196094		207.533
2.21935e+08		-2.76079		4.44444		0.134379		207.832
2.27037e+08		-2.76079		4.44444		0.149823		208.129
2.32139e+08		-2.76079		4.44444		0.0987358		208.428
2.37241e+08		-2.76079		4.44444		0.0389176		208.725
2.42343e+08		-2.76079		4.44444		0.145346		209.024
2.47445e+08		-2.76079		4.44444		0.107802		209.322
2.52547e+08		-2.76079		4.44444		0.094425		209.62

-2.52547e+08		-2.69733		4.44444		0.077023		209.919
-2.47445e+08		-2.69733		4.44444		0.088989		210.217
-2.42343e+08		-2.69733		4.44444		0.131407		210.515
-2.37241e+08		-2.69733		4.44444		0.0219341		210.813
-2.32139e+08		-2.69733		4.44444		0.0882984		211.111
-2.27037e+08		-2.69733		4.44444		0.136827		211.409
-2.21935e+08		-2.69733		4.44444		0.128429		211.707
-2.16833e+08		-2.69733		4.44444		0.185518		212.006
-2.11731e+08		-2.69733		4.44444		0.243777		212.303
-2.06629e+08		-2.69733		4.44444		0.148888		212.602
-2.01527e+08		-2.69733		4.44444		0.112656		212.9
-1.96425e+08		-2.69733		4.44444		0.284561		213.198
-1.91323e+08		-2.69733		4.44444		0.034785		213.497
-1.86221e+08		-2.69733		4.44444		0.139549		213.795
-1.81119e+08		-2.69733		4.44444		0.262385		214.093
-1.76017e+08		-2.69733		4.44444		0.148338		214.392
-1.70915e+08		-2.69733		4.44444		0.212334		214.69
-1.65813e+08		-2.69733		4.44444		0.278672		214.988
-1.60712e+08		-2.69733		4.44444		0.334192		215.288
-1.5561e+08		-2.69733		4.44444		0.133318		215.588
-1.50508e+08		-2.69733		4.44444		0.0882499		215.887
-1.45406e+08		-2.69733		4.44444		0.156529		216.186
-1.40304e+08		-2.69733		4.44444		0.20845		216.486
-1.35202e+08		-2.69733		4.44444		0.304292		216.784
-1.301e+08		-2.69733		4.44444		0.190867		217.083
-1.24998e+08		-2.69733		4.44444		0.0617688		217.382
-1.19896e+08		-2.69733		4.44444		0.119507		217.681
-1.14794e+08		-2.69733		4.44444		0.224902		217.98
-1.09692e+08		-2.69733		4.44444		0.281825		218.279
-1.0459e+08		-2.69733		4.44444		0.347683		218.578
-9.94881e+07		-2.69733		4.44444		0.286937		218.877
-9.43861e+07		-2.69733		4.44444		0.044636		219.175
-8.92842e+07		-2.69733		4.44444		0.0811532		219.473
-8.41822e+07		-2.69733		4.44444		0.206436		219.775
-7.90803e+07		-2.69733		4.44444		0.0875757		220.073
-7.39783e+07		-2.69733		4.44444		0.115034		220.371
-6.88764e+07		-2.69733		4.44444		0.153627		220.67
-6.37744e+07		-2.69733		4.44444		0.0059825		220.969
-5.86725e+07		-2.69733		4.44444		0.0705643		221.267
-5.35705e+07		-2.69733		4.44444		0.0763646		221.565
-4.84686e+07		-2.69733		4.44444		0.15681		221.864
-4.33666e+07		-2.69733		4.44444		0.157171		222.162
-3.82646e+07		-2.69733		4.44444		0.0587849		222.461
-3.31627e+07		-2.69733		4.44444		0.159751		222.76
-2.80607e+07		-2.69733		4.44444		0.161257		223.058
-2.29588e+07		-2.69733		4.44444		0.0676012		223.357
-1.78568e+07		-2.69733		4.44444		0.163508		223.656
-1.27549e+07		-2.69733		4.44444		0.173665		223.955
-7.65293e+06		-2.69733		4.44444		0.0562079		224.254
-2.55098e+06		-2.69733		4.44444		0.171966		224.553
2.55098e+06		-2.69733		4.44444		0.171966		224.851
7.65293e+06		-2.69733		4.44444		0.0562079		225.149
1.27549e+07		-2.69733		4.44444		0.173665		225.447
1.78568e+07		-2.69733		4.44444		0.163508		225.745
2.29588e+07		-2.69733		4.44444		0.0676012		226.043
2.80607e+07		-2.69733		4.44444		0.161257		226.342
3.31627e+07		-2.69733		4.44444		0.159751		226.64
3.82646e+07		-2.69733		4.44444		0.0587849		226.938
4.33666e+07		-2.69733		4.44444		0.157171		227.236
4.84686e+07		-2.69733		4.44444		0.15681		227.534
5.35705e+07		-2.69733		4.44444		0.0763646		227.833
5.86725e+07		-2.69733		4.44444		0.0705643		228.16
6.37744e+07		-2.69733		4.44444		0.0059825		228.458
6.88764e+07		-2.69733		4.44444		0.153627		228.756
7.39783e+07		-2.69733		4.44444		0.115034		229.055
7.90803e+07		-2.69733		4.44444		0.0875757		229.354
8.41822e+07		-2.69733		4.44444		0.206436		229.651
8.92842e+07		-2.69733		4.44444		0.0811532		229.949
9.43861e+07		-2.69733		4.44444		0.044636		230.247
9.94881e+07		-2.69733		4.44444		0.286937		230.545
1.0459e+08		-2.69733		4.44444		0.347683		230.844
1.09692e+08		-2.69733		4.44444		0.281825		231.142
1.14794e+08		-2.69733		4.44444		0.224902		231.44
1.19896e+08		-2.69733		4.44444		0.119507		231.739
1.24998e+08		-2.69733		4.44444		0.0617688		232.037
1.301e+08		-2.69733		4.44444		0.190867		232.335
1.35202e+08		-2.69733		4.44444		0.304292		232.634
1.40304e+08		-2.69733		4.44444		0.20845		232.933
1.45406e+08		-2.69733		4.44444		0.156529		233.231
1.50508e+08		-2.69733		4.44444		0.0882499		233.53
1.5561e+08		-2.69733		4.44444		0.133318		233.828
1.60712e+08		-2.69733		4.44444		0.334192		234.126
1.65813e+08		-2.69733		4.44444		0.278672		234.425
1.70915e+08		-2.69733		4.44444		0.212334		234.723
1.76017e+08		-2.69733		4.44444		0.148338		235.022
1.81119e+08		-2.69733		4.44444		0.262385		235.322
1.86221e+08		-2.69733		4.44444		0.139549		235.62
1.91323e+08		-2.69733		4.44444		0.034785		235.918
1.96425e+08		-2.69733		4.44444		0.284561		236.217
2.01527e+08		-2.69733		4.44444		0.112656		236.517
2.06629e+08		-2.69733		4.44444		0.148888		236.816
2.11731e+08		-2.69733		4.44444		0.243777		237.115
2.16833e+08		-2.69733		4.44444		0.185518		237.414
2.21935e+08		-2.69733		4.44444		0.128429		237.713
2.27037e+08		-2.69733		4.44444		0.136827		238.012
2.32139e+08		-2.69733		4.44444		0.0882984		238.311
2.37241e+08		-2.69733		4.44444		0.0219341		238.611
2.42343e+08		-2.69733		4.44444		0.131407		238.911
2.47445e+08		-2.69733		4.44444		0.088989		239.21
2.52547e+08		-2.69733		4.44444		0.077023		239.51

-2.52547e+08		-2.63386		4.44444		0.0686879		239.833
-2.47445e+08		-2.63386		4.44444		0.0780718		240.132
-2.42343e+08		-2.63386		4.44444		0.123827		240.431
-2.37241e+08		-2.63386		4.44444		0.027977		240.73
-2.32139e+08		-2.63386		4.44444		0.08566		241.028
-2.27037e+08		-2.63386		4.44444		0.130139		241.326
-2.21935e+08		-2.63386		4.44444		0.128109		241.625
-2.16833e+08		-2.63386		4.44444		0.179863		241.923
-2.11731e+08		-2.63386		4.44444		0.240725		242.222
-2.06629e+08		-2.63386		4.44444		0.154857		242.521
-2.01527e+08		-2.63386		4.44444		0.109518		242.82
-1.96425e+08		-2.63386		4.44444		0.283851		243.118
-1.91323e+08		-2.63386		4.44444		0.0105546		243.417
-1.86221e+08		-2.63386		4.44444		0.135987		243.716
-1.81119e+08		-2.63386		4.44444		0.261808		244.014
-1.76017e+08		-2.63386		4.44444		0.167332		244.312
-1.70915e+08		-2.63386		4.44444		0.214301		244.61
-1.65813e+08		-2.63386		4.44444		0.278869		244.908
-1.60712e+08		-2.63386		4.44444		0.341849		245.207
-1.5561e+08		-2.63386		4.44444		0.153165		245.507
-1.50508e+08		-2.63386		4.44444		0.0852643		245.805
-1.45406e+08		-2.63386		4.44444		0.156194		246.104
-1.40304e+08		-2.63386		4.44444		0.2088		246.403
-1.35202e+08		-2.63386		4.44444		0.312874		246.702
-1.301e+08		-2.63386		4.44444		0.204705		247.001
-1.24998e+08		-2.63386		4.44444		0.0788188		247.301
-1.19896e+08		-2.63386		4.44444		0.114112		247.599
-1.14794e+08		-2.63386		4.44444		0.225456		247.898
-1.09692e+08		-2.63386		4.44444		0.28855		248.198
-1.0459e+08		-2.63386		4.44444		0.35423		248.497
-9.94881e+07		-2.63386		4.44444		0.298833		248.796
-9.43861e+07		-2.63386		4.44444		0.0699343		249.096
-8.92842e+07		-2.63386		4.44444		0.0907629		249.394
-8.41822e+07		-2.63386		4.44444		0.223657		249.717
-7.90803e+07		-2.63386		4.44444		0.0726251		250.016
-7.39783e+07		-2.63386		4.44444		0.111146		250.314
-6.88764e+07		-2.63386		4.44444		0.168654		250.612
-6.37744e+07		-2.63386		4.44444		0.0279354		250.91
-5.86725e+07		-2.63386		4.44444		0.0815575		251.209
-5.35705e+07		-2.63386		4.44444		0.0797106		251.508
-4.84686e+07		-2.63386		4.44444		0.170163		251.806
-4.33666e+07		-2.63386		4.44444		0.172042		252.104
-3.82646e+07		-2.63386		4.44444		0.0475578		252.402
-3.31627e+07		-2.63386		4.44444		0.177441		252.701
-2.80607e+07		-2.63386		4.44444		0.179322		253
-2.29588e+07		-2.63386		4.44444		0.049943		253.298
-1.78568e+07		-2.63386		4.44444		0.181578		253.595
-1.27549e+07		-2.63386		4.44444		0.191533		253.894
-7.65293e+06		-2.63386		4.44444		0.0273687		254.192
-2.55098e+06		-2.63386		4.44444		0.189805		254.49
2.55098e+06		-2.63386		4.44444		0.189805		254.787
7.65293e+06		-2.63386		4.44444		0.0273687		255.085
1.27549e+07		-2.63386		4.44444		0.191533		255.383
1.78568e+07		-2.63386		4.44444		0.181578		255.681
2.29588e+07		-2.63386		4.44444		0.049943		255.979
2.80607e+07		-2.63386		4.44444		0.179322		256.278
3.31627e+07		-2.63386		4.44444		0.177441		256.576
3.82646e+07		-2.63386		4.44444		0.0475578		256.874
4.33666e+07		-2.63386		4.44444		0.172042		257.173
4.84686e+07		-2.63386		4.44444		0.170163		257.471
5.35705e+07		-2.63386		4.44444		0.0797106		257.77
5.86725e+07		-2.63386		4.44444		0.0815575		258.068
6.37744e+07		-2.63386		4.44444		0.0279354		258.366
6.88764e+07		-2.63386		4.44444		0.168654		258.664
7.39783e+07		-2.63386		4.44444		0.111146		258.963
7.90803e+07		-2.63386		4.44444		0.0726251		259.263
8.41822e+07		-2.63386		4.44444		0.223657		259.562
8.92842e+07		-2.63386		4.44444		0.0907629		259.884
9.43861e+07		-2.63386		4.44444		0.0699343		260.183
9.94881e+07		-2.63386		4.44444		0.298833		260.481
1.0459e+08		-2.63386		4.44444		0.35423		260.779
1.09692e+08		-2.63386		4.44444		0.28855		261.076
1.14794e+08		-2.63386		4.44444		0.225456		261.374
1.19896e+08		-2.63386		4.44444		0.114112		261.672
1.24998e+08		-2.63386		4.44444		0.0788188		261.97
1.301e+08		-2.63386		4.44444		0.204705		262.269
1.35202e+08		-2.63386		4.44444		0.312874		262.567
1.40304e+08		-2.63386		4.44444		0.2088		262.865
1.45406e+08		-2.63386		4.44444		0.156194		263.163
1.50508e+08		-2.63386		4.44444		0.0852643		263.462
1.5561e+08		-2.63386		4.44444		0.153165		263.761
1.60712e+08		-2.63386		4.44444		0.341849		264.059
1.65813e+08		-2.63386		4.44444		0.278869		264.357
1.70915e+08		-2.63386		4.44444		0.214301		264.656
1.76017e+08		-2.63386		4.44444		0.167332		264.954
1.81119e+08		-2.63386		4.44444		0.261808		265.253
1.86221e+08		-2.63386		4.44444		0.135987		265.551
1.91323e+08		-2.63386		4.44444		0.0105546		265.85
1.96425e+08		-2.63386		4.44444		0.283851		266.148
2.01527e+08		-2.63386		4.44444		0.109518		266.446
2.06629e+08		-2.63386		4.44444		0.154857		266.745
2.11731e+08		-2.63386		4.44444		0.240725		267.043
2.16833e+08		-2.63386		4.44444		0.179863		267.342
2.21935e+08		-2.63386		4.44444		0.128109		267.64
2.27037e+08		-2.63386		4.44444		0.130139		267.938
2.32139e+08		-2.63386		4.44444		0.08566		268.236
2.37241e+08		-2.63386		4.44444		0.027977		268.536
2.42343e+08		-2.63386		4.44444		0.123827		268.835
2.47445e+08		-2.63386		4.44444		0.0780718		269.133
2.52547e+08		-2.63386		4.44444		0.0686879		269.434

-2.52547e+08		-2.57039		4.44444		0.072899		269.733
-2.47445e+08		-2.57039		4.44444		0.0785031		270.032
-2.42343e+08		-2.57039		4.44444		0.12382		270.332
-2.37241e+08		-2.57039		4.44444		0.0507777		270.631
-2.32139e+08		-2.57039		4.44444		0.0922348		270.931
-2.27037e+08		-2.57039		4.44444		0.130756		271.229
-2.21935e+08		-2.57039		4.44444		0.133999		271.528
-2.16833e+08		-2.57039		4.44444		0.179607		271.827
-2.11731e+08		-2.57039		4.44444		0.241866		272.125
-2.06629e+08		-2.57039		4.44444		0.164884		272.424
-2.01527e+08		-2.57039		4.44444		0.114654		272.722
-1.96425e+08		-2.57039		4.44444		0.286437		273.021
-1.91323e+08		-2.57039		4.44444		0.0279619		273.32
-1.86221e+08		-2.57039		4.44444		0.139424		273.618
-1.81119e+08		-2.57039		4.44444		0.26489		273.917
-1.76017e+08		-2.57039		4.44444		0.187882		274.215
-1.70915e+08		-2.57039		4.44444		0.219859		274.514
-1.65813e+08		-2.57039		4.44444		0.282246		274.813
-1.60712e+08		-2.57039		4.44444		0.350374		275.112
-1.5561e+08		-2.57039		4.44444		0.17429		275.411
-1.50508e+08		-2.57039		4.44444		0.0918719		275.709
-1.45406e+08		-2.57039		4.44444		0.161518		276.008
-1.40304e+08		-2.57039		4.44444		0.213351		276.307
-1.35202e+08		-2.57039		4.44444		0.322441		276.606
-1.301e+08		-2.57039		4.44444		0.220117		276.905
-1.24998e+08		-2.57039		4.44444		0.0994736		277.203
-1.19896e+08		-2.57039		4.44444		0.116295		277.501
-1.14794e+08		-2.57039		4.44444		0.229468		277.8
-1.09692e+08		-2.57039		4.44444		0.297706		278.098
-1.0459e+08		-2.57039		4.44444		0.36269		278.397
-9.94881e+07		-2.57039		4.44444		0.312		278.696
-9.43861e+07		-2.57039		4.44444		0.0959902		278.994
-8.92842e+07		-2.57039		4.44444		0.106306		279.293
-8.41822e+07		-2.57039		4.44444		0.242443		279.591
-7.90803e+07		-2.57039		4.44444		0.0692424		279.892
-7.39783e+07		-2.57039		4.44444		0.115105		280.192
-6.88764e+07		-2.57039		4.44444		0.185458		280.491
-6.37744e+07		-2.57039		4.44444		0.0549252		280.789
-5.86725e+07		-2.57039		4.44444		0.0986377		281.088
-5.35705e+07		-2.57039		4.44444		0.0913538		281.416
-4.84686e+07		-2.57039		4.44444		0.185889		281.715
-4.33666e+07		-2.57039		4.44444		0.188876		282.013
-3.82646e+07		-2.57039		4.44444		0.0533264		282.312
-3.31627e+07		-2.57039		4.44444		0.196678		282.61
-2.80607e+07		-2.57039		4.44444		0.198901		282.909
-2.29588e+07		-2.57039		4.44444		0.0482361		283.207
-1.78568e+07		-2.57039		4.44444		0.201179		283.506
-1.27549e+07		-2.57039		4.44444		0.210947		283.805
-7.65293e+06		-2.57039		4.44444		0.0158239		284.103
-2.55098e+06		-2.57039		4.44444		0.209196		284.401
2.55098e+06		-2.57039		4.44444		0.209196		284.7
7.65293e+06		-2.57039		4.44444		0.0158239		284.999
1.27549e+07		-2.57039		4.44444		0.210947		285.296
1.78568e+07		-2.57039		4.44444		0.201179		285.595
2.29588e+07		-2.57039		4.44444		0.0482361		285.893
2.80607e+07		-2.57039		4.44444		0.198901		286.191
3.31627e+07		-2.57039		4.44444		0.196678		286.489
3.82646e+07		-2.57039		4.44444		0.0533264		286.788
4.33666e+07		-2.57039		4.44444		0.188876		287.086
4.84686e+07		-2.57039		4.44444		0.185889		287.384
5.35705e+07		-2.57039		4.44444		0.0913538		287.684
5.86725e+07		-2.57039		4.44444		0.0986377		287.982
6.37744e+07		-2.57039		4.44444		0.0549252		288.281
6.88764e+07		-2.57039		4.44444		0.185458		288.58
7.39783e+07		-2.57039		4.44444		0.115105		288.879
7.90803e+07		-2.57039		4.44444		0.0692424		289.176
8.41822e+07		-2.57039		4.44444		0.242443		289.476
8.92842e+07		-2.57039		4.44444		0.106306		289.775
9.43861e+07		-2.57039		4.44444		0.0959902		290.074
9.94881e+07		-2.57039		4.44444		0.312		290.374
1.0459e+08		-2.57039		4.44444		0.36269		290.673
1.09692e+08		-2.57039		4.44444		0.297706		290.973
1.14794e+08		-2.57039		4.44444		0.229468		291.272
1.19896e+08		-2.57039		4.44444		0.116295		291.571
1.24998e+08		-2.57039		4.44444		0.0994736		291.87
1.301e+08		-2.57039		4.44444		0.220117		292.17
1.35202e+08		-2.57039		4.44444		0.322441		292.469
1.40304e+08		-2.57039		4.44444		0.213351		292.769
1.45406e+08		-2.57039		4.44444		0.161518		293.092
1.50508e+08		-2.57039		4.44444		0.0918719		293.391
1.5561e+08		-2.57039		4.44444		0.17429		293.69
1.60712e+08		-2.57039		4.44444		0.350374		293.989
1.65813e+08		-2.57039		4.44444		0.282246		294.288
1.70915e+08		-2.57039		4.44444		0.219859		294.586
1.76017e+08		-2.57039		4.44444		0.187882		294.885
1.81119e+08		-2.57039		4.44444		0.26489		295.183
1.86221e+08		-2.57039		4.44444		0.139424		295.482
1.91323e+08		-2.57039		4.44444		0.0279619		295.781
1.96425e+08		-2.57039		4.44444		0.286437		296.079
2.01527e+08		-2.57039		4.44444		0.114654		296.378
2.06629e+08		-2.57039		4.44444		0.164884		296.677
2.11731e+08		-2.57039		4.44444		0.241866		296.976
2.16833e+08		-2.57039		4.44444		0.179607		297.274
2.21935e+08		-2.57039		4.44444		0.133999		297.573
2.27037e+08		-2.57039		4.44444		0.130756		297.871
2.32139e+08		-2.57039		4.44444		0.0922348		298.17
2.37241e+08		-2.57039		4.44444		0.0507777		298.469
2.42343e+08		-2.57039		4.44444		0.12382		298.769
2.47445e+08		-2.57039		4.44444		0.0785031		299.068
2.52547e+08		-2.57039		4.44444		0.072899		299.367

-2.52547e+08		-2.50693		4.44444		0.0879972		299.667
-2.47445e+08		-2.50693		4.44444		0.090142		299.965
-2.42343e+08		-2.50693		4.44444		0.131398		300.265
-2.37241e+08		-2.50693		4.44444		0.0773093		300.565
-2.32139e+08		-2.50693		4.44444		0.106727		300.864
-2.27037e+08		-2.50693		4.44444		0.138578		301.163
-2.21935e+08		-2.50693		4.44444		0.14566		301.463
-2.16833e+08		-2.50693		4.44444		0.184763		301.762
-2.11731e+08		-2.50693		4.44444		0.247146		302.062
-2.06629e+08		-2.50693		4.44444		0.178659		302.362
-2.01527e+08		-2.50693		4.44444		0.127145		302.662
-1.96425e+08		-2.50693		4.44444		0.292345		302.985
-1.91323e+08		-2.50693		4.44444		0.0570503		303.284
-1.86221e+08		-2.50693		4.44444		0.149386		303.582
-1.81119e+08		-2.50693		4.44444		0.271562		303.882
-1.76017e+08		-2.50693		4.44444		0.209767		304.181
-1.70915e+08		-2.50693		4.44444		0.228982		304.48
-1.65813e+08		-2.50693		4.44444		0.288868		304.779
-1.60712e+08		-2.50693		4.44444		0.360246		305.078
-1.5561e+08		-2.50693		4.44444		0.196554		305.376
-1.50508e+08		-2.50693		4.44444		0.106557		305.675
-1.45406e+08		-2.50693		4.44444		0.172073		305.973
-1.40304e+08		-2.50693		4.44444		0.221997		306.271
-1.35202e+08		-2.50693		4.44444		0.333384		306.57
-1.301e+08		-2.50693		4.44444		0.237123		306.869
-1.24998e+08		-2.50693		4.44444		0.122408		307.168
-1.19896e+08		-2.50693		4.44444		0.125804		307.467
-1.14794e+08		-2.50693		4.44444		0.236994		307.766
-1.09692e+08		-2.50693		4.44444		0.309226		308.064
-1.0459e+08		-2.50693		4.44444		0.373096		308.363
-9.94881e+07		-2.50693		4.44444		0.326523		308.662
-9.43861e+07		-2.50693		4.44444		0.122656		308.961
-8.92842e+07		-2.50693		4.44444		0.126023		309.26
-8.41822e+07		-2.50693		4.44444		0.262612		309.558
-7.90803e+07		-2.50693		4.44444		0.0788452		309.857
-7.39783e+07		-2.50693		4.44444		0.126312		310.156
-6.88764e+07		-2.50693		4.44444		0.203929		310.456
-6.37744e+07		-2.50693		4.44444		0.0826489		310.755
-5.86725e+07		-2.50693		4.44444		0.11964		311.054
-5.35705e+07		-2.50693		4.44444		0.10913		311.354
-4.84686e+07		-2.50693		4.44444		0.203742		311.653
-4.33666e+07		-2.50693		4.44444		0.207485		311.954
-3.82646e+07		-2.50693		4.44444		0.0723349		312.253
-3.31627e+07		-2.50693		4.44444		0.217282		312.554
-2.80607e+07		-2.50693		4.44444		0.219806		312.854
-2.29588e+07		-2.50693		4.44444		0.0637045		313.176
-1.78568e+07		-2.50693		4.44444		0.222112		313.475
-1.27549e+07		-2.50693		4.44444		0.231709		313.773
-7.65293e+06		-2.50693		4.44444		0.0406311		314.072
-2.55098e+06		-2.50693		4.44444		0.22994		314.37
2.55098e+06		-2.50693		4.44444		0.22994		314.67
7.65293e+06		-2.50693		4.44444		0.0406311		314.968
1.27549e+07		-2.50693		4.44444		0.231709		315.266
1.78568e+07		-2.50693		4.44444		0.222112		315.565
2.29588e+07		-2.50693		4.44444		0.0637045		315.863
2.80607e+07		-2.50693		4.44444		0.219806		316.161
3.31627e+07		-2.50693		4.44444		0.217282		316.459
3.82646e+07		-2.50693		4.44444		0.0723349		316.756
4.33666e+07		-2.50693		4.44444		0.207485		317.054
4.84686e+07		-2.50693		4.44444		0.203742		317.352
5.35705e+07		-2.50693		4.44444		0.10913		317.649
5.86725e+07		-2.50693		4.44444		0.11964		317.947
6.37744e+07		-2.50693		4.44444		0.0826489		318.245
6.88764e+07		-2.50693		4.44444		0.203929		318.543
7.39783e+07		-2.50693		4.44444		0.126312		318.842
7.90803e+07		-2.50693		4.44444		0.0788452		319.139
8.41822e+07		-2.50693		4.44444		0.262612		319.437
8.92842e+07		-2.50693		4.44444		0.126023		319.735
9.43861e+07		-2.50693		4.44444		0.122656		320.033
9.94881e+07		-2.50693		4.44444		0.326523		320.331
1.0459e+08		-2.50693		4.44444		0.373096		320.63
1.09692e+08		-2.50693		4.44444		0.309226		320.928
1.14794e+08		-2.50693		4.44444		0.236994		321.226
1.19896e+08		-2.50693		4.44444		0.125804		321.524
1.24998e+08		-2.50693		4.44444		0.122408		321.823
1.301e+08		-2.50693		4.44444		0.237123		322.122
1.35202e+08		-2.50693		4.44444		0.333384		322.421
1.40304e+08		-2.50693		4.44444		0.221997		322.721
1.45406e+08		-2.50693		4.44444		0.172073		323.02
1.50508e+08		-2.50693		4.44444		0.106557		323.319
1.5561e+08		-2.50693		4.44444		0.196554		323.618
1.60712e+08		-2.50693		4.44444		0.360246		323.917
1.65813e+08		-2.50693		4.44444		0.288868		324.215
1.70915e+08		-2.50693		4.44444		0.228982		324.515
1.76017e+08		-2.50693		4.44444		0.209767		324.814
1.81119e+08		-2.50693		4.44444		0.271562		325.113
1.86221e+08		-2.50693		4.44444		0.149386		325.411
1.91323e+08		-2.50693		4.44444		0.0570503		325.709
1.96425e+08		-2.50693		4.44444		0.292345		326.007
2.01527e+08		-2.50693		4.44444		0.127145		326.305
2.06629e+08		-2.50693		4.44444		0.178659		326.604
2.11731e+08		-2.50693		4.44444		0.247146		326.901
2.16833e+08		-2.50693		4.44444		0.184763		327.201
2.21935e+08		-2.50693		4.44444		0.14566		327.499
2.27037e+08		-2.50693		4.44444		0.138578		327.797
2.32139e+08		-2.50693		4.44444		0.106727		328.097
2.37241e+08		-2.50693		4.44444		0.0773093		328.396
2.42343e+08		-2.50693		4.44444		0.131398		328.695
2.47445e+08		-2.50693		4.44444		0.090142		328.995
2.52547e+08		-2.50693		4.44444		0.0879972		329.295

-2.52547e+08		-2.44346		4.44444		0.109608		329.595
-2.47445e+08		-2.44346		4.44444		0.109451		329.894
-2.42343e+08		-2.44346		4.44444		0.145361		330.193
-2.37241e+08		-2.44346		4.44444		0.105117		330.491
-2.32139e+08		-2.44346		4.44444		0.126646		330.79
-2.27037e+08		-2.44346		4.44444		0.152476		331.089
-2.21935e+08		-2.44346		4.44444		0.162022		331.387
-2.16833e+08		-2.44346		4.44444		0.194873		331.686
-2.11731e+08		-2.44346		4.44444		0.2563		331.985
-2.06629e+08		-2.44346		4.44444		0.195622		332.285
-2.01527e+08		-2.44346		4.44444		0.145126		332.584
-1.96425e+08		-2.44346		4.44444		0.301435		332.882
-1.91323e+08		-2.44346		4.44444		0.0868408		333.181
-1.86221e+08		-2.44346		4.44444		0.164672		333.479
-1.81119e+08		-2.44346		4.44444		0.281591		333.778
-1.76017e+08		-2.44346		4.44444		0.232787		334.077
-1.70915e+08		-2.44346		4.44444		0.241398		334.376
-1.65813e+08		-2.44346		4.44444		0.298601		334.699
-1.60712e+08		-2.44346		4.44444		0.371729		334.998
-1.5561e+08		-2.44346		4.44444		0.219809		335.296
-1.50508e+08		-2.44346		4.44444		0.12664		335.595
-1.45406e+08		-2.44346		4.44444		0.187015		335.892
-1.40304e+08		-2.44346		4.44444		0.234355		336.19
-1.35202e+08		-2.44346		4.44444		0.345909		336.489
-1.301e+08		-2.44346		4.44444		0.255644		336.787
-1.24998e+08		-2.44346		4.44444		0.146848		337.086
-1.19896e+08		-2.44346		4.44444		0.141209		337.384
-1.14794e+08		-2.44346		4.44444		0.247841		337.683
-1.09692e+08		-2.44346		4.44444		0.322967		337.981
-1.0459e+08		-2.44346		4.44444		0.385417		338.291
-9.94881e+07		-2.44346		4.44444		0.342423		338.589
-9.43861e+07		-2.44346		4.44444		0.149805		338.887
-8.92842e+07		-2.44346		4.44444		0.148495		339.185
-8.41822e+07		-2.44346		4.44444		0.283991		339.483
-7.90803e+07		-2.44346		4.44444		0.0975683		339.783
-7.39783e+07		-2.44346		4.44444		0.143116		340.083
-6.88764e+07		-2.44346		4.44444		0.223894		340.381
-6.37744e+07		-2.44346		4.44444		0.110804		340.679
-5.86725e+07		-2.44346		4.44444		0.143086		340.977
-5.35705e+07		-2.44346		4.44444		0.130802		341.275
-4.84686e+07		-2.44346		4.44444		0.223426		341.573
-4.33666e+07		-2.44346		4.44444		0.227645		341.872
-3.82646e+07		-2.44346		4.44444		0.0971426		342.17
-3.31627e+07		-2.44346		4.44444		0.239075		342.469
-2.80607e+07		-2.44346		4.44444		0.241857		342.768
-2.29588e+07		-2.44346		4.44444		0.087585		343.066
-1.78568e+07		-2.44346		4.44444		0.244192		343.364
-1.27549e+07		-2.44346		4.44444		0.253633		343.663
-7.65293e+06		-2.44346		4.44444		0.070216		343.962
-2.55098e+06		-2.44346		4.44444		0.25185		344.26
2.55098e+06		-2.44346		4.44444		0.25185		344.559
7.65293e+06		-2.44346		4.44444		0.070216		344.858
1.27549e+07		-2.44346		4.44444		0.253633		345.157
1.78568e+07		-2.44346		4.44444		0.244192		345.457
2.29588e+07		-2.44346		4.44444		0.087585		345.756
2.80607e+07		-2.44346		4.44444		0.241857		346.055
3.31627e+07		-2.44346		4.44444		0.239075		346.383
3.82646e+07		-2.44346		4.44444		0.0971426		346.682
4.33666e+07		-2.44346		4.44444		0.227645		346.981
4.84686e+07		-2.44346		4.44444		0.223426		347.28
5.35705e+07		-2.44346		4.44444		0.130802		347.578
5.86725e+07		-2.44346		4.44444		0.143086		347.876
6.37744e+07		-2.44346		4.44444		0.110804		348.174
6.88764e+07		-2.44346		4.44444		0.223894		348.472
7.39783e+07		-2.44346		4.44444		0.143116		348.771
7.90803e+07		-2.44346		4.44444		0.0975683		349.069
8.41822e+07		-2.44346		4.44444		0.283991		349.368
8.92842e+07		-2.44346		4.44444		0.148495		349.665
9.43861e+07		-2.44346		4.44444		0.149805		349.964
9.94881e+07		-2.44346		4.44444		0.342423		350.263
1.0459e+08		-2.44346		4.44444		0.385417		350.561
1.09692e+08		-2.44346		4.44444		0.322967		350.859
1.14794e+08		-2.44346		4.44444		0.247841		351.157
1.19896e+08		-2.44346		4.44444		0.141209		351.456
1.24998e+08		-2.44346		4.44444		0.146848		351.755
1.301e+08		-2.44346		4.44444		0.255644		352.053
1.35202e+08		-2.44346		4.44444		0.345909		352.351
1.40304e+08		-2.44346		4.44444		0.234355		352.649
1.45406e+08		-2.44346		4.44444		0.187015		352.947
1.50508e+08		-2.44346		4.44444		0.12664		353.245
1.5561e+08		-2.44346		4.44444		0.219809		353.544
1.60712e+08		-2.44346		4.44444		0.371729		353.842
1.65813e+08		-2.44346		4.44444		0.298601		354.14
1.70915e+08		-2.44346		4.44444		0.241398		354.44
1.76017e+08		-2.44346		4.44444		0.232787		354.739
1.81119e+08		-2.44346		4.44444		0.281591		355.039
1.86221e+08		-2.44346		4.44444		0.164672		355.338
1.91323e+08		-2.44346		4.44444		0.0868408		355.637
1.96425e+08		-2.44346		4.44444		0.301435		355.937
2.01527e+08		-2.44346		4.44444		0.145126		356.259
2.06629e+08		-2.44346		4.44444		0.195622		356.559
2.11731e+08		-2.44346		4.44444		0.2563		356.857
2.16833e+08		-2.44346		4.44444		0.194873		357.157
2.21935e+08		-2.44346		4.44444		0.162022		357.455
2.27037e+08		-2.44346		4.44444		0.152476		357.752
2.32139e+08		-2.44346		4.44444		0.126646		358.052
2.37241e+08		-2.44346		4.44444		0.105117		358.35
2.42343e+08		-2.44346		4.44444		0.145361		358.648
2.47445e+08		-2.44346		4.44444		0.109451		358.947
2.52547e+08		-2.44346		4.44444		0.109608		359.245

-2.52547e+08		-2.37999		4.44444		0.134618		359.544
-2.47445e+08		-2.37999		4.44444		0.133091		359.843
-2.42343e+08		-2.37999		4.44444		0.164052		360.141
-2.37241e+08		-2.37999		4.44444		0.133571		360.44
-2.32139e+08		-2.37999		4.44444		0.149933		360.739
-2.27037e+08		-2.37999		4.44444		0.170935		361.036
-2.21935e+08		-2.37999		4.44444		0.181902		361.333
-2.16833e+08		-2.37999		4.44444		0.209177		361.631
-2.11731e+08		-2.37999		4.44444		0.26891		361.929
-2.06629e+08		-2.37999		4.44444		0.215159		362.227
-2.01527e+08		-2.37999		4.44444		0.166817		362.525
-1.96425e+08		-2.37999		4.44444		0.31345		362.824
-1.91323e+08		-2.37999		4.44444		0.116776		363.122
-1.86221e+08		-2.37999		4.44444		0.183919		363.422
-1.81119e+08		-2.37999		4.44444		0.294636		363.722
-1.76017e+08		-2.37999		4.44444		0.256767		364.02
-1.70915e+08		-2.37999		4.44444		0.256697		364.32
-1.65813e+08		-2.37999		4.44444		0.311183		364.619
-1.60712e+08		-2.37999		4.44444		0.384919		364.929
-1.5561e+08		-2.37999		4.44444		0.243908		365.229
-1.50508e+08		-2.37999		4.44444		0.149984		365.529
-1.45406e+08		-2.37999		4.44444		0.205386		365.829
-1.40304e+08		-2.37999		4.44444		0.249892		366.128
-1.35202e+08		-2.37999		4.44444		0.360078		366.451
-1.301e+08		-2.37999		4.44444		0.275542		366.749
-1.24998e+08		-2.37999		4.44444		0.172315		367.048
-1.19896e+08		-2.37999		4.44444		0.160807		367.346
-1.14794e+08		-2.37999		4.44444		0.261652		367.644
-1.09692e+08		-2.37999		4.44444		0.33873		367.943
-1.0459e+08		-2.37999		4.44444		0.399563		368.241
-9.94881e+07		-2.37999		4.44444		0.359663		368.539
-9.43861e+07		-2.37999		4.44444		0.177324		368.838
-8.92842e+07		-2.37999		4.44444		0.172771		369.136
-8.41822e+07		-2.37999		4.44444		0.306419		369.434
-7.90803e+07		-2.37999		4.44444		0.12114		369.731
-7.39783e+07		-2.37999		4.44444		0.163788		370.03
-6.88764e+07		-2.37999		4.44444		0.245149		370.328
-6.37744e+07		-2.37999		4.44444		0.139236		370.626
-5.86725e+07		-2.37999		4.44444		0.168084		370.925
-5.35705e+07		-2.37999		4.44444		0.154854		371.223
-4.84686e+07		-2.37999		4.44444		0.244641		371.521
-4.33666e+07		-2.37999		4.44444		0.249124		371.82
-3.82646e+07		-2.37999		4.44444		0.124296		372.118
-3.31627e+07		-2.37999		4.44444		0.261884		372.417
-2.80607e+07		-2.37999		4.44444		0.264887		372.715
-2.29588e+07		-2.37999		4.44444		0.114626		373.014
-1.78568e+07		-2.37999		4.44444		0.267247		373.313
-1.27549e+07		-2.37999		4.44444		0.276551		373.611
-7.65293e+06		-2.37999		4.44444		0.100302		373.91
-2.55098e+06		-2.37999		4.44444		0.274757		374.208
2.55098e+06		-2.37999		4.44444		0.274757		374.506
7.65293e+06		-2.37999		4.44444		0.100302		374.805
1.27549e+07		-2.37999		4.44444		0.276551		375.104
1.78568e+07		-2.37999		4.44444		0.267247		375.403
2.29588e+07		-2.37999		4.44444		0.114626		375.703
2.80607e+07		-2.37999		4.44444		0.264887		376.003
3.31627e+07		-2.37999		4.44444		0.261884		376.302
3.82646e+07		-2.37999		4.44444		0.124296		376.601
4.33666e+07		-2.37999		4.44444		0.249124		376.9
4.84686e+07		-2.37999		4.44444		0.244641		377.199
5.35705e+07		-2.37999		4.44444		0.154854		377.498
5.86725e+07		-2.37999		4.44444		0.168084		377.797
6.37744e+07		-2.37999		4.44444		0.139236		378.095
6.88764e+07		-2.37999		4.44444		0.245149		378.394
7.39783e+07		-2.37999		4.44444		0.163788		378.693
7.90803e+07		-2.37999		4.44444		0.12114		378.991
8.41822e+07		-2.37999		4.44444		0.306419		379.29
8.92842e+07		-2.37999		4.44444		0.172771		379.588
9.43861e+07		-2.37999		4.44444		0.177324		379.887
9.94881e+07		-2.37999		4.44444		0.359663		380.186
1.0459e+08		-2.37999		4.44444		0.399563		380.484
1.09692e+08		-2.37999		4.44444		0.33873		380.782
1.14794e+08		-2.37999		4.44444		0.261652		381.081
1.19896e+08		-2.37999		4.44444		0.160807		381.379
1.24998e+08		-2.37999		4.44444		0.172315		381.677
1.301e+08		-2.37999		4.44444		0.275542		381.976
1.35202e+08		-2.37999		4.44444		0.360078		382.286
1.40304e+08		-2.37999		4.44444		0.249892		382.584
1.45406e+08		-2.37999		4.44444		0.205386		382.882
1.50508e+08		-2.37999		4.44444		0.149984		383.18
1.5561e+08		-2.37999		4.44444		0.243908		383.48
1.60712e+08		-2.37999		4.44444		0.384919		383.778
1.65813e+08		-2.37999		4.44444		0.311183		384.077
1.70915e+08		-2.37999		4.44444		0.256697		384.376
1.76017e+08		-2.37999		4.44444		0.256767		384.675
1.81119e+08		-2.37999		4.44444		0.294636		384.973
1.86221e+08		-2.37999		4.44444		0.183919		385.272
1.91323e+08		-2.37999		4.44444		0.116776		385.57
1.96425e+08		-2.37999		4.44444		0.31345		385.869
2.01527e+08		-2.37999		4.44444		0.166817		386.167
2.06629e+08		-2.37999		4.44444		0.215159		386.466
2.11731e+08		-2.37999		4.44444		0.26891		386.765
2.16833e+08		-2.37999		4.44444		0.209177		387.065
2.21935e+08		-2.37999		4.44444		0.181902		387.364
2.27037e+08		-2.37999		4.44444		0.170935		387.662
2.32139e+08		-2.37999		4.44444		0.149933		387.985
2.37241e+08		-2.37999		4.44444		0.133571		388.285
2.42343e+08		-2.37999		4.44444		0.164052		388.584
2.47445e+08		-2.37999		4.44444		0.133091		388.883
2.52547e+08		-2.37999		4.44444		0.134618		389.182

-2.52547e+08		-2.31653		4.44444		0.161416		389.481
-2.47445e+08		-2.31653		4.44444		0.159084		389.779
-2.42343e+08		-2.31653		4.44444		0.186001		390.078
-2.37241e+08		-2.31653		4.44444		0.162401		390.377
-2.32139e+08		-2.31653		4.44444		0.175276		390.675
-2.27037e+08		-2.31653		4.44444		0.192591		390.973
-2.21935e+08		-2.31653		4.44444		0.204302		391.271
-2.16833e+08		-2.31653		4.44444		0.226826		391.57
-2.11731e+08		-2.31653		4.44444		0.284482		391.867
-2.06629e+08		-2.31653		4.44444		0.236704		392.165
-2.01527e+08		-2.31653		4.44444		0.190916		392.464
-1.96425e+08		-2.31653		4.44444		0.328063		392.762
-1.91323e+08		-2.31653		4.44444		0.146704		393.06
-1.86221e+08		-2.31653		4.44444		0.205963		393.359
-1.81119e+08		-2.31653		4.44444		0.310298		393.657
-1.76017e+08		-2.31653		4.44444		0.281546		393.955
-1.70915e+08		-2.31653		4.44444		0.274415		394.254
-1.65813e+08		-2.31653		4.44444		0.32628		394.553
-1.60712e+08		-2.31653		4.44444		0.399799		394.863
-1.5561e+08		-2.31653		4.44444		0.268715		395.163
-1.50508e+08		-2.31653		4.44444		0.175257		395.461
-1.45406e+08		-2.31653		4.44444		0.226324		395.76
-1.40304e+08		-2.31653		4.44444		0.268042		396.06
-1.35202e+08		-2.31653		4.44444		0.37585		396.36
-1.301e+08		-2.31653		4.44444		0.296649		396.659
-1.24998e+08		-2.31653		4.44444		0.198491		396.959
-1.19896e+08		-2.31653		4.44444		0.183202		397.259
-1.14794e+08		-2.31653		4.44444		0.277996		397.558
-1.09692e+08		-2.31653		4.44444		0.356292		397.857
-1.0459e+08		-2.31653		4.44444		0.415408		398.168
-9.94881e+07		-2.31653		4.44444		0.378165		398.468
-9.43861e+07		-2.31653		4.44444		0.205114		398.769
-8.92842e+07		-2.31653		4.44444		0.198237		399.068
-8.41822e+07		-2.31653		4.44444		0.329749		399.368
-7.90803e+07		-2.31653		4.44444		0.147126		399.69
-7.39783e+07		-2.31653		4.44444		0.186997		399.992
-6.88764e+07		-2.31653		4.44444		0.267492		400.292
-6.37744e+07		-2.31653		4.44444		0.167835		400.591
-5.86725e+07		-2.31653		4.44444		0.194088		400.889
-5.35705e+07		-2.31653		4.44444		0.180366		401.187
-4.84686e+07		-2.31653		4.44444		0.267108		401.486
-4.33666e+07		-2.31653		4.44444		0.271704		401.785
-3.82646e+07		-2.31653		4.44444		0.152478		402.083
-3.31627e+07		-2.31653		4.44444		0.285548		402.382
-2.80607e+07		-2.31653		4.44444		0.288741		402.68
-2.29588e+07		-2.31653		4.44444		0.142926		402.979
-1.78568e+07		-2.31653		4.44444		0.291123		403.278
-1.27549e+07		-2.31653		4.44444		0.300307		403.577
-7.65293e+06		-2.31653		4.44444		0.130407		403.875
-2.55098e+06		-2.31653		4.44444		0.298505		404.174
2.55098e+06		-2.31653		4.44444		0.298505		404.473
7.65293e+06		-2.31653		4.44444		0.130407		404.77
1.27549e+07		-2.31653		4.44444		0.300307		405.069
1.78568e+07		-2.31653		4.44444		0.291123		405.367
2.29588e+07		-2.31653		4.44444		0.142926		405.665
2.80607e+07		-2.31653		4.44444		0.288741		405.963
3.31627e+07		-2.31653		4.44444		0.285548		406.262
3.82646e+07		-2.31653		4.44444		0.152478		406.56
4.33666e+07		-2.31653		4.44444		0.271704		406.859
4.84686e+07		-2.31653		4.44444		0.267108		407.157
5.35705e+07		-2.31653		4.44444		0.180366		407.455
5.86725e+07		-2.31653		4.44444		0.194088		407.754
6.37744e+07		-2.31653		4.44444		0.167835		408.053
6.88764e+07		-2.31653		4.44444		0.267492		408.353
7.39783e+07		-2.31653		4.44444		0.186997		408.651
7.90803e+07		-2.31653		4.44444		0.147126		408.95
8.41822e+07		-2.31653		4.44444		0.329749		409.249
8.92842e+07		-2.31653		4.44444		0.198237		409.575
9.43861e+07		-2.31653		4.44444		0.205114		409.875
9.94881e+07		-2.31653		4.44444		0.378165		410.173
1.0459e+08		-2.31653		4.44444		0.415408		410.484
1.09692e+08		-2.31653		4.44444		0.356292		410.781
1.14794e+08		-2.31653		4.44444		0.277996		411.08
1.19896e+08		-2.31653		4.44444		0.183202		411.378
1.24998e+08		-2.31653		4.44444		0.198491		411.676
1.301e+08		-2.31653		4.44444		0.296649		411.973
1.35202e+08		-2.31653		4.44444		0.37585		412.284
1.40304e+08		-2.31653		4.44444		0.268042		412.582
1.45406e+08		-2.31653		4.44444		0.226324		412.881
1.50508e+08		-2.31653		4.44444		0.175257		413.179
1.5561e+08		-2.31653		4.44444		0.268715		413.478
1.60712e+08		-2.31653		4.44444		0.399799		413.788
1.65813e+08		-2.31653		4.44444		0.32628		414.087
1.70915e+08		-2.31653		4.44444		0.274415		414.386
1.76017e+08		-2.31653		4.44444		0.281546		414.685
1.81119e+08		-2.31653		4.44444		0.310298		414.984
1.86221e+08		-2.31653		4.44444		0.205963		415.282
1.91323e+08		-2.31653		4.44444		0.146704		415.58
1.96425e+08		-2.31653		4.44444		0.328063		415.878
2.01527e+08		-2.31653		4.44444		0.190916		416.176
2.06629e+08		-2.31653		4.44444		0.236704		416.475
2.11731e+08		-2.31653		4.44444		0.284482		416.774
2.16833e+08		-2.31653		4.44444		0.226826		417.073
2.21935e+08		-2.31653		4.44444		0.204302		417.372
2.27037e+08		-2.31653		4.44444		0.192591		417.671
2.32139e+08		-2.31653		4.44444		0.175276		417.971
2.37241e+08		-2.31653		4.44444		0.162401		418.27
2.42343e+08		-2.31653		4.44444		0.186001		418.57
2.47445e+08		-2.31653		4.44444		0.159084		418.869
2.52547e+08		-2.31653		4.44444		0.161416		419.17

-2.52547e+08		-2.25306		4.44444		0.189188		419.47
-2.47445e+08		-2.25306		4.44444		0.186379		419.793
-2.42343e+08		-2.25306		4.44444		0.210129		420.092
-2.37241e+08		-2.25306		4.44444		0.191454		420.39
-2.32139e+08		-2.25306		4.44444		0.201886		420.689
-2.27037e+08		-2.25306		4.44444		0.216425		420.987
-2.21935e+08		-2.25306		4.44444		0.228471		421.286
-2.16833e+08		-2.25306		4.44444		0.247038		421.585
-2.11731e+08		-2.25306		4.44444		0.302513		421.883
-2.06629e+08		-2.25306		4.44444		0.259783		422.182
-2.01527e+08		-2.25306		4.44444		0.216566		422.481
-1.96425e+08		-2.25306		4.44444		0.344921		422.778
-1.91323e+08		-2.25306		4.44444		0.176545		423.076
-1.86221e+08		-2.25306		4.44444		0.229934		423.375
-1.81119e+08		-2.25306		4.44444		0.32817		423.674
-1.76017e+08		-2.25306		4.44444		0.306987		423.972
-1.70915e+08		-2.25306		4.44444		0.294103		424.271
-1.65813e+08		-2.25306		4.44444		0.343535		424.57
-1.60712e+08		-2.25306		4.44444		0.416273		424.88
-1.5561e+08		-2.25306		4.44444		0.2941		425.179
-1.50508e+08		-2.25306		4.44444		0.201672		425.477
-1.45406e+08		-2.25306		4.44444		0.249132		425.776
-1.40304e+08		-2.25306		4.44444		0.288275		426.074
-1.35202e+08		-2.25306		4.44444		0.393115		426.385
-1.301e+08		-2.25306		4.44444		0.318786		426.684
-1.24998e+08		-2.25306		4.44444		0.225153		426.983
-1.19896e+08		-2.25306		4.44444		0.207414		427.282
-1.14794e+08		-2.25306		4.44444		0.296433		427.58
-1.09692e+08		-2.25306		4.44444		0.37542		427.88
-1.0459e+08		-2.25306		4.44444		0.4328		428.19
-9.94881e+07		-2.25306		4.44444		0.397822		428.501
-9.43861e+07		-2.25306		4.44444		0.233087		428.801
-8.92842e+07		-2.25306		4.44444		0.224487		429.1
-8.41822e+07		-2.25306		4.44444		0.353845		429.4
-7.90803e+07		-2.25306		4.44444		0.174325		429.699
-7.39783e+07		-2.25306		4.44444		0.211839		429.999
-6.88764e+07		-2.25306		4.44444		0.290728		430.299
-6.37744e+07		-2.25306		4.44444		0.196508		430.598
-5.86725e+07		-2.25306		4.44444		0.220748		430.897
-5.35705e+07		-2.25306		4.44444		0.206783		431.196
-4.84686e+07		-2.25306		4.44444		0.290579		431.495
-4.33666e+07		-2.25306		4.44444		0.295181		431.794
-3.82646e+07		-2.25306		4.44444		0.181123		432.093
-3.31627e+07		-2.25306		4.44444		0.30992		432.392
-2.80607e+07		-2.25306		4.44444		0.313275		432.69
-2.29588e+07		-2.25306		4.44444		0.171741		432.989
-1.78568e+07		-2.25306		4.44444		0.31568		433.287
-1.27549e+07		-2.25306		4.44444		0.324764		433.587
-7.65293e+06		-2.25306		4.44444		0.160385		433.885
-2.55098e+06		-2.25306		4.44444		0.322955		434.184
2.55098e+06		-2.25306		4.44444		0.322955		434.482
7.65293e+06		-2.25306		4.44444		0.160385		434.781
1.27549e+07		-2.25306		4.44444		0.324764		435.08
1.78568e+07		-2.25306		4.44444		0.31568		435.379
2.29588e+07		-2.25306		4.44444		0.171741		435.677
2.80607e+07		-2.25306		4.44444		0.313275		435.977
3.31627e+07		-2.25306		4.44444		0.30992		436.275
3.82646e+07		-2.25306		4.44444		0.181123		436.574
4.33666e+07		-2.25306		4.44444		0.295181		436.872
4.84686e+07		-2.25306		4.44444		0.290579		437.17
5.35705e+07		-2.25306		4.44444		0.206783		437.468
5.86725e+07		-2.25306		4.44444		0.220748		437.768
6.37744e+07		-2.25306		4.44444		0.196508		438.066
6.88764e+07		-2.25306		4.44444		0.290728		438.365
7.39783e+07		-2.25306		4.44444		0.211839		438.664
7.90803e+07		-2.25306		4.44444		0.174325		438.963
8.41822e+07		-2.25306		4.44444		0.353845		439.262
8.92842e+07		-2.25306		4.44444		0.224487		439.561
9.43861e+07		-2.25306		4.44444		0.233087		439.859
9.94881e+07		-2.25306		4.44444		0.397822		440.159
1.0459e+08		-2.25306		4.44444		0.4328		440.47
1.09692e+08		-2.25306		4.44444		0.37542		440.768
1.14794e+08		-2.25306		4.44444		0.296433		441.067
1.19896e+08		-2.25306		4.44444		0.207414		441.391
1.24998e+08		-2.25306		4.44444		0.225153		441.689
1.301e+08		-2.25306		4.44444		0.318786		441.988
1.35202e+08		-2.25306		4.44444		0.393115		442.298
1.40304e+08		-2.25306		4.44444		0.288275		442.596
1.45406e+08		-2.25306		4.44444		0.249132		442.895
1.50508e+08		-2.25306		4.44444		0.201672		443.193
1.5561e+08		-2.25306		4.44444		0.2941		443.492
1.60712e+08		-2.25306		4.44444		0.416273		443.802
1.65813e+08		-2.25306		4.44444		0.343535		444.101
1.70915e+08		-2.25306		4.44444		0.294103		444.399
1.76017e+08		-2.25306		4.44444		0.306987		444.697
1.81119e+08		-2.25306		4.44444		0.32817		444.996
1.86221e+08		-2.25306		4.44444		0.229934		445.294
1.91323e+08		-2.25306		4.44444		0.176545		445.593
1.96425e+08		-2.25306		4.44444		0.344921		445.903
2.01527e+08		-2.25306		4.44444		0.216566		446.201
2.06629e+08		-2.25306		4.44444		0.259783		446.5
2.11731e+08		-2.25306		4.44444		0.302513		446.798
2.16833e+08		-2.25306		4.44444		0.247038		447.097
2.21935e+08		-2.25306		4.44444		0.228471		447.395
2.27037e+08		-2.25306		4.44444		0.216425		447.694
2.32139e+08		-2.25306		4.44444		0.201886		447.992
2.37241e+08		-2.25306		4.44444		0.191454		448.291
2.42343e+08		-2.25306		4.44444		0.210129		448.59
2.47445e+08		-2.25306		4.44444		0.186379		448.889
2.52547e+08		-2.25306		4.44444		0.189188		449.188

-2.52547e+08		-2.18959		4.44444		0.217495		449.488
-2.47445e+08		-2.18959		4.44444		0.214404		449.787
-2.42343e+08		-2.18959		4.44444		0.2357		450.086
-2.37241e+08		-2.18959		4.44444		0.220623		450.386
-2.32139e+08		-2.18959		4.44444		0.229286		450.686
-2.27037e+08		-2.18959		4.44444		0.24172		450.984
-2.21935e+08		-2.18959		4.44444		0.253871		451.284
-2.16833e+08		-2.18959		4.44444		0.269162		451.583
-2.11731e+08		-2.18959		4.44444		0.322541		451.883
-2.06629e+08		-2.18959		4.44444		0.284013		452.183
-2.01527e+08		-2.18959		4.44444		0.243207		452.481
-1.96425e+08		-2.18959		4.44444		0.363678		452.78
-1.91323e+08		-2.18959		4.44444		0.20624		453.103
-1.86221e+08		-2.18959		4.44444		0.255214		453.401
-1.81119e+08		-2.18959		4.44444		0.347868		453.7
-1.76017e+08		-2.18959		4.44444		0.332966		453.999
-1.70915e+08		-2.18959		4.44444		0.315356		454.297
-1.65813e+08		-2.18959		4.44444		0.362602		454.595
-1.60712e+08		-2.18959		4.44444		0.434202		454.905
-1.5561e+08		-2.18959		4.44444		0.319947		455.204
-1.50508e+08		-2.18959		4.44444		0.228753		455.502
-1.45406e+08		-2.18959		4.44444		0.273279		455.801
-1.40304e+08		-2.18959		4.44444		0.310133		456.1
-1.35202e+08		-2.18959		4.44444		0.411726		456.41
-1.301e+08		-2.18959		4.44444		0.341778		456.709
-1.24998e+08		-2.18959		4.44444		0.25213		457.007
-1.19896e+08		-2.18959		4.44444		0.232785		457.305
-1.14794e+08		-2.18959		4.44444		0.316552		457.604
-1.09692e+08		-2.18959		4.44444		0.395889		457.902
-1.0459e+08		-2.18959		4.44444		0.451575		458.212
-9.94881e+07		-2.18959		4.44444		0.418513		458.522
-9.43861e+07		-2.18959		4.44444		0.261163		458.82
-8.92842e+07		-2.18959		4.44444		0.25124		459.119
-8.41822e+07		-2.18959		4.44444		0.378584		459.418
-7.90803e+07		-2.18959		4.44444		0.20212		459.716
-7.39783e+07		-2.18959		4.44444		0.237714		460.017
-6.88764e+07		-2.18959		4.44444		0.314678		460.317
-6.37744e+07		-2.18959		4.44444		0.22518		460.617
-5.86725e+07		-2.18959		4.44444		0.247826		460.915
-5.35705e+07		-2.18959		4.44444		0.23375		461.214
-4.84686e+07		-2.18959		4.44444		0.314841		461.513
-4.33666e+07		-2.18959		4.44444		0.319376		461.812
-3.82646e+07		-2.18959		4.44444		0.20994		462.111
-3.31627e+07		-2.18959		4.44444		0.334865		462.41
-2.80607e+07		-2.18959		4.44444		0.338363		462.71
-2.29588e+07		-2.18959		4.44444		0.200724		463.037
-1.78568e+07		-2.18959		4.44444		0.340792		463.336
-1.27549e+07		-2.18959		4.44444		0.349794		463.634
-7.65293e+06		-2.18959		4.44444		0.190161		463.932
-2.55098e+06		-2.18959		4.44444		0.34798		464.231
2.55098e+06		-2.18959		4.44444		0.34798		464.529
7.65293e+06		-2.18959		4.44444		0.190161		464.827
1.27549e+07		-2.18959		4.44444		0.349794		465.125
1.78568e+07		-2.18959		4.44444		0.340792		465.424
2.29588e+07		-2.18959		4.44444		0.200724		465.722
2.80607e+07		-2.18959		4.44444		0.338363		466.021
3.31627e+07		-2.18959		4.44444		0.334865		466.319
3.82646e+07		-2.18959		4.44444		0.20994		466.618
4.33666e+07		-2.18959		4.44444		0.319376		466.917
4.84686e+07		-2.18959		4.44444		0.314841		467.215
5.35705e+07		-2.18959		4.44444		0.23375		467.514
5.86725e+07		-2.18959		4.44444		0.247826		467.813
6.37744e+07		-2.18959		4.44444		0.22518		468.112
6.88764e+07		-2.18959		4.44444		0.314678		468.411
7.39783e+07		-2.18959		4.44444		0.237714		468.709
7.90803e+07		-2.18959		4.44444		0.20212		469.008
8.41822e+07		-2.18959		4.44444		0.378584		469.306
8.92842e+07		-2.18959		4.44444		0.25124		469.604
9.43861e+07		-2.18959		4.44444		0.261163		469.903
9.94881e+07		-2.18959		4.44444		0.418513		470.214
1.0459e+08		-2.18959		4.44444		0.451575		470.526
1.09692e+08		-2.18959		4.44444		0.395889		470.837
1.14794e+08		-2.18959		4.44444		0.316552		471.136
1.19896e+08		-2.18959		4.44444		0.232785		471.435
1.24998e+08		-2.18959		4.44444		0.25213		471.735
1.301e+08		-2.18959		4.44444		0.341778		472.034
1.35202e+08		-2.18959		4.44444		0.411726		472.345
1.40304e+08		-2.18959		4.44444		0.310133		472.646
1.45406e+08		-2.18959		4.44444		0.273279		472.945
1.50508e+08		-2.18959		4.44444		0.228753		473.267
1.5561e+08		-2.18959		4.44444		0.319947		473.566
1.60712e+08		-2.18959		4.44444		0.434202		473.877
1.65813e+08		-2.18959		4.44444		0.362602		474.175
1.70915e+08		-2.18959		4.44444		0.315356		474.473
1.76017e+08		-2.18959		4.44444		0.332966		474.772
1.81119e+08		-2.18959		4.44444		0.347868		475.071
1.86221e+08		-2.18959		4.44444		0.255214		475.37
1.91323e+08		-2.18959		4.44444		0.20624		475.668
1.96425e+08		-2.18959		4.44444		0.363678		475.978
2.01527e+08		-2.18959		4.44444		0.243207		476.276
2.06629e+08		-2.18959		4.44444		0.284013		476.576
2.11731e+08		-2.18959		4.44444		0.322541		476.875
2.16833e+08		-2.18959		4.44444		0.269162		477.174
2.21935e+08		-2.18959		4.44444		0.253871		477.473
2.27037e+08		-2.18959		4.44444		0.24172		477.771
2.32139e+08		-2.18959		4.44444		0.229286		478.069
2.37241e+08		-2.18959		4.44444		0.220623		478.368
2.42343e+08		-2.18959		4.44444		0.2357		478.667
2.47445e+08		-2.18959		4.44444		0.214404		478.965
2.52547e+08		-2.18959		4.44444		0.217495		479.264

-2.52547e+08		-2.12613		4.44444		0.246078		479.563
-2.47445e+08		-2.12613		4.44444		0.242828		479.862
-2.42343e+08		-2.12613		4.44444		0.262221		480.161
-2.37241e+08		-2.12613		4.44444		0.249828		480.461
-2.32139e+08		-2.12613		4.44444		0.257168		480.76
-2.27037e+08		-2.12613		4.44444		0.267987		481.059
-2.21935e+08		-2.12613		4.44444		0.280118		481.357
-2.16833e+08		-2.12613		4.44444		0.292686		481.657
-2.11731e+08		-2.12613		4.44444		0.344159		481.956
-2.06629e+08		-2.12613		4.44444		0.309093		482.255
-2.01527e+08		-2.12613		4.44444		0.270471		482.554
-1.96425e+08		-2.12613		4.44444		0.384012		482.866
-1.91323e+08		-2.12613		4.44444		0.235741		483.166
-1.86221e+08		-2.12613		4.44444		0.281369		483.465
-1.81119e+08		-2.12613		4.44444		0.369049		483.764
-1.76017e+08		-2.12613		4.44444		0.359372		484.063
-1.70915e+08		-2.12613		4.44444		0.337827		484.374
-1.65813e+08		-2.12613		4.44444		0.38316		484.685
-1.60712e+08		-2.12613		4.44444		0.453425		484.996
-1.5561e+08		-2.12613		4.44444		0.346148		485.295
-1.50508e+08		-2.12613		4.44444		0.256195		485.593
-1.45406e+08		-2.12613		4.44444		0.298367		485.891
-1.40304e+08		-2.12613		4.44444		0.333233		486.189
-1.35202e+08		-2.12613		4.44444		0.431518		486.499
-1.301e+08		-2.12613		4.44444		0.365461		486.797
-1.24998e+08		-2.12613		4.44444		0.279288		487.095
-1.19896e+08		-2.12613		4.44444		0.258875		487.393
-1.14794e+08		-2.12613		4.44444		0.337993		487.692
-1.09692e+08		-2.12613		4.44444		0.417487		488.001
-1.0459e+08		-2.12613		4.44444		0.471568		488.311
-9.94881e+07		-2.12613		4.44444		0.44011		488.621
-9.43861e+07		-2.12613		4.44444		0.289271		488.92
-8.92842e+07		-2.12613		4.44444		0.278297		489.217
-8.41822e+07		-2.12613		4.44444		0.403855		489.528
-7.90803e+07		-2.12613		4.44444		0.230167		489.825
-7.39783e+07		-2.12613		4.44444		0.264223		490.123
-6.88764e+07		-2.12613		4.44444		0.339186		490.422
-6.37744e+07		-2.12613		4.44444		0.253783		490.72
-5.86725e+07		-2.12613		4.44444		0.275148		491.018
-5.35705e+07		-2.12613		4.44444		0.261027		491.317
-4.84686e+07		-2.12613		4.44444		0.339709		491.615
-4.33666e+07		-2.12613		4.44444		0.34413		491.913
-3.82646e+07		-2.12613		4.44444		0.238758		492.211
-3.31627e+07		-2.12613		4.44444		0.360261		492.509
-2.80607e+07		-2.12613		4.44444		0.363888		492.808
-2.29588e+07		-2.12613		4.44444		0.229686		493.107
-1.78568e+07		-2.12613		4.44444		0.366344		493.403
-1.27549e+07		-2.12613		4.44444		0.375284		493.702
-7.65293e+06		-2.12613		4.44444		0.219684		494
-2.55098e+06		-2.12613		4.44444		0.373466		494.298
2.55098e+06		-2.12613		4.44444		0.373466		494.597
7.65293e+06		-2.12613		4.44444		0.219684		494.919
1.27549e+07		-2.12613		4.44444		0.375284		495.218
1.78568e+07		-2.12613		4.44444		0.366344		495.515
2.29588e+07		-2.12613		4.44444		0.229686		495.813
2.80607e+07		-2.12613		4.44444		0.363888		496.11
3.31627e+07		-2.12613		4.44444		0.360261		496.408
3.82646e+07		-2.12613		4.44444		0.238758		496.707
4.33666e+07		-2.12613		4.44444		0.34413		497.004
4.84686e+07		-2.12613		4.44444		0.339709		497.303
5.35705e+07		-2.12613		4.44444		0.261027		497.601
5.86725e+07		-2.12613		4.44444		0.275148		497.899
6.37744e+07		-2.12613		4.44444		0.253783		498.196
6.88764e+07		-2.12613		4.44444		0.339186		498.494
7.39783e+07		-2.12613		4.44444		0.264223		498.791
7.90803e+07		-2.12613		4.44444		0.230167		499.089
8.41822e+07		-2.12613		4.44444		0.403855		499.399
8.92842e+07		-2.12613		4.44444		0.278297		499.697
9.43861e+07		-2.12613		4.44444		0.289271		499.995
9.94881e+07		-2.12613		4.44444		0.44011		500.305
1.0459e+08		-2.12613		4.44444		0.471568		500.615
1.09692e+08		-2.12613		4.44444		0.417487		500.924
1.14794e+08		-2.12613		4.44444		0.337993		501.222
1.19896e+08		-2.12613		4.44444		0.258875		501.52
1.24998e+08		-2.12613		4.44444		0.279288		501.818
1.301e+08		-2.12613		4.44444		0.365461		502.116
1.35202e+08		-2.12613		4.44444		0.431518		502.426
1.40304e+08		-2.12613		4.44444		0.333233		502.724
1.45406e+08		-2.12613		4.44444		0.298367		503.023
1.50508e+08		-2.12613		4.44444		0.256195		503.321
1.5561e+08		-2.12613		4.44444		0.346148		503.621
1.60712e+08		-2.12613		4.44444		0.453425		503.932
1.65813e+08		-2.12613		4.44444		0.38316		504.242
1.70915e+08		-2.12613		4.44444		0.337827		504.541
1.76017e+08		-2.12613		4.44444		0.359372		504.841
1.81119e+08		-2.12613		4.44444		0.369049		505.14
1.86221e+08		-2.12613		4.44444		0.281369		505.44
1.91323e+08		-2.12613		4.44444		0.235741		505.739
1.96425e+08		-2.12613		4.44444		0.384012		506.051
2.01527e+08		-2.12613		4.44444		0.270471		506.349
2.06629e+08		-2.12613		4.44444		0.309093		506.672
2.11731e+08		-2.12613		4.44444		0.344159		506.971
2.16833e+08		-2.12613		4.44444		0.292686		507.269
2.21935e+08		-2.12613		4.44444		0.280118		507.568
2.27037e+08		-2.12613		4.44444		0.267987		507.866
2.32139e+08		-2.12613		4.44444		0.257168		508.176
2.37241e+08		-2.12613		4.44444		0.249828		508.475
2.42343e+08		-2.12613		4.44444		0.262221		508.774
2.47445e+08		-2.12613		4.44444		0.242828		509.072
2.52547e+08		-2.12613		4.44444		0.246078		509.371

-2.52547e+08		-2.06266		4.44444		0.274773		509.682
-2.47445e+08		-2.06266		4.44444		0.27144		509.98
-2.42343e+08		-2.06266		4.44444		0.289353		510.28
-2.37241e+08		-2.06266		4.44444		0.279002		510.58
-2.32139e+08		-2.06266		4.44444		0.285325		510.879
-2.27037e+08		-2.06266		4.44444		0.294886		511.178
-2.21935e+08		-2.06266		4.44444		0.306934		511.476
-2.16833e+08		-2.06266		4.44444		0.317212		511.776
-2.11731e+08		-2.06266		4.44444		0.367024		512.075
-2.06629e+08		-2.06266		4.44444		0.334784		512.373
-2.01527e+08		-2.06266		4.44444		0.298106		512.672
-1.96425e+08		-2.06266		4.44444		0.405633		512.983
-1.91323e+08		-2.06266		4.44444		0.265004		513.282
-1.86221e+08		-2.06266		4.44444		0.308091		513.581
-1.81119e+08		-2.06266		4.44444		0.391414		513.892
-1.76017e+08		-2.06266		4.44444		0.386108		514.203
-1.70915e+08		-2.06266		4.44444		0.361222		514.502
-1.65813e+08		-2.06266		4.44444		0.404924		514.813
-1.60712e+08		-2.06266		4.44444		0.473774		515.124
-1.5561e+08		-2.06266		4.44444		0.372608		515.423
-1.50508e+08		-2.06266		4.44444		0.283793		515.722
-1.45406e+08		-2.06266		4.44444		0.324095		516.021
-1.40304e+08		-2.06266		4.44444		0.357264		516.32
-1.35202e+08		-2.06266		4.44444		0.45232		516.656
-1.301e+08		-2.06266		4.44444		0.389684		516.955
-1.24998e+08		-2.06266		4.44444		0.306519		517.254
-1.19896e+08		-2.06266		4.44444		0.285379		517.554
-1.14794e+08		-2.06266		4.44444		0.360448		517.853
-1.09692e+08		-2.06266		4.44444		0.440021		518.163
-1.0459e+08		-2.06266		4.44444		0.492617		518.474
-9.94881e+07		-2.06266		4.44444		0.462483		518.785
-9.43861e+07		-2.06266		4.44444		0.317346		519.083
-8.92842e+07		-2.06266		4.44444		0.305503		519.382
-8.41822e+07		-2.06266		4.44444		0.429555		519.692
-7.90803e+07		-2.06266		4.44444		0.258255		519.99
-7.39783e+07		-2.06266		4.44444		0.29109		520.293
-6.88764e+07		-2.06266		4.44444		0.364108		520.592
-6.37744e+07		-2.06266		4.44444		0.282257		520.891
-5.86725e+07		-2.06266		4.44444		0.302581		521.19
-5.35705e+07		-2.06266		4.44444		0.288444		521.488
-4.84686e+07		-2.06266		4.44444		0.365027		521.786
-4.33666e+07		-2.06266		4.44444		0.369305		522.085
