#		ky		phi		B		E		time
-2.52547e+08		-3.14159		6.66667		0.316735		0.310581
-2.47445e+08		-3.14159		6.66667		0.370412		0.621032
-2.42343e+08		-3.14159		6.66667		0.393416		0.931169
-2.37241e+08		-3.14159		6.66667		0.260142		1.22979
-2.32139e+08		-3.14159		6.66667		0.301339		1.53933
-2.27037e+08		-3.14159		6.66667		0.378712		1.8489
-2.21935e+08		-3.14159		6.66667		0.283747		2.14672
-2.16833e+08		-3.14159		6.66667		0.424454		2.45671
-2.11731e+08		-3.14159		6.66667		0.428213		2.76707
-2.06629e+08		-3.14159		6.66667		0.277562		3.0658
-2.01527e+08		-3.14159		6.66667		0.351541		3.37599
-1.96425e+08		-3.14159		6.66667		0.402572		3.6865
-1.91323e+08		-3.14159		6.66667		0.310374		3.98652
-1.86221e+08		-3.14159		6.66667		0.37911		4.2964
-1.81119e+08		-3.14159		6.66667		0.418786		4.60658
-1.76017e+08		-3.14159		6.66667		0.0517568		4.90555
-1.70915e+08		-3.14159		6.66667		0.332228		5.20463
-1.65813e+08		-3.14159		6.66667		0.349214		5.50365
-1.60712e+08		-3.14159		6.66667		0.337198		5.80287
-1.5561e+08		-3.14159		6.66667		0.105322		6.10283
-1.50508e+08		-3.14159		6.66667		0.301825		6.40253
-1.45406e+08		-3.14159		6.66667		0.354643		6.70203
-1.40304e+08		-3.14159		6.66667		0.326772		7.00057
-1.35202e+08		-3.14159		6.66667		0.307823		7.30068
-1.301e+08		-3.14159		6.66667		0.215479		7.62592
-1.24998e+08		-3.14159		6.66667		0.193882		7.92534
-1.19896e+08		-3.14159		6.66667		0.344768		8.22381
-1.14794e+08		-3.14159		6.66667		0.343688		8.52248
-1.09692e+08		-3.14159		6.66667		0.309252		8.82039
-1.0459e+08		-3.14159		6.66667		0.361404		9.11822
-9.94881e+07		-3.14159		6.66667		0.254856		9.417
-9.43861e+07		-3.14159		6.66667		0.195232		9.71537
-8.92842e+07		-3.14159		6.66667		0.239052		10.0131
-8.41822e+07		-3.14159		6.66667		0.0187237		10.3114
-7.90803e+07		-3.14159		6.66667		0.402374		10.6206
-7.39783e+07		-3.14159		6.66667		0.335916		10.9188
-6.88764e+07		-3.14159		6.66667		0.171371		11.217
-6.37744e+07		-3.14159		6.66667		0.254354		11.5152
-5.86725e+07		-3.14159		6.66667		0.225882		11.8128
-5.35705e+07		-3.14159		6.66667		0.257284		12.1108
-4.84686e+07		-3.14159		6.66667		0.173224		12.4087
-4.33666e+07		-3.14159		6.66667		0.155538		12.7062
-3.82646e+07		-3.14159		6.66667		0.330212		13.0041
-3.31627e+07		-3.14159		6.66667		0.0883117		13.3024
-2.80607e+07		-3.14159		6.66667		0.0647635		13.6005
-2.29588e+07		-3.14159		6.66667		0.384094		13.9103
-1.78568e+07		-3.14159		6.66667		0.047162		14.2088
-1.27549e+07		-3.14159		6.66667		0.0253147		14.5076
-7.65293e+06		-3.14159		6.66667		0.401201		14.8175
-2.55098e+06		-3.14159		6.66667		0.0326556		15.1163
2.55098e+06		-3.14159		6.66667		0.0326556		15.4151
7.65293e+06		-3.14159		6.66667		0.401201		15.7254
1.27549e+07		-3.14159		6.66667		0.0253147		16.0248
1.78568e+07		-3.14159		6.66667		0.047162		16.3244
2.29588e+07		-3.14159		6.66667		0.384094		16.6346
2.80607e+07		-3.14159		6.66667		0.0647635		16.9336
3.31627e+07		-3.14159		6.66667		0.0883117		17.2333
3.82646e+07		-3.14159		6.66667		0.330212		17.5588
4.33666e+07		-3.14159		6.66667		0.155538		17.8579
4.84686e+07		-3.14159		6.66667		0.173224		18.1563
5.35705e+07		-3.14159		6.66667		0.257284		18.4557
5.86725e+07		-3.14159		6.66667		0.225882		18.7539
6.37744e+07		-3.14159		6.66667		0.254354		19.0529
6.88764e+07		-3.14159		6.66667		0.171371		19.3523
7.39783e+07		-3.14159		6.66667		0.335916		19.6506
7.90803e+07		-3.14159		6.66667		0.402374		19.9601
8.41822e+07		-3.14159		6.66667		0.0187237		20.2588
8.92842e+07		-3.14159		6.66667		0.239052		20.5577
9.43861e+07		-3.14159		6.66667		0.195232		20.8561
9.94881e+07		-3.14159		6.66667		0.254856		21.1555
1.0459e+08		-3.14159		6.66667		0.361404		21.4539
1.09692e+08		-3.14159		6.66667		0.309252		21.752
1.14794e+08		-3.14159		6.66667		0.343688		22.0512
1.19896e+08		-3.14159		6.66667		0.344768		22.3615
1.24998e+08		-3.14159		6.66667		0.193882		22.6603
1.301e+08		-3.14159		6.66667		0.215479		22.9588
1.35202e+08		-3.14159		6.66667		0.307823		23.257
1.40304e+08		-3.14159		6.66667		0.326772		23.5553
1.45406e+08		-3.14159		6.66667		0.354643		23.8546
1.50508e+08		-3.14159		6.66667		0.301825		24.1534
1.5561e+08		-3.14159		6.66667		0.105322		24.453
1.60712e+08		-3.14159		6.66667		0.337198		24.7523
1.65813e+08		-3.14159		6.66667		0.349214		25.0506
1.70915e+08		-3.14159		6.66667		0.332228		25.35
1.76017e+08		-3.14159		6.66667		0.0517568		25.6499
1.81119e+08		-3.14159		6.66667		0.418786		25.9608
1.86221e+08		-3.14159		6.66667		0.37911		26.2717
1.91323e+08		-3.14159		6.66667		0.310374		26.5707
1.96425e+08		-3.14159		6.66667		0.402572		26.8817
2.01527e+08		-3.14159		6.66667		0.351541		27.1934
2.06629e+08		-3.14159		6.66667		0.277562		27.4932
2.11731e+08		-3.14159		6.66667		0.428213		27.8292
2.16833e+08		-3.14159		6.66667		0.424454		28.1395
2.21935e+08		-3.14159		6.66667		0.283747		28.4372
2.27037e+08		-3.14159		6.66667		0.378712		28.7468
2.32139e+08		-3.14159		6.66667		0.301339		29.0475
2.37241e+08		-3.14159		6.66667		0.260142		29.3459
2.42343e+08		-3.14159		6.66667		0.393416		29.6558
2.47445e+08		-3.14159		6.66667		0.370412		29.9656
2.52547e+08		-3.14159		6.66667		0.316735		30.2762

-2.52547e+08		-3.07813		6.66667		0.305669		30.5871
-2.47445e+08		-3.07813		6.66667		0.349017		30.8973
-2.42343e+08		-3.07813		6.66667		0.370001		31.2072
-2.37241e+08		-3.07813		6.66667		0.256777		31.5061
-2.32139e+08		-3.07813		6.66667		0.298986		31.8045
-2.27037e+08		-3.07813		6.66667		0.372852		32.1152
-2.21935e+08		-3.07813		6.66667		0.28248		32.4143
-2.16833e+08		-3.07813		6.66667		0.405188		32.7244
-2.11731e+08		-3.07813		6.66667		0.417008		33.0344
-2.06629e+08		-3.07813		6.66667		0.277259		33.3327
-2.01527e+08		-3.07813		6.66667		0.332287		33.6314
-1.96425e+08		-3.07813		6.66667		0.408945		33.9432
-1.91323e+08		-3.07813		6.66667		0.304641		34.2423
-1.86221e+08		-3.07813		6.66667		0.356309		34.5415
-1.81119e+08		-3.07813		6.66667		0.405856		34.8524
-1.76017e+08		-3.07813		6.66667		0.0500977		35.1516
-1.70915e+08		-3.07813		6.66667		0.332369		35.4506
-1.65813e+08		-3.07813		6.66667		0.368144		35.7603
-1.60712e+08		-3.07813		6.66667		0.35331		36.0594
-1.5561e+08		-3.07813		6.66667		0.107003		36.359
-1.50508e+08		-3.07813		6.66667		0.297132		36.6586
-1.45406e+08		-3.07813		6.66667		0.339888		36.9584
-1.40304e+08		-3.07813		6.66667		0.333916		37.2571
-1.35202e+08		-3.07813		6.66667		0.321745		37.5564
-1.301e+08		-3.07813		6.66667		0.222084		37.8562
-1.24998e+08		-3.07813		6.66667		0.192161		38.1562
-1.19896e+08		-3.07813		6.66667		0.338628		38.4558
-1.14794e+08		-3.07813		6.66667		0.346616		38.7546
-1.09692e+08		-3.07813		6.66667		0.304715		39.0538
-1.0459e+08		-3.07813		6.66667		0.360134		39.3526
-9.94881e+07		-3.07813		6.66667		0.261425		39.652
-9.43861e+07		-3.07813		6.66667		0.185911		39.9508
-8.92842e+07		-3.07813		6.66667		0.235589		40.25
-8.41822e+07		-3.07813		6.66667		0.0201279		40.5482
-7.90803e+07		-3.07813		6.66667		0.377267		40.8457
-7.39783e+07		-3.07813		6.66667		0.328997		41.1445
-6.88764e+07		-3.07813		6.66667		0.175208		41.4428
-6.37744e+07		-3.07813		6.66667		0.247003		41.7409
-5.86725e+07		-3.07813		6.66667		0.220574		42.0394
-5.35705e+07		-3.07813		6.66667		0.25457		42.3374
-4.84686e+07		-3.07813		6.66667		0.174026		42.6352
-4.33666e+07		-3.07813		6.66667		0.157269		42.9337
-3.82646e+07		-3.07813		6.66667		0.322467		43.2322
-3.31627e+07		-3.07813		6.66667		0.0899854		43.5294
-2.80607e+07		-3.07813		6.66667		0.0657605		43.828
-2.29588e+07		-3.07813		6.66667		0.365608		44.1377
-1.78568e+07		-3.07813		6.66667		0.0464722		44.4359
-1.27549e+07		-3.07813		6.66667		0.0244971		44.7351
-7.65293e+06		-3.07813		6.66667		0.372568		45.0457
-2.55098e+06		-3.07813		6.66667		0.0312755		45.344
2.55098e+06		-3.07813		6.66667		0.0312755		45.6425
7.65293e+06		-3.07813		6.66667		0.372568		45.9521
1.27549e+07		-3.07813		6.66667		0.0244971		46.2505
1.78568e+07		-3.07813		6.66667		0.0464722		46.5491
2.29588e+07		-3.07813		6.66667		0.365608		46.8594
2.80607e+07		-3.07813		6.66667		0.0657605		47.1575
3.31627e+07		-3.07813		6.66667		0.0899854		47.4561
3.82646e+07		-3.07813		6.66667		0.322467		47.7546
4.33666e+07		-3.07813		6.66667		0.157269		48.0525
4.84686e+07		-3.07813		6.66667		0.174026		48.3513
5.35705e+07		-3.07813		6.66667		0.25457		48.6505
5.86725e+07		-3.07813		6.66667		0.220574		48.9489
6.37744e+07		-3.07813		6.66667		0.247003		49.248
6.88764e+07		-3.07813		6.66667		0.175208		49.5783
7.39783e+07		-3.07813		6.66667		0.328997		49.8778
7.90803e+07		-3.07813		6.66667		0.377267		50.1759
8.41822e+07		-3.07813		6.66667		0.0201279		50.4747
8.92842e+07		-3.07813		6.66667		0.235589		50.7729
9.43861e+07		-3.07813		6.66667		0.185911		51.0717
9.94881e+07		-3.07813		6.66667		0.261425		51.3708
1.0459e+08		-3.07813		6.66667		0.360134		51.6688
1.09692e+08		-3.07813		6.66667		0.304715		51.9669
1.14794e+08		-3.07813		6.66667		0.346616		52.266
1.19896e+08		-3.07813		6.66667		0.338628		52.564
1.24998e+08		-3.07813		6.66667		0.192161		52.8626
1.301e+08		-3.07813		6.66667		0.222084		53.1619
1.35202e+08		-3.07813		6.66667		0.321745		53.4608
1.40304e+08		-3.07813		6.66667		0.333916		53.7589
1.45406e+08		-3.07813		6.66667		0.339888		54.0578
1.50508e+08		-3.07813		6.66667		0.297132		54.3562
1.5561e+08		-3.07813		6.66667		0.107003		54.6546
1.60712e+08		-3.07813		6.66667		0.35331		54.9531
1.65813e+08		-3.07813		6.66667		0.368144		55.2628
1.70915e+08		-3.07813		6.66667		0.332369		55.561
1.76017e+08		-3.07813		6.66667		0.0500977		55.8608
1.81119e+08		-3.07813		6.66667		0.405856		56.1709
1.86221e+08		-3.07813		6.66667		0.356309		56.4807
1.91323e+08		-3.07813		6.66667		0.304641		56.78
1.96425e+08		-3.07813		6.66667		0.408945		57.0899
2.01527e+08		-3.07813		6.66667		0.332287		57.3892
2.06629e+08		-3.07813		6.66667		0.277259		57.6882
2.11731e+08		-3.07813		6.66667		0.417008		57.9982
2.16833e+08		-3.07813		6.66667		0.405188		58.3087
2.21935e+08		-3.07813		6.66667		0.28248		58.6077
2.27037e+08		-3.07813		6.66667		0.372852		58.9187
2.32139e+08		-3.07813		6.66667		0.298986		59.2176
2.37241e+08		-3.07813		6.66667		0.256777		59.5173
2.42343e+08		-3.07813		6.66667		0.370001		59.8282
2.47445e+08		-3.07813		6.66667		0.349017		60.1395
2.52547e+08		-3.07813		6.66667		0.305669		60.4515

-2.52547e+08		-3.01466		6.66667		0.287493		60.7629
-2.47445e+08		-3.01466		6.66667		0.322435		61.0731
-2.42343e+08		-3.01466		6.66667		0.343559		61.4092
-2.37241e+08		-3.01466		6.66667		0.247147		61.7074
-2.32139e+08		-3.01466		6.66667		0.288234		62.0058
-2.27037e+08		-3.01466		6.66667		0.345299		62.3165
-2.21935e+08		-3.01466		6.66667		0.274914		62.6149
-2.16833e+08		-3.01466		6.66667		0.380165		62.9252
-2.11731e+08		-3.01466		6.66667		0.397035		63.2355
-2.06629e+08		-3.01466		6.66667		0.272284		63.5341
-2.01527e+08		-3.01466		6.66667		0.309995		63.8317
-1.96425e+08		-3.01466		6.66667		0.403846		64.142
-1.91323e+08		-3.01466		6.66667		0.289501		64.4404
-1.86221e+08		-3.01466		6.66667		0.33137		64.7384
-1.81119e+08		-3.01466		6.66667		0.389136		65.0485
-1.76017e+08		-3.01466		6.66667		0.0455124		65.3475
-1.70915e+08		-3.01466		6.66667		0.326371		65.6457
-1.65813e+08		-3.01466		6.66667		0.377077		65.9561
-1.60712e+08		-3.01466		6.66667		0.365587		66.2666
-1.5561e+08		-3.01466		6.66667		0.106401		66.5653
-1.50508e+08		-3.01466		6.66667		0.284822		66.8643
-1.45406e+08		-3.01466		6.66667		0.321243		67.162
-1.40304e+08		-3.01466		6.66667		0.330368		67.4602
-1.35202e+08		-3.01466		6.66667		0.331996		67.7585
-1.301e+08		-3.01466		6.66667		0.225837		68.0573
-1.24998e+08		-3.01466		6.66667		0.186353		68.3564
-1.19896e+08		-3.01466		6.66667		0.323259		68.6558
-1.14794e+08		-3.01466		6.66667		0.342445		68.9548
-1.09692e+08		-3.01466		6.66667		0.299088		69.2539
-1.0459e+08		-3.01466		6.66667		0.357567		69.5533
-9.94881e+07		-3.01466		6.66667		0.266438		69.8527
-9.43861e+07		-3.01466		6.66667		0.173803		70.1524
-8.92842e+07		-3.01466		6.66667		0.227703		70.452
-8.41822e+07		-3.01466		6.66667		0.0232945		70.7516
-7.90803e+07		-3.01466		6.66667		0.347949		71.0506
-7.39783e+07		-3.01466		6.66667		0.313494		71.3752
-6.88764e+07		-3.01466		6.66667		0.176246		71.6742
-6.37744e+07		-3.01466		6.66667		0.235129		71.9727
-5.86725e+07		-3.01466		6.66667		0.211331		72.2718
-5.35705e+07		-3.01466		6.66667		0.246349		72.5703
-4.84686e+07		-3.01466		6.66667		0.172256		72.8686
-4.33666e+07		-3.01466		6.66667		0.156559		73.168
-3.82646e+07		-3.01466		6.66667		0.305484		73.4666
-3.31627e+07		-3.01466		6.66667		0.0897849		73.7652
-2.80607e+07		-3.01466		6.66667		0.064913		74.0639
-2.29588e+07		-3.01466		6.66667		0.337544		74.3615
-1.78568e+07		-3.01466		6.66667		0.0433478		74.6598
-1.27549e+07		-3.01466		6.66667		0.0214576		74.9589
-7.65293e+06		-3.01466		6.66667		0.342671		75.2561
-2.55098e+06		-3.01466		6.66667		0.0271483		75.5539
2.55098e+06		-3.01466		6.66667		0.0271483		75.8533
7.65293e+06		-3.01466		6.66667		0.342671		76.1513
1.27549e+07		-3.01466		6.66667		0.0214576		76.4499
1.78568e+07		-3.01466		6.66667		0.0433478		76.7489
2.29588e+07		-3.01466		6.66667		0.337544		77.0467
2.80607e+07		-3.01466		6.66667		0.064913		77.3454
3.31627e+07		-3.01466		6.66667		0.0897849		77.6435
3.82646e+07		-3.01466		6.66667		0.305484		77.9419
4.33666e+07		-3.01466		6.66667		0.156559		78.2406
4.84686e+07		-3.01466		6.66667		0.172256		78.5399
5.35705e+07		-3.01466		6.66667		0.246349		78.8394
5.86725e+07		-3.01466		6.66667		0.211331		79.1387
6.37744e+07		-3.01466		6.66667		0.235129		79.4384
6.88764e+07		-3.01466		6.66667		0.176246		79.7385
7.39783e+07		-3.01466		6.66667		0.313494		80.0382
7.90803e+07		-3.01466		6.66667		0.347949		80.3371
8.41822e+07		-3.01466		6.66667		0.0232945		80.637
8.92842e+07		-3.01466		6.66667		0.227703		80.9369
9.43861e+07		-3.01466		6.66667		0.173803		81.237
9.94881e+07		-3.01466		6.66667		0.266438		81.5612
1.0459e+08		-3.01466		6.66667		0.357567		81.8602
1.09692e+08		-3.01466		6.66667		0.299088		82.1589
1.14794e+08		-3.01466		6.66667		0.342445		82.4577
1.19896e+08		-3.01466		6.66667		0.323259		82.7567
1.24998e+08		-3.01466		6.66667		0.186353		83.0561
1.301e+08		-3.01466		6.66667		0.225837		83.3548
1.35202e+08		-3.01466		6.66667		0.331996		83.6533
1.40304e+08		-3.01466		6.66667		0.330368		83.9516
1.45406e+08		-3.01466		6.66667		0.321243		84.2506
1.50508e+08		-3.01466		6.66667		0.284822		84.5487
1.5561e+08		-3.01466		6.66667		0.106401		84.8477
1.60712e+08		-3.01466		6.66667		0.365587		85.1469
1.65813e+08		-3.01466		6.66667		0.377077		85.4573
1.70915e+08		-3.01466		6.66667		0.326371		85.7566
1.76017e+08		-3.01466		6.66667		0.0455124		86.0562
1.81119e+08		-3.01466		6.66667		0.389136		86.3663
1.86221e+08		-3.01466		6.66667		0.33137		86.6646
1.91323e+08		-3.01466		6.66667		0.289501		86.964
1.96425e+08		-3.01466		6.66667		0.403846		87.2742
2.01527e+08		-3.01466		6.66667		0.309995		87.5842
2.06629e+08		-3.01466		6.66667		0.272284		87.8833
2.11731e+08		-3.01466		6.66667		0.397035		88.1934
2.16833e+08		-3.01466		6.66667		0.380165		88.5039
2.21935e+08		-3.01466		6.66667		0.274914		88.8022
2.27037e+08		-3.01466		6.66667		0.345299		89.1164
2.32139e+08		-3.01466		6.66667		0.288234		89.4156
2.37241e+08		-3.01466		6.66667		0.247147		89.7148
2.42343e+08		-3.01466		6.66667		0.343559		90.0261
2.47445e+08		-3.01466		6.66667		0.322435		90.3375
2.52547e+08		-3.01466		6.66667		0.287493		90.6494

-2.52547e+08		-2.95119		6.66667		0.265224		90.9608
-2.47445e+08		-2.95119		6.66667		0.294677		91.2723
-2.42343e+08		-2.95119		6.66667		0.316511		91.5832
-2.37241e+08		-2.95119		6.66667		0.232325		91.8823
-2.32139e+08		-2.95119		6.66667		0.271397		92.1814
-2.27037e+08		-2.95119		6.66667		0.317759		92.4921
-2.21935e+08		-2.95119		6.66667		0.262243		92.7909
-2.16833e+08		-2.95119		6.66667		0.354569		93.1017
-2.11731e+08		-2.95119		6.66667		0.374962		93.4122
-2.06629e+08		-2.95119		6.66667		0.263325		93.7109
-2.01527e+08		-2.95119		6.66667		0.285948		94.0091
-1.96425e+08		-2.95119		6.66667		0.390823		94.3191
-1.91323e+08		-2.95119		6.66667		0.268402		94.6167
-1.86221e+08		-2.95119		6.66667		0.305619		94.9151
-1.81119e+08		-2.95119		6.66667		0.370667		95.2255
-1.76017e+08		-2.95119		6.66667		0.0380907		95.5244
-1.70915e+08		-2.95119		6.66667		0.315566		95.8233
-1.65813e+08		-2.95119		6.66667		0.372971		96.1334
-1.60712e+08		-2.95119		6.66667		0.373334		96.4428
-1.5561e+08		-2.95119		6.66667		0.103923		96.7413
-1.50508e+08		-2.95119		6.66667		0.267037		97.0403
-1.45406e+08		-2.95119		6.66667		0.300344		97.3378
-1.40304e+08		-2.95119		6.66667		0.318548		97.6363
-1.35202e+08		-2.95119		6.66667		0.338309		97.9348
-1.301e+08		-2.95119		6.66667		0.227004		98.2329
-1.24998e+08		-2.95119		6.66667		0.176826		98.5321
-1.19896e+08		-2.95119		6.66667		0.302522		98.8314
-1.14794e+08		-2.95119		6.66667		0.332535		99.1299
-1.09692e+08		-2.95119		6.66667		0.292676		99.4283
-1.0459e+08		-2.95119		6.66667		0.353958		99.7266
-9.94881e+07		-2.95119		6.66667		0.27001		100.025
-9.43861e+07		-2.95119		6.66667		0.159118		100.322
-8.92842e+07		-2.95119		6.66667		0.215988		100.621
-8.41822e+07		-2.95119		6.66667		0.0286431		100.918
-7.90803e+07		-2.95119		6.66667		0.318404		101.217
-7.39783e+07		-2.95119		6.66667		0.292905		101.515
-6.88764e+07		-2.95119		6.66667		0.174815		101.813
-6.37744e+07		-2.95119		6.66667		0.219384		102.112
-5.86725e+07		-2.95119		6.66667		0.198589		102.41
-5.35705e+07		-2.95119		6.66667		0.233439		102.707
-4.84686e+07		-2.95119		6.66667		0.168235		103.006
-4.33666e+07		-2.95119		6.66667		0.15372		103.335
-3.82646e+07		-2.95119		6.66667		0.283149		103.633
-3.31627e+07		-2.95119		6.66667		0.0881424		103.931
-2.80607e+07		-2.95119		6.66667		0.0627442		104.23
-2.29588e+07		-2.95119		6.66667		0.308271		104.528
-1.78568e+07		-2.95119		6.66667		0.0381843		104.826
-1.27549e+07		-2.95119		6.66667		0.0170218		105.124
-7.65293e+06		-2.95119		6.66667		0.312562		105.423
-2.55098e+06		-2.95119		6.66667		0.0203669		105.721
2.55098e+06		-2.95119		6.66667		0.0203669		106.02
7.65293e+06		-2.95119		6.66667		0.312562		106.317
1.27549e+07		-2.95119		6.66667		0.0170218		106.616
1.78568e+07		-2.95119		6.66667		0.0381843		106.915
2.29588e+07		-2.95119		6.66667		0.308271		107.213
2.80607e+07		-2.95119		6.66667		0.0627442		107.511
3.31627e+07		-2.95119		6.66667		0.0881424		107.81
3.82646e+07		-2.95119		6.66667		0.283149		108.108
4.33666e+07		-2.95119		6.66667		0.15372		108.405
4.84686e+07		-2.95119		6.66667		0.168235		108.705
5.35705e+07		-2.95119		6.66667		0.233439		109.003
5.86725e+07		-2.95119		6.66667		0.198589		109.301
6.37744e+07		-2.95119		6.66667		0.219384		109.6
6.88764e+07		-2.95119		6.66667		0.174815		109.899
7.39783e+07		-2.95119		6.66667		0.292905		110.198
7.90803e+07		-2.95119		6.66667		0.318404		110.496
8.41822e+07		-2.95119		6.66667		0.0286431		110.795
8.92842e+07		-2.95119		6.66667		0.215988		111.094
9.43861e+07		-2.95119		6.66667		0.159118		111.393
9.94881e+07		-2.95119		6.66667		0.27001		111.693
1.0459e+08		-2.95119		6.66667		0.353958		111.991
1.09692e+08		-2.95119		6.66667		0.292676		112.289
1.14794e+08		-2.95119		6.66667		0.332535		112.589
1.19896e+08		-2.95119		6.66667		0.302522		112.888
1.24998e+08		-2.95119		6.66667		0.176826		113.188
1.301e+08		-2.95119		6.66667		0.227004		113.488
1.35202e+08		-2.95119		6.66667		0.338309		113.787
1.40304e+08		-2.95119		6.66667		0.318548		114.085
1.45406e+08		-2.95119		6.66667		0.300344		114.385
1.50508e+08		-2.95119		6.66667		0.267037		114.683
1.5561e+08		-2.95119		6.66667		0.103923		115.008
1.60712e+08		-2.95119		6.66667		0.373334		115.319
1.65813e+08		-2.95119		6.66667		0.372971		115.629
1.70915e+08		-2.95119		6.66667		0.315566		115.929
1.76017e+08		-2.95119		6.66667		0.0380907		116.227
1.81119e+08		-2.95119		6.66667		0.370667		116.537
1.86221e+08		-2.95119		6.66667		0.305619		116.836
1.91323e+08		-2.95119		6.66667		0.268402		117.135
1.96425e+08		-2.95119		6.66667		0.390823		117.444
2.01527e+08		-2.95119		6.66667		0.285948		117.743
2.06629e+08		-2.95119		6.66667		0.263325		118.041
2.11731e+08		-2.95119		6.66667		0.374962		118.351
2.16833e+08		-2.95119		6.66667		0.354569		118.661
2.21935e+08		-2.95119		6.66667		0.262243		118.958
2.27037e+08		-2.95119		6.66667		0.317759		119.267
2.32139e+08		-2.95119		6.66667		0.271397		119.565
2.37241e+08		-2.95119		6.66667		0.232325		119.863
2.42343e+08		-2.95119		6.66667		0.316511		120.173
2.47445e+08		-2.95119		6.66667		0.294677		120.484
2.52547e+08		-2.95119		6.66667		0.265224		120.796

-2.52547e+08		-2.88773		6.66667		0.240704		121.095
-2.47445e+08		-2.88773		6.66667		0.26651		121.394
-2.42343e+08		-2.88773		6.66667		0.289419		121.693
-2.37241e+08		-2.88773		6.66667		0.213535		121.992
-2.32139e+08		-2.88773		6.66667		0.250732		122.291
-2.27037e+08		-2.88773		6.66667		0.290416		122.59
-2.21935e+08		-2.88773		6.66667		0.245948		122.889
-2.16833e+08		-2.88773		6.66667		0.329221		123.188
-2.11731e+08		-2.88773		6.66667		0.352737		123.499
-2.06629e+08		-2.88773		6.66667		0.251378		123.799
-2.01527e+08		-2.88773		6.66667		0.26096		124.098
-1.96425e+08		-2.88773		6.66667		0.374432		124.409
-1.91323e+08		-2.88773		6.66667		0.24386		124.709
-1.86221e+08		-2.88773		6.66667		0.279692		125.034
-1.81119e+08		-2.88773		6.66667		0.351731		125.333
-1.76017e+08		-2.88773		6.66667		0.0279834		125.631
-1.70915e+08		-2.88773		6.66667		0.301662		125.931
-1.65813e+08		-2.88773		6.66667		0.360555		126.229
-1.60712e+08		-2.88773		6.66667		0.376493		126.538
-1.5561e+08		-2.88773		6.66667		0.100205		126.837
-1.50508e+08		-2.88773		6.66667		0.24575		127.136
-1.45406e+08		-2.88773		6.66667		0.27834		127.434
-1.40304e+08		-2.88773		6.66667		0.302329		127.732
-1.35202e+08		-2.88773		6.66667		0.340898		128.031
-1.301e+08		-2.88773		6.66667		0.226071		128.329
-1.24998e+08		-2.88773		6.66667		0.164116		128.629
-1.19896e+08		-2.88773		6.66667		0.279038		128.927
-1.14794e+08		-2.88773		6.66667		0.318915		129.226
-1.09692e+08		-2.88773		6.66667		0.28589		129.525
-1.0459e+08		-2.88773		6.66667		0.349679		129.824
-9.94881e+07		-2.88773		6.66667		0.272408		130.122
-9.43861e+07		-2.88773		6.66667		0.142156		130.421
-8.92842e+07		-2.88773		6.66667		0.201232		130.72
-8.41822e+07		-2.88773		6.66667		0.0364575		131.018
-7.90803e+07		-2.88773		6.66667		0.288777		131.316
-7.39783e+07		-2.88773		6.66667		0.269653		131.614
-6.88764e+07		-2.88773		6.66667		0.171416		131.913
-6.37744e+07		-2.88773		6.66667		0.200496		132.212
-5.86725e+07		-2.88773		6.66667		0.182918		132.511
-5.35705e+07		-2.88773		6.66667		0.216863		132.809
-4.84686e+07		-2.88773		6.66667		0.162476		133.109
-4.33666e+07		-2.88773		6.66667		0.149243		133.408
-3.82646e+07		-2.88773		6.66667		0.25793		133.707
-3.31627e+07		-2.88773		6.66667		0.0857298		134.006
-2.80607e+07		-2.88773		6.66667		0.0601174		134.306
-2.29588e+07		-2.88773		6.66667		0.278597		134.605
-1.78568e+07		-2.88773		6.66667		0.0318654		134.905
-1.27549e+07		-2.88773		6.66667		0.0139524		135.229
-7.65293e+06		-2.88773		6.66667		0.282274		135.527
-2.55098e+06		-2.88773		6.66667		0.0111202		135.826
2.55098e+06		-2.88773		6.66667		0.0111202		136.124
7.65293e+06		-2.88773		6.66667		0.282274		136.422
1.27549e+07		-2.88773		6.66667		0.0139524		136.721
1.78568e+07		-2.88773		6.66667		0.0318654		137.019
2.29588e+07		-2.88773		6.66667		0.278597		137.317
2.80607e+07		-2.88773		6.66667		0.0601174		137.615
3.31627e+07		-2.88773		6.66667		0.0857298		137.914
3.82646e+07		-2.88773		6.66667		0.25793		138.212
4.33666e+07		-2.88773		6.66667		0.149243		138.51
4.84686e+07		-2.88773		6.66667		0.162476		138.809
5.35705e+07		-2.88773		6.66667		0.216863		139.107
5.86725e+07		-2.88773		6.66667		0.182918		139.405
6.37744e+07		-2.88773		6.66667		0.200496		139.705
6.88764e+07		-2.88773		6.66667		0.171416		140.003
7.39783e+07		-2.88773		6.66667		0.269653		140.301
7.90803e+07		-2.88773		6.66667		0.288777		140.6
8.41822e+07		-2.88773		6.66667		0.0364575		140.897
8.92842e+07		-2.88773		6.66667		0.201232		141.195
9.43861e+07		-2.88773		6.66667		0.142156		141.494
9.94881e+07		-2.88773		6.66667		0.272408		141.793
1.0459e+08		-2.88773		6.66667		0.349679		142.091
1.09692e+08		-2.88773		6.66667		0.28589		142.39
1.14794e+08		-2.88773		6.66667		0.318915		142.689
1.19896e+08		-2.88773		6.66667		0.279038		142.988
1.24998e+08		-2.88773		6.66667		0.164116		143.286
1.301e+08		-2.88773		6.66667		0.226071		143.585
1.35202e+08		-2.88773		6.66667		0.340898		143.885
1.40304e+08		-2.88773		6.66667		0.302329		144.184
1.45406e+08		-2.88773		6.66667		0.27834		144.482
1.50508e+08		-2.88773		6.66667		0.24575		144.783
1.5561e+08		-2.88773		6.66667		0.100205		145.083
1.60712e+08		-2.88773		6.66667		0.376493		145.393
1.65813e+08		-2.88773		6.66667		0.360555		145.704
1.70915e+08		-2.88773		6.66667		0.301662		146.002
1.76017e+08		-2.88773		6.66667		0.0279834		146.301
1.81119e+08		-2.88773		6.66667		0.351731		146.6
1.86221e+08		-2.88773		6.66667		0.279692		146.899
1.91323e+08		-2.88773		6.66667		0.24386		147.198
1.96425e+08		-2.88773		6.66667		0.374432		147.508
2.01527e+08		-2.88773		6.66667		0.26096		147.805
2.06629e+08		-2.88773		6.66667		0.251378		148.103
2.11731e+08		-2.88773		6.66667		0.352737		148.413
2.16833e+08		-2.88773		6.66667		0.329221		148.722
2.21935e+08		-2.88773		6.66667		0.245948		149.022
2.27037e+08		-2.88773		6.66667		0.290416		149.321
2.32139e+08		-2.88773		6.66667		0.250732		149.619
2.37241e+08		-2.88773		6.66667		0.213535		149.917
2.42343e+08		-2.88773		6.66667		0.289419		150.215
2.47445e+08		-2.88773		6.66667		0.26651		150.514
2.52547e+08		-2.88773		6.66667		0.240704		150.812

-2.52547e+08		-2.82426		6.66667		0.214975		151.112
-2.47445e+08		-2.82426		6.66667		0.23824		151.41
-2.42343e+08		-2.82426		6.66667		0.262587		151.708
-2.37241e+08		-2.82426		6.66667		0.191839		152.006
-2.32139e+08		-2.82426		6.66667		0.227833		152.304
-2.27037e+08		-2.82426		6.66667		0.263454		152.602
-2.21935e+08		-2.82426		6.66667		0.227384		152.901
-2.16833e+08		-2.82426		6.66667		0.304508		153.199
-2.11731e+08		-2.82426		6.66667		0.331154		153.498
-2.06629e+08		-2.82426		6.66667		0.237524		153.797
-2.01527e+08		-2.82426		6.66667		0.235604		154.097
-1.96425e+08		-2.82426		6.66667		0.357222		154.406
-1.91323e+08		-2.82426		6.66667		0.217286		154.705
-1.86221e+08		-2.82426		6.66667		0.254024		155.003
-1.81119e+08		-2.82426		6.66667		0.333174		155.3
-1.76017e+08		-2.82426		6.66667		0.0153922		155.599
-1.70915e+08		-2.82426		6.66667		0.286187		155.897
-1.65813e+08		-2.82426		6.66667		0.345189		156.195
-1.60712e+08		-2.82426		6.66667		0.375812		156.494
-1.5561e+08		-2.82426		6.66667		0.0961344		156.823
-1.50508e+08		-2.82426		6.66667		0.222372		157.123
-1.45406e+08		-2.82426		6.66667		0.256065		157.422
-1.40304e+08		-2.82426		6.66667		0.284424		157.72
-1.35202e+08		-2.82426		6.66667		0.340459		158.019
-1.301e+08		-2.82426		6.66667		0.223694		158.317
-1.24998e+08		-2.82426		6.66667		0.148865		158.616
-1.19896e+08		-2.82426		6.66667		0.254264		158.914
-1.14794e+08		-2.82426		6.66667		0.303389		159.212
-1.09692e+08		-2.82426		6.66667		0.279211		159.51
-1.0459e+08		-2.82426		6.66667		0.345178		159.808
-9.94881e+07		-2.82426		6.66667		0.274019		160.105
-9.43861e+07		-2.82426		6.66667		0.12327		160.404
-8.92842e+07		-2.82426		6.66667		0.184284		160.701
-8.41822e+07		-2.82426		6.66667		0.0467522		161
-7.90803e+07		-2.82426		6.66667		0.259159		161.298
-7.39783e+07		-2.82426		6.66667		0.245139		161.596
-6.88764e+07		-2.82426		6.66667		0.16671		161.894
-6.37744e+07		-2.82426		6.66667		0.179135		162.192
-5.86725e+07		-2.82426		6.66667		0.164941		162.49
-5.35705e+07		-2.82426		6.66667		0.19762		162.788
-4.84686e+07		-2.82426		6.66667		0.155669		163.097
-4.33666e+07		-2.82426		6.66667		0.14379		163.395
-3.82646e+07		-2.82426		6.66667		0.231124		163.694
-3.31627e+07		-2.82426		6.66667		0.0834835		163.992
-2.80607e+07		-2.82426		6.66667		0.0583081		164.291
-2.29588e+07		-2.82426		6.66667		0.248744		164.589
-1.78568e+07		-2.82426		6.66667		0.0264978		164.887
-1.27549e+07		-2.82426		6.66667		0.0176495		165.186
-7.65293e+06		-2.82426		6.66667		0.25184		165.484
-2.55098e+06		-2.82426		6.66667		0.00253845		165.783
2.55098e+06		-2.82426		6.66667		0.00253845		166.082
7.65293e+06		-2.82426		6.66667		0.25184		166.381
1.27549e+07		-2.82426		6.66667		0.0176495		166.68
1.78568e+07		-2.82426		6.66667		0.0264978		166.979
2.29588e+07		-2.82426		6.66667		0.248744		167.277
2.80607e+07		-2.82426		6.66667		0.0583081		167.577
3.31627e+07		-2.82426		6.66667		0.0834835		167.876
3.82646e+07		-2.82426		6.66667		0.231124		168.174
4.33666e+07		-2.82426		6.66667		0.14379		168.502
4.84686e+07		-2.82426		6.66667		0.155669		168.801
5.35705e+07		-2.82426		6.66667		0.19762		169.099
5.86725e+07		-2.82426		6.66667		0.164941		169.398
6.37744e+07		-2.82426		6.66667		0.179135		169.697
6.88764e+07		-2.82426		6.66667		0.16671		169.995
7.39783e+07		-2.82426		6.66667		0.245139		170.295
7.90803e+07		-2.82426		6.66667		0.259159		170.593
8.41822e+07		-2.82426		6.66667		0.0467522		170.891
8.92842e+07		-2.82426		6.66667		0.184284		171.191
9.43861e+07		-2.82426		6.66667		0.12327		171.49
9.94881e+07		-2.82426		6.66667		0.274019		171.788
1.0459e+08		-2.82426		6.66667		0.345178		172.087
1.09692e+08		-2.82426		6.66667		0.279211		172.385
1.14794e+08		-2.82426		6.66667		0.303389		172.684
1.19896e+08		-2.82426		6.66667		0.254264		172.983
1.24998e+08		-2.82426		6.66667		0.148865		173.282
1.301e+08		-2.82426		6.66667		0.223694		173.58
1.35202e+08		-2.82426		6.66667		0.340459		173.88
1.40304e+08		-2.82426		6.66667		0.284424		174.178
1.45406e+08		-2.82426		6.66667		0.256065		174.476
1.50508e+08		-2.82426		6.66667		0.222372		174.776
1.5561e+08		-2.82426		6.66667		0.0961344		175.075
1.60712e+08		-2.82426		6.66667		0.375812		175.385
1.65813e+08		-2.82426		6.66667		0.345189		175.683
1.70915e+08		-2.82426		6.66667		0.286187		175.982
1.76017e+08		-2.82426		6.66667		0.0153922		176.282
1.81119e+08		-2.82426		6.66667		0.333174		176.581
1.86221e+08		-2.82426		6.66667		0.254024		176.881
1.91323e+08		-2.82426		6.66667		0.217286		177.18
1.96425e+08		-2.82426		6.66667		0.357222		177.491
2.01527e+08		-2.82426		6.66667		0.235604		177.79
2.06629e+08		-2.82426		6.66667		0.237524		178.089
2.11731e+08		-2.82426		6.66667		0.331154		178.429
2.16833e+08		-2.82426		6.66667		0.304508		178.728
2.21935e+08		-2.82426		6.66667		0.227384		179.027
2.27037e+08		-2.82426		6.66667		0.263454		179.326
2.32139e+08		-2.82426		6.66667		0.227833		179.624
2.37241e+08		-2.82426		6.66667		0.191839		179.923
2.42343e+08		-2.82426		6.66667		0.262587		180.223
2.47445e+08		-2.82426		6.66667		0.23824		180.522
2.52547e+08		-2.82426		6.66667		0.214975		180.821

-2.52547e+08		-2.76079		6.66667		0.188692		181.12
-2.47445e+08		-2.76079		6.66667		0.210093		181.419
-2.42343e+08		-2.76079		6.66667		0.236306		181.718
-2.37241e+08		-2.76079		6.66667		0.168053		182.018
-2.32139e+08		-2.76079		6.66667		0.203767		182.316
-2.27037e+08		-2.76079		6.66667		0.237118		182.614
-2.21935e+08		-2.76079		6.66667		0.207689		182.914
-2.16833e+08		-2.76079		6.66667		0.280776		183.214
-2.11731e+08		-2.76079		6.66667		0.310737		183.512
-2.06629e+08		-2.76079		6.66667		0.22282		183.811
-2.01527e+08		-2.76079		6.66667		0.210374		184.109
-1.96425e+08		-2.76079		6.66667		0.340509		184.407
-1.91323e+08		-2.76079		6.66667		0.189445		184.706
-1.86221e+08		-2.76079		6.66667		0.229026		185.004
-1.81119e+08		-2.76079		6.66667		0.315642		185.303
-1.76017e+08		-2.76079		6.66667		0.00121383		185.601
-1.70915e+08		-2.76079		6.66667		0.270367		185.9
-1.65813e+08		-2.76079		6.66667		0.329546		186.203
-1.60712e+08		-2.76079		6.66667		0.372564		186.513
-1.5561e+08		-2.76079		6.66667		0.0928647		186.812
-1.50508e+08		-2.76079		6.66667		0.197876		187.111
-1.45406e+08		-2.76079		6.66667		0.234215		187.41
-1.40304e+08		-2.76079		6.66667		0.266459		187.709
-1.35202e+08		-2.76079		6.66667		0.337991		188.009
-1.301e+08		-2.76079		6.66667		0.220643		188.309
-1.24998e+08		-2.76079		6.66667		0.131786		188.636
-1.19896e+08		-2.76079		6.66667		0.229071		188.934
-1.14794e+08		-2.76079		6.66667		0.287327		189.233
-1.09692e+08		-2.76079		6.66667		0.273159		189.531
-1.0459e+08		-2.76079		6.66667		0.340935		189.829
-9.94881e+07		-2.76079		6.66667		0.275314		190.126
-9.43861e+07		-2.76079		6.66667		0.102864		190.425
-8.92842e+07		-2.76079		6.66667		0.166016		190.724
-8.41822e+07		-2.76079		6.66667		0.0593765		191.022
-7.90803e+07		-2.76079		6.66667		0.22965		191.32
-7.39783e+07		-2.76079		6.66667		0.22024		191.619
-6.88764e+07		-2.76079		6.66667		0.161494		191.919
-6.37744e+07		-2.76079		6.66667		0.155863		192.218
-5.86725e+07		-2.76079		6.66667		0.145301		192.516
-5.35705e+07		-2.76079		6.66667		0.176597		192.815
-4.84686e+07		-2.76079		6.66667		0.148666		193.114
-4.33666e+07		-2.76079		6.66667		0.138192		193.412
-3.82646e+07		-2.76079		6.66667		0.203445		193.71
-3.31627e+07		-2.76079		6.66667		0.0825733		194.01
-2.80607e+07		-2.76079		6.66667		0.0589044		194.316
-2.29588e+07		-2.76079		6.66667		0.218843		194.613
-1.78568e+07		-2.76079		6.66667		0.0262593		194.912
-1.27549e+07		-2.76079		6.66667		0.0282129		195.21
-7.65293e+06		-2.76079		6.66667		0.221292		195.508
-2.55098e+06		-2.76079		6.66667		0.0150264		195.806
2.55098e+06		-2.76079		6.66667		0.0150264		196.104
7.65293e+06		-2.76079		6.66667		0.221292		196.402
1.27549e+07		-2.76079		6.66667		0.0282129		196.7
1.78568e+07		-2.76079		6.66667		0.0262593		196.999
2.29588e+07		-2.76079		6.66667		0.218843		197.297
2.80607e+07		-2.76079		6.66667		0.0589044		197.596
3.31627e+07		-2.76079		6.66667		0.0825733		197.895
3.82646e+07		-2.76079		6.66667		0.203445		198.194
4.33666e+07		-2.76079		6.66667		0.138192		198.493
4.84686e+07		-2.76079		6.66667		0.148666		198.791
5.35705e+07		-2.76079		6.66667		0.176597		199.09
5.86725e+07		-2.76079		6.66667		0.145301		199.388
6.37744e+07		-2.76079		6.66667		0.155863		199.687
6.88764e+07		-2.76079		6.66667		0.161494		199.987
7.39783e+07		-2.76079		6.66667		0.22024		200.285
7.90803e+07		-2.76079		6.66667		0.22965		200.583
8.41822e+07		-2.76079		6.66667		0.0593765		200.882
8.92842e+07		-2.76079		6.66667		0.166016		201.18
9.43861e+07		-2.76079		6.66667		0.102864		201.479
9.94881e+07		-2.76079		6.66667		0.275314		201.777
1.0459e+08		-2.76079		6.66667		0.340935		202.076
1.09692e+08		-2.76079		6.66667		0.273159		202.373
1.14794e+08		-2.76079		6.66667		0.287327		202.671
1.19896e+08		-2.76079		6.66667		0.229071		202.97
1.24998e+08		-2.76079		6.66667		0.131786		203.272
1.301e+08		-2.76079		6.66667		0.220643		203.57
1.35202e+08		-2.76079		6.66667		0.337991		203.869
1.40304e+08		-2.76079		6.66667		0.266459		204.167
1.45406e+08		-2.76079		6.66667		0.234215		204.465
1.50508e+08		-2.76079		6.66667		0.197876		204.764
1.5561e+08		-2.76079		6.66667		0.0928647		205.063
1.60712e+08		-2.76079		6.66667		0.372564		205.388
1.65813e+08		-2.76079		6.66667		0.329546		205.687
1.70915e+08		-2.76079		6.66667		0.270367		205.986
1.76017e+08		-2.76079		6.66667		0.00121383		206.285
1.81119e+08		-2.76079		6.66667		0.315642		206.584
1.86221e+08		-2.76079		6.66667		0.229026		206.882
1.91323e+08		-2.76079		6.66667		0.189445		207.181
1.96425e+08		-2.76079		6.66667		0.340509		207.492
2.01527e+08		-2.76079		6.66667		0.210374		207.79
2.06629e+08		-2.76079		6.66667		0.22282		208.089
2.11731e+08		-2.76079		6.66667		0.310737		208.387
2.16833e+08		-2.76079		6.66667		0.280776		208.685
2.21935e+08		-2.76079		6.66667		0.207689		208.983
2.27037e+08		-2.76079		6.66667		0.237118		209.285
2.32139e+08		-2.76079		6.66667		0.203767		209.584
2.37241e+08		-2.76079		6.66667		0.168053		209.883
2.42343e+08		-2.76079		6.66667		0.236306		210.215
2.47445e+08		-2.76079		6.66667		0.210093		210.514
2.52547e+08		-2.76079		6.66667		0.188692		210.812

-2.52547e+08		-2.69733		6.66667		0.162387		211.111
-2.47445e+08		-2.69733		6.66667		0.182329		211.409
-2.42343e+08		-2.69733		6.66667		0.210942		211.707
-2.37241e+08		-2.69733		6.66667		0.142781		212.006
-2.32139e+08		-2.69733		6.66667		0.179332		212.305
-2.27037e+08		-2.69733		6.66667		0.211757		212.603
-2.21935e+08		-2.69733		6.66667		0.187867		212.902
-2.16833e+08		-2.69733		6.66667		0.25842		213.201
-2.11731e+08		-2.69733		6.66667		0.291956		213.499
-2.06629e+08		-2.69733		6.66667		0.208286		213.798
-2.01527e+08		-2.69733		6.66667		0.185798		214.095
-1.96425e+08		-2.69733		6.66667		0.325098		214.393
-1.91323e+08		-2.69733		6.66667		0.160772		214.692
-1.86221e+08		-2.69733		6.66667		0.205185		214.991
-1.81119e+08		-2.69733		6.66667		0.299692		215.289
-1.76017e+08		-2.69733		6.66667		0.0165104		215.589
-1.70915e+08		-2.69733		6.66667		0.2552		215.887
-1.65813e+08		-2.69733		6.66667		0.314942		216.186
-1.60712e+08		-2.69733		6.66667		0.368099		216.497
-1.5561e+08		-2.69733		6.66667		0.091731		216.795
-1.50508e+08		-2.69733		6.66667		0.173016		217.094
-1.45406e+08		-2.69733		6.66667		0.213475		217.396
-1.40304e+08		-2.69733		6.66667		0.249526		217.694
-1.35202e+08		-2.69733		6.66667		0.334559		217.993
-1.301e+08		-2.69733		6.66667		0.21773		218.292
-1.24998e+08		-2.69733		6.66667		0.11371		218.59
-1.19896e+08		-2.69733		6.66667		0.204112		218.889
-1.14794e+08		-2.69733		6.66667		0.27177		219.188
-1.09692e+08		-2.69733		6.66667		0.268263		219.488
-1.0459e+08		-2.69733		6.66667		0.337424		219.786
-9.94881e+07		-2.69733		6.66667		0.2768		220.085
-9.43861e+07		-2.69733		6.66667		0.0814483		220.384
-8.92842e+07		-2.69733		6.66667		0.147352		220.683
-8.41822e+07		-2.69733		6.66667		0.074121		220.983
-7.90803e+07		-2.69733		6.66667		0.200387		221.281
-7.39783e+07		-2.69733		6.66667		0.195645		221.581
-6.88764e+07		-2.69733		6.66667		0.156669		221.909
-6.37744e+07		-2.69733		6.66667		0.131132		222.208
-5.86725e+07		-2.69733		6.66667		0.124694		222.506
-5.35705e+07		-2.69733		6.66667		0.1546		222.805
-4.84686e+07		-2.69733		6.66667		0.142463		223.103
-4.33666e+07		-2.69733		6.66667		0.133421		223.402
-3.82646e+07		-2.69733		6.66667		0.175351		223.7
-3.31627e+07		-2.69733		6.66667		0.0842296		223.999
-2.80607e+07		-2.69733		6.66667		0.0633127		224.297
-2.29588e+07		-2.69733		6.66667		0.189016		224.596
-1.78568e+07		-2.69733		6.66667		0.0340253		224.894
-1.27549e+07		-2.69733		6.66667		0.0425811		225.192
-7.65293e+06		-2.69733		6.66667		0.190665		225.49
-2.55098e+06		-2.69733		6.66667		0.0308782		225.789
2.55098e+06		-2.69733		6.66667		0.0308782		226.087
7.65293e+06		-2.69733		6.66667		0.190665		226.386
1.27549e+07		-2.69733		6.66667		0.0425811		226.685
1.78568e+07		-2.69733		6.66667		0.0340253		226.983
2.29588e+07		-2.69733		6.66667		0.189016		227.281
2.80607e+07		-2.69733		6.66667		0.0633127		227.58
3.31627e+07		-2.69733		6.66667		0.0842296		227.879
3.82646e+07		-2.69733		6.66667		0.175351		228.177
4.33666e+07		-2.69733		6.66667		0.133421		228.476
4.84686e+07		-2.69733		6.66667		0.142463		228.774
5.35705e+07		-2.69733		6.66667		0.1546		229.074
5.86725e+07		-2.69733		6.66667		0.124694		229.372
6.37744e+07		-2.69733		6.66667		0.131132		229.671
6.88764e+07		-2.69733		6.66667		0.156669		229.971
7.39783e+07		-2.69733		6.66667		0.195645		230.27
7.90803e+07		-2.69733		6.66667		0.200387		230.569
8.41822e+07		-2.69733		6.66667		0.074121		230.868
8.92842e+07		-2.69733		6.66667		0.147352		231.168
9.43861e+07		-2.69733		6.66667		0.0814483		231.467
9.94881e+07		-2.69733		6.66667		0.2768		231.794
1.0459e+08		-2.69733		6.66667		0.337424		232.093
1.09692e+08		-2.69733		6.66667		0.268263		232.391
1.14794e+08		-2.69733		6.66667		0.27177		232.689
1.19896e+08		-2.69733		6.66667		0.204112		232.987
1.24998e+08		-2.69733		6.66667		0.11371		233.286
1.301e+08		-2.69733		6.66667		0.21773		233.584
1.35202e+08		-2.69733		6.66667		0.334559		233.883
1.40304e+08		-2.69733		6.66667		0.249526		234.184
1.45406e+08		-2.69733		6.66667		0.213475		234.483
1.50508e+08		-2.69733		6.66667		0.173016		234.781
1.5561e+08		-2.69733		6.66667		0.091731		235.079
1.60712e+08		-2.69733		6.66667		0.368099		235.377
1.65813e+08		-2.69733		6.66667		0.314942		235.675
1.70915e+08		-2.69733		6.66667		0.2552		235.973
1.76017e+08		-2.69733		6.66667		0.0165104		236.271
1.81119e+08		-2.69733		6.66667		0.299692		236.569
1.86221e+08		-2.69733		6.66667		0.205185		236.867
1.91323e+08		-2.69733		6.66667		0.160772		237.166
1.96425e+08		-2.69733		6.66667		0.325098		237.464
2.01527e+08		-2.69733		6.66667		0.185798		237.763
2.06629e+08		-2.69733		6.66667		0.208286		238.061
2.11731e+08		-2.69733		6.66667		0.291956		238.36
2.16833e+08		-2.69733		6.66667		0.25842		238.659
2.21935e+08		-2.69733		6.66667		0.187867		238.957
2.27037e+08		-2.69733		6.66667		0.211757		239.254
2.32139e+08		-2.69733		6.66667		0.179332		239.552
2.37241e+08		-2.69733		6.66667		0.142781		239.852
2.42343e+08		-2.69733		6.66667		0.210942		240.151
2.47445e+08		-2.69733		6.66667		0.182329		240.45
2.52547e+08		-2.69733		6.66667		0.162387		240.75

-2.52547e+08		-2.63386		6.66667		0.136649		241.05
-2.47445e+08		-2.63386		6.66667		0.155328		241.35
-2.42343e+08		-2.63386		6.66667		0.187003		241.649
-2.37241e+08		-2.63386		6.66667		0.116496		241.976
-2.32139e+08		-2.63386		6.66667		0.155284		242.277
-2.27037e+08		-2.63386		6.66667		0.187874		242.575
-2.21935e+08		-2.63386		6.66667		0.168922		242.873
-2.16833e+08		-2.63386		6.66667		0.237928		243.172
-2.11731e+08		-2.63386		6.66667		0.2753		243.47
-2.06629e+08		-2.63386		6.66667		0.194931		243.769
-2.01527e+08		-2.63386		6.66667		0.162555		244.067
-1.96425e+08		-2.63386		6.66667		0.311594		244.365
-1.91323e+08		-2.63386		6.66667		0.13153		244.663
-1.86221e+08		-2.63386		6.66667		0.183148		244.962
-1.81119e+08		-2.63386		6.66667		0.285855		245.261
-1.76017e+08		-2.63386		6.66667		0.0352455		245.56
-1.70915e+08		-2.63386		6.66667		0.241556		245.858
-1.65813e+08		-2.63386		6.66667		0.302181		246.157
-1.60712e+08		-2.63386		6.66667		0.363573		246.456
-1.5561e+08		-2.63386		6.66667		0.0939867		246.755
-1.50508e+08		-2.63386		6.66667		0.14852		247.054
-1.45406e+08		-2.63386		6.66667		0.194613		247.353
-1.40304e+08		-2.63386		6.66667		0.234508		247.651
-1.35202e+08		-2.63386		6.66667		0.331132		247.95
-1.301e+08		-2.63386		6.66667		0.215752		248.248
-1.24998e+08		-2.63386		6.66667		0.0957298		248.548
-1.19896e+08		-2.63386		6.66667		0.180027		248.847
-1.14794e+08		-2.63386		6.66667		0.257569		249.146
-1.09692e+08		-2.63386		6.66667		0.265025		249.446
-1.0459e+08		-2.63386		6.66667		0.335091		249.744
-9.94881e+07		-2.63386		6.66667		0.278974		250.043
-9.43861e+07		-2.63386		6.66667		0.059883		250.342
-8.92842e+07		-2.63386		6.66667		0.129383		250.641
-8.41822e+07		-2.63386		6.66667		0.0907682		250.94
-7.90803e+07		-2.63386		6.66667		0.171576		251.239
-7.39783e+07		-2.63386		6.66667		0.172059		251.538
-6.88764e+07		-2.63386		6.66667		0.153193		251.838
-6.37744e+07		-2.63386		6.66667		0.105311		252.136
-5.86725e+07		-2.63386		6.66667		0.10399		252.436
-5.35705e+07		-2.63386		6.66667		0.132464		252.735
-4.84686e+07		-2.63386		6.66667		0.138139		253.034
-4.33666e+07		-2.63386		6.66667		0.130532		253.334
-3.82646e+07		-2.63386		6.66667		0.147227		253.632
-3.31627e+07		-2.63386		6.66667		0.0894093		253.931
-2.80607e+07		-2.63386		6.66667		0.0721072		254.232
-2.29588e+07		-2.63386		6.66667		0.159423		254.53
-1.78568e+07		-2.63386		6.66667		0.047808		254.828
-1.27549e+07		-2.63386		6.66667		0.0594028		255.127
-7.65293e+06		-2.63386		6.66667		0.16		255.425
-2.55098e+06		-2.63386		6.66667		0.0485912		255.723
2.55098e+06		-2.63386		6.66667		0.0485912		256.021
7.65293e+06		-2.63386		6.66667		0.16		256.319
1.27549e+07		-2.63386		6.66667		0.0594028		256.617
1.78568e+07		-2.63386		6.66667		0.047808		256.916
2.29588e+07		-2.63386		6.66667		0.159423		257.214
2.80607e+07		-2.63386		6.66667		0.0721072		257.512
3.31627e+07		-2.63386		6.66667		0.0894093		257.81
3.82646e+07		-2.63386		6.66667		0.147227		258.11
4.33666e+07		-2.63386		6.66667		0.130532		258.409
4.84686e+07		-2.63386		6.66667		0.138139		258.708
5.35705e+07		-2.63386		6.66667		0.132464		259.006
5.86725e+07		-2.63386		6.66667		0.10399		259.305
6.37744e+07		-2.63386		6.66667		0.105311		259.604
6.88764e+07		-2.63386		6.66667		0.153193		259.902
7.39783e+07		-2.63386		6.66667		0.172059		260.201
7.90803e+07		-2.63386		6.66667		0.171576		260.5
8.41822e+07		-2.63386		6.66667		0.0907682		260.799
8.92842e+07		-2.63386		6.66667		0.129383		261.098
9.43861e+07		-2.63386		6.66667		0.059883		261.397
9.94881e+07		-2.63386		6.66667		0.278974		261.696
1.0459e+08		-2.63386		6.66667		0.335091		261.994
1.09692e+08		-2.63386		6.66667		0.265025		262.293
1.14794e+08		-2.63386		6.66667		0.257569		262.592
1.19896e+08		-2.63386		6.66667		0.180027		262.89
1.24998e+08		-2.63386		6.66667		0.0957298		263.189
1.301e+08		-2.63386		6.66667		0.215752		263.516
1.35202e+08		-2.63386		6.66667		0.331132		263.815
1.40304e+08		-2.63386		6.66667		0.234508		264.113
1.45406e+08		-2.63386		6.66667		0.194613		264.412
1.50508e+08		-2.63386		6.66667		0.14852		264.71
1.5561e+08		-2.63386		6.66667		0.0939867		265.008
1.60712e+08		-2.63386		6.66667		0.363573		265.318
1.65813e+08		-2.63386		6.66667		0.302181		265.617
1.70915e+08		-2.63386		6.66667		0.241556		265.915
1.76017e+08		-2.63386		6.66667		0.0352455		266.214
1.81119e+08		-2.63386		6.66667		0.285855		266.512
1.86221e+08		-2.63386		6.66667		0.183148		266.81
1.91323e+08		-2.63386		6.66667		0.13153		267.109
1.96425e+08		-2.63386		6.66667		0.311594		267.407
2.01527e+08		-2.63386		6.66667		0.162555		267.705
2.06629e+08		-2.63386		6.66667		0.194931		268.003
2.11731e+08		-2.63386		6.66667		0.2753		268.302
2.16833e+08		-2.63386		6.66667		0.237928		268.601
2.21935e+08		-2.63386		6.66667		0.168922		268.9
2.27037e+08		-2.63386		6.66667		0.187874		269.198
2.32139e+08		-2.63386		6.66667		0.155284		269.501
2.37241e+08		-2.63386		6.66667		0.116496		269.8
2.42343e+08		-2.63386		6.66667		0.187003		270.099
2.47445e+08		-2.63386		6.66667		0.155328		270.398
2.52547e+08		-2.63386		6.66667		0.136649		270.697

-2.52547e+08		-2.57039		6.66667		0.11236		270.997
-2.47445e+08		-2.57039		6.66667		0.129729		271.296
-2.42343e+08		-2.57039		6.66667		0.165231		271.595
-2.37241e+08		-2.57039		6.66667		0.0896418		271.894
-2.32139e+08		-2.57039		6.66667		0.132552		272.192
-2.27037e+08		-2.57039		6.66667		0.166214		272.491
-2.21935e+08		-2.57039		6.66667		0.151997		272.79
-2.16833e+08		-2.57039		6.66667		0.219902		273.088
-2.11731e+08		-2.57039		6.66667		0.261286		273.388
-2.06629e+08		-2.57039		6.66667		0.183782		273.686
-2.01527e+08		-2.57039		6.66667		0.141616		273.985
-1.96425e+08		-2.57039		6.66667		0.300506		274.292
-1.91323e+08		-2.57039		6.66667		0.101895		274.591
-1.86221e+08		-2.57039		6.66667		0.163801		274.889
-1.81119e+08		-2.57039		6.66667		0.274637		275.221
-1.76017e+08		-2.57039		6.66667		0.0555946		275.52
-1.70915e+08		-2.57039		6.66667		0.230227		275.819
-1.65813e+08		-2.57039		6.66667		0.291862		276.118
-1.60712e+08		-2.57039		6.66667		0.359882		276.416
-1.5561e+08		-2.57039		6.66667		0.100414		276.714
-1.50508e+08		-2.57039		6.66667		0.12531		277.013
-1.45406e+08		-2.57039		6.66667		0.178536		277.312
-1.40304e+08		-2.57039		6.66667		0.222209		277.609
-1.35202e+08		-2.57039		6.66667		0.328519		277.908
-1.301e+08		-2.57039		6.66667		0.215426		278.208
-1.24998e+08		-2.57039		6.66667		0.0795491		278.507
-1.19896e+08		-2.57039		6.66667		0.157602		278.805
-1.14794e+08		-2.57039		6.66667		0.245477		279.104
-1.09692e+08		-2.57039		6.66667		0.263885		279.402
-1.0459e+08		-2.57039		6.66667		0.334323		279.699
-9.94881e+07		-2.57039		6.66667		0.282288		279.996
-9.43861e+07		-2.57039		6.66667		0.0403927		280.294
-8.92842e+07		-2.57039		6.66667		0.113543		280.593
-8.41822e+07		-2.57039		6.66667		0.10911		280.891
-7.90803e+07		-2.57039		6.66667		0.143558		281.188
-7.39783e+07		-2.57039		6.66667		0.150369		281.486
-6.88764e+07		-2.57039		6.66667		0.151986		281.785
-6.37744e+07		-2.57039		6.66667		0.0787287		282.083
-5.86725e+07		-2.57039		6.66667		0.0845324		282.382
-5.35705e+07		-2.57039		6.66667		0.111253		282.681
-4.84686e+07		-2.57039		6.66667		0.136742		282.98
-4.33666e+07		-2.57039		6.66667		0.130523		283.279
-3.82646e+07		-2.57039		6.66667		0.119537		283.578
-3.31627e+07		-2.57039		6.66667		0.0984931		283.877
-2.80607e+07		-2.57039		6.66667		0.0849503		284.176
-2.29588e+07		-2.57039		6.66667		0.130326		284.476
-1.78568e+07		-2.57039		6.66667		0.0651422		284.775
-1.27549e+07		-2.57039		6.66667		0.0781139		285.103
-7.65293e+06		-2.57039		6.66667		0.129348		285.401
-2.55098e+06		-2.57039		6.66667		0.0679195		285.7
2.55098e+06		-2.57039		6.66667		0.0679195		285.999
7.65293e+06		-2.57039		6.66667		0.129348		286.297
1.27549e+07		-2.57039		6.66667		0.0781139		286.595
1.78568e+07		-2.57039		6.66667		0.0651422		286.894
2.29588e+07		-2.57039		6.66667		0.130326		287.191
2.80607e+07		-2.57039		6.66667		0.0849503		287.489
3.31627e+07		-2.57039		6.66667		0.0984931		287.788
3.82646e+07		-2.57039		6.66667		0.119537		288.086
4.33666e+07		-2.57039		6.66667		0.130523		288.384
4.84686e+07		-2.57039		6.66667		0.136742		288.683
5.35705e+07		-2.57039		6.66667		0.111253		288.982
5.86725e+07		-2.57039		6.66667		0.0845324		289.281
6.37744e+07		-2.57039		6.66667		0.0787287		289.58
6.88764e+07		-2.57039		6.66667		0.151986		289.879
7.39783e+07		-2.57039		6.66667		0.150369		290.178
7.90803e+07		-2.57039		6.66667		0.143558		290.477
8.41822e+07		-2.57039		6.66667		0.10911		290.776
8.92842e+07		-2.57039		6.66667		0.113543		291.074
9.43861e+07		-2.57039		6.66667		0.0403927		291.373
9.94881e+07		-2.57039		6.66667		0.282288		291.672
1.0459e+08		-2.57039		6.66667		0.334323		291.971
1.09692e+08		-2.57039		6.66667		0.263885		292.27
1.14794e+08		-2.57039		6.66667		0.245477		292.569
1.19896e+08		-2.57039		6.66667		0.157602		292.868
1.24998e+08		-2.57039		6.66667		0.0795491		293.167
1.301e+08		-2.57039		6.66667		0.215426		293.467
1.35202e+08		-2.57039		6.66667		0.328519		293.766
1.40304e+08		-2.57039		6.66667		0.222209		294.065
1.45406e+08		-2.57039		6.66667		0.178536		294.364
1.50508e+08		-2.57039		6.66667		0.12531		294.664
1.5561e+08		-2.57039		6.66667		0.100414		294.964
1.60712e+08		-2.57039		6.66667		0.359882		295.29
1.65813e+08		-2.57039		6.66667		0.291862		295.588
1.70915e+08		-2.57039		6.66667		0.230227		295.886
1.76017e+08		-2.57039		6.66667		0.0555946		296.186
1.81119e+08		-2.57039		6.66667		0.274637		296.483
1.86221e+08		-2.57039		6.66667		0.163801		296.782
1.91323e+08		-2.57039		6.66667		0.101895		297.081
1.96425e+08		-2.57039		6.66667		0.300506		297.38
2.01527e+08		-2.57039		6.66667		0.141616		297.678
2.06629e+08		-2.57039		6.66667		0.183782		297.976
2.11731e+08		-2.57039		6.66667		0.261286		298.275
2.16833e+08		-2.57039		6.66667		0.219902		298.574
2.21935e+08		-2.57039		6.66667		0.151997		298.873
2.27037e+08		-2.57039		6.66667		0.166214		299.171
2.32139e+08		-2.57039		6.66667		0.132552		299.469
2.37241e+08		-2.57039		6.66667		0.0896418		299.768
2.42343e+08		-2.57039		6.66667		0.165231		300.066
2.47445e+08		-2.57039		6.66667		0.129729		300.364
2.52547e+08		-2.57039		6.66667		0.11236		300.664

-2.52547e+08		-2.50693		6.66667		0.0911082		300.963
-2.47445e+08		-2.50693		6.66667		0.106692		301.262
-2.42343e+08		-2.50693		6.66667		0.146699		301.561
-2.37241e+08		-2.50693		6.66667		0.0628576		301.86
-2.32139e+08		-2.50693		6.66667		0.112512		302.159
-2.27037e+08		-2.50693		6.66667		0.147848		302.457
-2.21935e+08		-2.50693		6.66667		0.138467		302.756
-2.16833e+08		-2.50693		6.66667		0.205056		303.055
-2.11731e+08		-2.50693		6.66667		0.250441		303.354
-2.06629e+08		-2.50693		6.66667		0.175853		303.653
-2.01527e+08		-2.50693		6.66667		0.124415		303.952
-1.96425e+08		-2.50693		6.66667		0.292271		304.251
-1.91323e+08		-2.50693		6.66667		0.0719888		304.55
-1.86221e+08		-2.50693		6.66667		0.148331		304.851
-1.81119e+08		-2.50693		6.66667		0.266506		305.151
-1.76017e+08		-2.50693		6.66667		0.0773425		305.451
-1.70915e+08		-2.50693		6.66667		0.221937		305.752
-1.65813e+08		-2.50693		6.66667		0.28446		306.051
-1.60712e+08		-2.50693		6.66667		0.357684		306.352
-1.5561e+08		-2.50693		6.66667		0.111098		306.652
-1.50508e+08		-2.50693		6.66667		0.104806		306.952
-1.45406e+08		-2.50693		6.66667		0.166284		307.258
-1.40304e+08		-2.50693		6.66667		0.21337		307.557
-1.35202e+08		-2.50693		6.66667		0.327352		307.856
-1.301e+08		-2.50693		6.66667		0.217338		308.155
-1.24998e+08		-2.50693		6.66667		0.0680117		308.455
-1.19896e+08		-2.50693		6.66667		0.13793		308.755
-1.14794e+08		-2.50693		6.66667		0.236167		309.053
-1.09692e+08		-2.50693		6.66667		0.265192		309.353
-1.0459e+08		-2.50693		6.66667		0.335438		309.664
-9.94881e+07		-2.50693		6.66667		0.287113		309.962
-9.43861e+07		-2.50693		6.66667		0.0304876		310.262
-8.92842e+07		-2.50693		6.66667		0.101765		310.561
-8.41822e+07		-2.50693		6.66667		0.12895		310.859
-7.90803e+07		-2.50693		6.66667		0.116956		311.159
-7.39783e+07		-2.50693		6.66667		0.131822		311.459
-6.88764e+07		-2.50693		6.66667		0.153808		311.757
-6.37744e+07		-2.50693		6.66667		0.0518018		312.056
-5.86725e+07		-2.50693		6.66667		0.0687633		312.355
-5.35705e+07		-2.50693		6.66667		0.0926051		312.654
-4.84686e+07		-2.50693		6.66667		0.139086		312.953
-4.33666e+07		-2.50693		6.66667		0.134134		313.253
-3.82646e+07		-2.50693		6.66667		0.0930685		313.557
-3.31627e+07		-2.50693		6.66667		0.111277		313.857
-2.80607e+07		-2.50693		6.66667		0.101089		314.155
-2.29588e+07		-2.50693		6.66667		0.102232		314.453
-1.78568e+07		-2.50693		6.66667		0.084781		314.753
-1.27549e+07		-2.50693		6.66667		0.0983873		315.052
-7.65293e+06		-2.50693		6.66667		0.0987853		315.35
-2.55098e+06		-2.50693		6.66667		0.0886634		315.66
2.55098e+06		-2.50693		6.66667		0.0886634		315.957
7.65293e+06		-2.50693		6.66667		0.0987853		316.255
1.27549e+07		-2.50693		6.66667		0.0983873		316.554
1.78568e+07		-2.50693		6.66667		0.084781		316.88
2.29588e+07		-2.50693		6.66667		0.102232		317.179
2.80607e+07		-2.50693		6.66667		0.101089		317.478
3.31627e+07		-2.50693		6.66667		0.111277		317.777
3.82646e+07		-2.50693		6.66667		0.0930685		318.074
4.33666e+07		-2.50693		6.66667		0.134134		318.371
4.84686e+07		-2.50693		6.66667		0.139086		318.669
5.35705e+07		-2.50693		6.66667		0.0926051		318.968
5.86725e+07		-2.50693		6.66667		0.0687633		319.266
6.37744e+07		-2.50693		6.66667		0.0518018		319.567
6.88764e+07		-2.50693		6.66667		0.153808		319.866
7.39783e+07		-2.50693		6.66667		0.131822		320.164
7.90803e+07		-2.50693		6.66667		0.116956		320.462
8.41822e+07		-2.50693		6.66667		0.12895		320.76
8.92842e+07		-2.50693		6.66667		0.101765		321.058
9.43861e+07		-2.50693		6.66667		0.0304876		321.357
9.94881e+07		-2.50693		6.66667		0.287113		321.664
1.0459e+08		-2.50693		6.66667		0.335438		321.961
1.09692e+08		-2.50693		6.66667		0.265192		322.26
1.14794e+08		-2.50693		6.66667		0.236167		322.559
1.19896e+08		-2.50693		6.66667		0.13793		322.857
1.24998e+08		-2.50693		6.66667		0.0680117		323.157
1.301e+08		-2.50693		6.66667		0.217338		323.455
1.35202e+08		-2.50693		6.66667		0.327352		323.767
1.40304e+08		-2.50693		6.66667		0.21337		324.066
1.45406e+08		-2.50693		6.66667		0.166284		324.365
1.50508e+08		-2.50693		6.66667		0.104806		324.665
1.5561e+08		-2.50693		6.66667		0.111098		324.965
1.60712e+08		-2.50693		6.66667		0.357684		325.263
1.65813e+08		-2.50693		6.66667		0.28446		325.563
1.70915e+08		-2.50693		6.66667		0.221937		325.862
1.76017e+08		-2.50693		6.66667		0.0773425		326.162
1.81119e+08		-2.50693		6.66667		0.266506		326.461
1.86221e+08		-2.50693		6.66667		0.148331		326.76
1.91323e+08		-2.50693		6.66667		0.0719888		327.059
1.96425e+08		-2.50693		6.66667		0.292271		327.358
2.01527e+08		-2.50693		6.66667		0.124415		327.665
2.06629e+08		-2.50693		6.66667		0.175853		327.965
2.11731e+08		-2.50693		6.66667		0.250441		328.264
2.16833e+08		-2.50693		6.66667		0.205056		328.591
2.21935e+08		-2.50693		6.66667		0.138467		328.889
2.27037e+08		-2.50693		6.66667		0.147848		329.187
2.32139e+08		-2.50693		6.66667		0.112512		329.489
2.37241e+08		-2.50693		6.66667		0.0628576		329.788
2.42343e+08		-2.50693		6.66667		0.146699		330.088
2.47445e+08		-2.50693		6.66667		0.106692		330.387
2.52547e+08		-2.50693		6.66667		0.0911082		330.685

-2.52547e+08		-2.44346		6.66667		0.0758477		330.984
-2.47445e+08		-2.44346		6.66667		0.088381		331.283
-2.42343e+08		-2.44346		6.66667		0.132858		331.584
-2.37241e+08		-2.44346		6.66667		0.0379655		331.883
-2.32139e+08		-2.44346		6.66667		0.0973069		332.181
-2.27037e+08		-2.44346		6.66667		0.134216		332.478
-2.21935e+08		-2.44346		6.66667		0.129876		332.776
-2.16833e+08		-2.44346		6.66667		0.194164		333.074
-2.11731e+08		-2.44346		6.66667		0.243249		333.372
-2.06629e+08		-2.44346		6.66667		0.172032		333.679
-2.01527e+08		-2.44346		6.66667		0.112879		333.978
-1.96425e+08		-2.44346		6.66667		0.287242		334.275
-1.91323e+08		-2.44346		6.66667		0.0419071		334.573
-1.86221e+08		-2.44346		6.66667		0.138142		334.871
-1.81119e+08		-2.44346		6.66667		0.261847		335.168
-1.76017e+08		-2.44346		6.66667		0.1003		335.466
-1.70915e+08		-2.44346		6.66667		0.217288		335.774
-1.65813e+08		-2.44346		6.66667		0.280334		336.072
-1.60712e+08		-2.44346		6.66667		0.35744		336.37
-1.5561e+08		-2.44346		6.66667		0.125571		336.668
-1.50508e+08		-2.44346		6.66667		0.0893302		336.967
-1.45406e+08		-2.44346		6.66667		0.158912		337.266
-1.40304e+08		-2.44346		6.66667		0.208611		337.564
-1.35202e+08		-2.44346		6.66667		0.328094		337.864
-1.301e+08		-2.44346		6.66667		0.221886		338.163
-1.24998e+08		-2.44346		6.66667		0.0649214		338.496
-1.19896e+08		-2.44346		6.66667		0.122539		338.795
-1.14794e+08		-2.44346		6.66667		0.230212		339.094
-1.09692e+08		-2.44346		6.66667		0.26917		339.393
-1.0459e+08		-2.44346		6.66667		0.338663		339.696
-9.94881e+07		-2.44346		6.66667		0.293721		339.994
-9.43861e+07		-2.44346		6.66667		0.0400864		340.292
-8.92842e+07		-2.44346		6.66667		0.0962829		340.59
-8.41822e+07		-2.44346		6.66667		0.15011		340.888
-7.90803e+07		-2.44346		6.66667		0.0930161		341.186
-7.39783e+07		-2.44346		6.66667		0.118125		341.484
-6.88764e+07		-2.44346		6.66667		0.159122		341.793
-6.37744e+07		-2.44346		6.66667		0.0258145		342.092
-5.86725e+07		-2.44346		6.66667		0.0608494		342.391
-5.35705e+07		-2.44346		6.66667		0.0792036		342.689
-4.84686e+07		-2.44346		6.66667		0.145563		342.987
-4.33666e+07		-2.44346		6.66667		0.141679		343.286
-3.82646e+07		-2.44346		6.66667		0.0695731		343.583
-3.31627e+07		-2.44346		6.66667		0.127225		343.882
-2.80607e+07		-2.44346		6.66667		0.119784		344.18
-2.29588e+07		-2.44346		6.66667		0.0763109		344.478
-1.78568e+07		-2.44346		6.66667		0.106103		344.776
-1.27549e+07		-2.44346		6.66667		0.119985		345.073
-7.65293e+06		-2.44346		6.66667		0.0684715		345.37
-2.55098e+06		-2.44346		6.66667		0.110642		345.672
2.55098e+06		-2.44346		6.66667		0.110642		345.97
7.65293e+06		-2.44346		6.66667		0.0684715		346.268
1.27549e+07		-2.44346		6.66667		0.119985		346.567
1.78568e+07		-2.44346		6.66667		0.106103		346.865
2.29588e+07		-2.44346		6.66667		0.0763109		347.163
2.80607e+07		-2.44346		6.66667		0.119784		347.462
3.31627e+07		-2.44346		6.66667		0.127225		347.761
3.82646e+07		-2.44346		6.66667		0.0695731		348.06
4.33666e+07		-2.44346		6.66667		0.141679		348.359
4.84686e+07		-2.44346		6.66667		0.145563		348.684
5.35705e+07		-2.44346		6.66667		0.0792036		348.982
5.86725e+07		-2.44346		6.66667		0.0608494		349.279
6.37744e+07		-2.44346		6.66667		0.0258145		349.577
6.88764e+07		-2.44346		6.66667		0.159122		349.875
7.39783e+07		-2.44346		6.66667		0.118125		350.173
7.90803e+07		-2.44346		6.66667		0.0930161		350.472
8.41822e+07		-2.44346		6.66667		0.15011		350.769
8.92842e+07		-2.44346		6.66667		0.0962829		351.068
9.43861e+07		-2.44346		6.66667		0.0400864		351.366
9.94881e+07		-2.44346		6.66667		0.293721		351.664
1.0459e+08		-2.44346		6.66667		0.338663		351.961
1.09692e+08		-2.44346		6.66667		0.26917		352.26
1.14794e+08		-2.44346		6.66667		0.230212		352.558
1.19896e+08		-2.44346		6.66667		0.122539		352.856
1.24998e+08		-2.44346		6.66667		0.0649214		353.154
1.301e+08		-2.44346		6.66667		0.221886		353.452
1.35202e+08		-2.44346		6.66667		0.328094		353.754
1.40304e+08		-2.44346		6.66667		0.208611		354.051
1.45406e+08		-2.44346		6.66667		0.158912		354.35
1.50508e+08		-2.44346		6.66667		0.0893302		354.648
1.5561e+08		-2.44346		6.66667		0.125571		354.947
1.60712e+08		-2.44346		6.66667		0.35744		355.246
1.65813e+08		-2.44346		6.66667		0.280334		355.545
1.70915e+08		-2.44346		6.66667		0.217288		355.853
1.76017e+08		-2.44346		6.66667		0.1003		356.152
1.81119e+08		-2.44346		6.66667		0.261847		356.45
1.86221e+08		-2.44346		6.66667		0.138142		356.75
1.91323e+08		-2.44346		6.66667		0.0419071		357.049
1.96425e+08		-2.44346		6.66667		0.287242		357.348
2.01527e+08		-2.44346		6.66667		0.112879		357.648
2.06629e+08		-2.44346		6.66667		0.172032		357.947
2.11731e+08		-2.44346		6.66667		0.243249		358.247
2.16833e+08		-2.44346		6.66667		0.194164		358.547
2.21935e+08		-2.44346		6.66667		0.129876		358.846
2.27037e+08		-2.44346		6.66667		0.134216		359.144
2.32139e+08		-2.44346		6.66667		0.0973069		359.444
2.37241e+08		-2.44346		6.66667		0.0379655		359.747
2.42343e+08		-2.44346		6.66667		0.132858		360.046
2.47445e+08		-2.44346		6.66667		0.088381		360.345
2.52547e+08		-2.44346		6.66667		0.0758477		360.644

-2.52547e+08		-2.37999		6.66667		0.070827		360.944
-2.47445e+08		-2.37999		6.66667		0.078285		361.243
-2.42343e+08		-2.37999		6.66667		0.125334		361.541
-2.37241e+08		-2.37999		6.66667		0.0244047		361.85
-2.32139e+08		-2.37999		6.66667		0.0897809		362.149
-2.27037e+08		-2.37999		6.66667		0.126907		362.448
-2.21935e+08		-2.37999		6.66667		0.127571		362.747
-2.16833e+08		-2.37999		6.66667		0.187943		363.045
-2.11731e+08		-2.37999		6.66667		0.240077		363.344
-2.06629e+08		-2.37999		6.66667		0.172913		363.643
-2.01527e+08		-2.37999		6.66667		0.108968		363.941
-1.96425e+08		-2.37999		6.66667		0.285658		364.24
-1.91323e+08		-2.37999		6.66667		0.0117758		364.539
-1.86221e+08		-2.37999		6.66667		0.134499		364.837
-1.81119e+08		-2.37999		6.66667		0.260911		365.135
-1.76017e+08		-2.37999		6.66667		0.124296		365.434
-1.70915e+08		-2.37999		6.66667		0.216683		365.736
-1.65813e+08		-2.37999		6.66667		0.279707		366.034
-1.60712e+08		-2.37999		6.66667		0.359447		366.333
-1.5561e+08		-2.37999		6.66667		0.143139		366.632
-1.50508e+08		-2.37999		6.66667		0.0820827		366.93
-1.45406e+08		-2.37999		6.66667		0.157216		367.228
-1.40304e+08		-2.37999		6.66667		0.208321		367.527
-1.35202e+08		-2.37999		6.66667		0.331051		367.828
-1.301e+08		-2.37999		6.66667		0.229266		368.128
-1.24998e+08		-2.37999		6.66667		0.0722148		368.428
-1.19896e+08		-2.37999		6.66667		0.113306		368.726
-1.14794e+08		-2.37999		6.66667		0.228026		369.024
-1.09692e+08		-2.37999		6.66667		0.275909		369.322
-1.0459e+08		-2.37999		6.66667		0.344138		369.62
-9.94881e+07		-2.37999		6.66667		0.30228		369.919
-9.43861e+07		-2.37999		6.66667		0.0613437		370.246
-8.92842e+07		-2.37999		6.66667		0.0986645		370.545
-8.41822e+07		-2.37999		6.66667		0.172425		370.843
-7.90803e+07		-2.37999		6.66667		0.0743351		371.142
-7.39783e+07		-2.37999		6.66667		0.111216		371.44
-6.88764e+07		-2.37999		6.66667		0.16803		371.738
-6.37744e+07		-2.37999		6.66667		0.01527		372.038
-5.86725e+07		-2.37999		6.66667		0.0646013		372.336
-5.35705e+07		-2.37999		6.66667		0.0745729		372.634
-4.84686e+07		-2.37999		6.66667		0.156089		372.933
-4.33666e+07		-2.37999		6.66667		0.153026		373.231
-3.82646e+07		-2.37999		6.66667		0.0534008		373.53
-3.31627e+07		-2.37999		6.66667		0.145731		373.829
-2.80607e+07		-2.37999		6.66667		0.140448		374.127
-2.29588e+07		-2.37999		6.66667		0.0556814		374.425
-1.78568e+07		-2.37999		6.66667		0.12874		374.723
-1.27549e+07		-2.37999		6.66667		0.142712		375.021
-7.65293e+06		-2.37999		6.66667		0.0389615		375.318
-2.55098e+06		-2.37999		6.66667		0.13369		375.616
2.55098e+06		-2.37999		6.66667		0.13369		375.914
7.65293e+06		-2.37999		6.66667		0.0389615		376.211
1.27549e+07		-2.37999		6.66667		0.142712		376.509
1.78568e+07		-2.37999		6.66667		0.12874		376.808
2.29588e+07		-2.37999		6.66667		0.0556814		377.106
2.80607e+07		-2.37999		6.66667		0.140448		377.404
3.31627e+07		-2.37999		6.66667		0.145731		377.703
3.82646e+07		-2.37999		6.66667		0.0534008		378.002
4.33666e+07		-2.37999		6.66667		0.153026		378.315
4.84686e+07		-2.37999		6.66667		0.156089		378.614
5.35705e+07		-2.37999		6.66667		0.0745729		378.912
5.86725e+07		-2.37999		6.66667		0.0646013		379.21
6.37744e+07		-2.37999		6.66667		0.01527		379.51
6.88764e+07		-2.37999		6.66667		0.16803		379.809
7.39783e+07		-2.37999		6.66667		0.111216		380.109
7.90803e+07		-2.37999		6.66667		0.0743351		380.408
8.41822e+07		-2.37999		6.66667		0.172425		380.707
8.92842e+07		-2.37999		6.66667		0.0986645		381.007
9.43861e+07		-2.37999		6.66667		0.0613437		381.306
9.94881e+07		-2.37999		6.66667		0.30228		381.605
1.0459e+08		-2.37999		6.66667		0.344138		381.932
1.09692e+08		-2.37999		6.66667		0.275909		382.231
1.14794e+08		-2.37999		6.66667		0.228026		382.529
1.19896e+08		-2.37999		6.66667		0.113306		382.829
1.24998e+08		-2.37999		6.66667		0.0722148		383.128
1.301e+08		-2.37999		6.66667		0.229266		383.426
1.35202e+08		-2.37999		6.66667		0.331051		383.725
1.40304e+08		-2.37999		6.66667		0.208321		384.033
1.45406e+08		-2.37999		6.66667		0.157216		384.332
1.50508e+08		-2.37999		6.66667		0.0820827		384.631
1.5561e+08		-2.37999		6.66667		0.143139		384.93
1.60712e+08		-2.37999		6.66667		0.359447		385.229
1.65813e+08		-2.37999		6.66667		0.279707		385.527
1.70915e+08		-2.37999		6.66667		0.216683		385.826
1.76017e+08		-2.37999		6.66667		0.124296		386.124
1.81119e+08		-2.37999		6.66667		0.260911		386.422
1.86221e+08		-2.37999		6.66667		0.134499		386.72
1.91323e+08		-2.37999		6.66667		0.0117758		387.019
1.96425e+08		-2.37999		6.66667		0.285658		387.318
2.01527e+08		-2.37999		6.66667		0.108968		387.617
2.06629e+08		-2.37999		6.66667		0.172913		387.919
2.11731e+08		-2.37999		6.66667		0.240077		388.218
2.16833e+08		-2.37999		6.66667		0.187943		388.516
2.21935e+08		-2.37999		6.66667		0.127571		388.815
2.27037e+08		-2.37999		6.66667		0.126907		389.113
2.32139e+08		-2.37999		6.66667		0.0897809		389.414
2.37241e+08		-2.37999		6.66667		0.0244047		389.716
2.42343e+08		-2.37999		6.66667		0.125334		390.027
2.47445e+08		-2.37999		6.66667		0.078285		390.326
2.52547e+08		-2.37999		6.66667		0.070827		390.625

-2.52547e+08		-2.31653		6.66667		0.0781862		390.924
-2.47445e+08		-2.31653		6.66667		0.079644		391.224
-2.42343e+08		-2.31653		6.66667		0.125304		391.522
-2.37241e+08		-2.31653		6.66667		0.0384246		391.855
-2.32139e+08		-2.31653		6.66667		0.0920636		392.154
-2.27037e+08		-2.31653		6.66667		0.127046		392.453
-2.21935e+08		-2.31653		6.66667		0.132112		392.751
-2.16833e+08		-2.31653		6.66667		0.186864		393.05
-2.11731e+08		-2.31653		6.66667		0.241106		393.348
-2.06629e+08		-2.31653		6.66667		0.178645		393.647
-2.01527e+08		-2.31653		6.66667		0.113556		393.951
-1.96425e+08		-2.31653		6.66667		0.287617		394.249
-1.91323e+08		-2.31653		6.66667		0.0186356		394.549
-1.86221e+08		-2.31653		6.66667		0.13795		394.847
-1.81119e+08		-2.31653		6.66667		0.263775		395.145
-1.76017e+08		-2.31653		6.66667		0.149178		395.444
-1.70915e+08		-2.31653		6.66667		0.22026		395.742
-1.65813e+08		-2.31653		6.66667		0.282648		396.051
-1.60712e+08		-2.31653		6.66667		0.363865		396.35
-1.5561e+08		-2.31653		6.66667		0.163128		396.649
-1.50508e+08		-2.31653		6.66667		0.0853447		396.948
-1.45406e+08		-2.31653		6.66667		0.161433		397.247
-1.40304e+08		-2.31653		6.66667		0.212584		397.545
-1.35202e+08		-2.31653		6.66667		0.336387		397.844
-1.301e+08		-2.31653		6.66667		0.239471		398.142
-1.24998e+08		-2.31653		6.66667		0.0878244		398.441
-1.19896e+08		-2.31653		6.66667		0.111812		398.74
-1.14794e+08		-2.31653		6.66667		0.229809		399.039
-1.09692e+08		-2.31653		6.66667		0.28537		399.338
-1.0459e+08		-2.31653		6.66667		0.351908		399.636
-9.94881e+07		-2.31653		6.66667		0.312849		399.936
-9.43861e+07		-2.31653		6.66667		0.0864443		400.236
-8.92842e+07		-2.31653		6.66667		0.108712		400.536
-8.41822e+07		-2.31653		6.66667		0.195745		400.835
-7.90803e+07		-2.31653		6.66667		0.0654869		401.135
-7.39783e+07		-2.31653		6.66667		0.112412		401.435
-6.88764e+07		-2.31653		6.66667		0.180317		401.735
-6.37744e+07		-2.31653		6.66667		0.0379803		402.074
-5.86725e+07		-2.31653		6.66667		0.0788401		402.373
-5.35705e+07		-2.31653		6.66667		0.0806253		402.671
-4.84686e+07		-2.31653		6.66667		0.170222		402.97
-4.33666e+07		-2.31653		6.66667		0.167731		403.269
-3.82646e+07		-2.31653		6.66667		0.0520226		403.567
-3.31627e+07		-2.31653		6.66667		0.166255		403.865
-2.80607e+07		-2.31653		6.66667		0.162644		404.163
-2.29588e+07		-2.31653		6.66667		0.0476871		404.461
-1.78568e+07		-2.31653		6.66667		0.152439		404.759
-1.27549e+07		-2.31653		6.66667		0.166402		405.057
-7.65293e+06		-2.31653		6.66667		0.0154049		405.355
-2.55098e+06		-2.31653		6.66667		0.157657		405.654
2.55098e+06		-2.31653		6.66667		0.157657		405.959
7.65293e+06		-2.31653		6.66667		0.0154049		406.257
1.27549e+07		-2.31653		6.66667		0.166402		406.556
1.78568e+07		-2.31653		6.66667		0.152439		406.854
2.29588e+07		-2.31653		6.66667		0.0476871		407.152
2.80607e+07		-2.31653		6.66667		0.162644		407.451
3.31627e+07		-2.31653		6.66667		0.166255		407.75
3.82646e+07		-2.31653		6.66667		0.0520226		408.049
4.33666e+07		-2.31653		6.66667		0.167731		408.348
4.84686e+07		-2.31653		6.66667		0.170222		408.647
5.35705e+07		-2.31653		6.66667		0.0806253		408.946
5.86725e+07		-2.31653		6.66667		0.0788401		409.245
6.37744e+07		-2.31653		6.66667		0.0379803		409.545
6.88764e+07		-2.31653		6.66667		0.180317		409.844
7.39783e+07		-2.31653		6.66667		0.112412		410.143
7.90803e+07		-2.31653		6.66667		0.0654869		410.443
8.41822e+07		-2.31653		6.66667		0.195745		410.743
8.92842e+07		-2.31653		6.66667		0.108712		411.043
9.43861e+07		-2.31653		6.66667		0.0864443		411.342
9.94881e+07		-2.31653		6.66667		0.312849		411.642
1.0459e+08		-2.31653		6.66667		0.351908		411.941
1.09692e+08		-2.31653		6.66667		0.28537		412.24
1.14794e+08		-2.31653		6.66667		0.229809		412.54
1.19896e+08		-2.31653		6.66667		0.111812		412.839
1.24998e+08		-2.31653		6.66667		0.0878244		413.138
1.301e+08		-2.31653		6.66667		0.239471		413.437
1.35202e+08		-2.31653		6.66667		0.336387		413.736
1.40304e+08		-2.31653		6.66667		0.212584		414.046
1.45406e+08		-2.31653		6.66667		0.161433		414.344
1.50508e+08		-2.31653		6.66667		0.0853447		414.642
1.5561e+08		-2.31653		6.66667		0.163128		414.94
1.60712e+08		-2.31653		6.66667		0.363865		415.239
1.65813e+08		-2.31653		6.66667		0.282648		415.538
1.70915e+08		-2.31653		6.66667		0.22026		415.836
1.76017e+08		-2.31653		6.66667		0.149178		416.134
1.81119e+08		-2.31653		6.66667		0.263775		416.432
1.86221e+08		-2.31653		6.66667		0.13795		416.73
1.91323e+08		-2.31653		6.66667		0.0186356		417.029
1.96425e+08		-2.31653		6.66667		0.287617		417.327
2.01527e+08		-2.31653		6.66667		0.113556		417.625
2.06629e+08		-2.31653		6.66667		0.178645		417.928
2.11731e+08		-2.31653		6.66667		0.241106		418.227
2.16833e+08		-2.31653		6.66667		0.186864		418.526
2.21935e+08		-2.31653		6.66667		0.132112		418.826
2.27037e+08		-2.31653		6.66667		0.127046		419.125
2.32139e+08		-2.31653		6.66667		0.0920636		419.423
2.37241e+08		-2.31653		6.66667		0.0384246		419.723
2.42343e+08		-2.31653		6.66667		0.125304		420.022
2.47445e+08		-2.31653		6.66667		0.079644		420.321
2.52547e+08		-2.31653		6.66667		0.0781862		420.62

-2.52547e+08		-2.25306		6.66667		0.0951481		420.919
-2.47445e+08		-2.25306		6.66667		0.0919551		421.218
-2.42343e+08		-2.25306		6.66667		0.132779		421.518
-2.37241e+08		-2.25306		6.66667		0.0642354		421.818
-2.32139e+08		-2.25306		6.66667		0.103629		422.116
-2.27037e+08		-2.25306		6.66667		0.13461		422.415
-2.21935e+08		-2.25306		6.66667		0.142987		422.714
-2.16833e+08		-2.25306		6.66667		0.190999		423.012
-2.11731e+08		-2.25306		6.66667		0.246287		423.31
-2.06629e+08		-2.25306		6.66667		0.188927		423.637
-2.01527e+08		-2.25306		6.66667		0.125748		423.935
-1.96425e+08		-2.25306		6.66667		0.293067		424.234
-1.91323e+08		-2.25306		6.66667		0.0488424		424.533
-1.86221e+08		-2.25306		6.66667		0.147993		424.831
-1.81119e+08		-2.25306		6.66667		0.270338		425.13
-1.76017e+08		-2.25306		6.66667		0.174811		425.429
-1.70915e+08		-2.25306		6.66667		0.227878		425.727
-1.65813e+08		-2.25306		6.66667		0.289063		426.025
-1.60712e+08		-2.25306		6.66667		0.370737		426.324
-1.5561e+08		-2.25306		6.66667		0.18498		426.623
-1.50508e+08		-2.25306		6.66667		0.0981204		426.921
-1.45406e+08		-2.25306		6.66667		0.171143		427.22
-1.40304e+08		-2.25306		6.66667		0.221162		427.518
-1.35202e+08		-2.25306		6.66667		0.344139		427.817
-1.301e+08		-2.25306		6.66667		0.252341		428.116
-1.24998e+08		-2.25306		6.66667		0.108485		428.416
-1.19896e+08		-2.25306		6.66667		0.118335		428.714
-1.14794e+08		-2.25306		6.66667		0.235511		429.013
-1.09692e+08		-2.25306		6.66667		0.297409		429.312
-1.0459e+08		-2.25306		6.66667		0.36194		429.61
-9.94881e+07		-2.25306		6.66667		0.325404		429.909
-9.43861e+07		-2.25306		6.66667		0.113088		430.207
-8.92842e+07		-2.25306		6.66667		0.12476		430.505
-8.41822e+07		-2.25306		6.66667		0.219932		430.804
-7.90803e+07		-2.25306		6.66667		0.0701523		431.103
-7.39783e+07		-2.25306		6.66667		0.121469		431.402
-6.88764e+07		-2.25306		6.66667		0.195569		431.702
-6.37744e+07		-2.25306		6.66667		0.0658083		432.001
-5.86725e+07		-2.25306		6.66667		0.0994019		432.3
-5.35705e+07		-2.25306		6.66667		0.0955409		432.598
-4.84686e+07		-2.25306		6.66667		0.187357		432.897
-4.33666e+07		-2.25306		6.66667		0.185222		433.196
-3.82646e+07		-2.25306		6.66667		0.0663496		433.496
-3.31627e+07		-2.25306		6.66667		0.18836		433.795
-2.80607e+07		-2.25306		6.66667		0.186045		434.097
-2.29588e+07		-2.25306		6.66667		0.0576846		434.396
-1.78568e+07		-2.25306		6.66667		0.177006		434.696
-1.27549e+07		-2.25306		6.66667		0.190908		434.995
-7.65293e+06		-2.25306		6.66667		0.0287784		435.321
-2.55098e+06		-2.25306		6.66667		0.182405		435.62
2.55098e+06		-2.25306		6.66667		0.182405		435.918
7.65293e+06		-2.25306		6.66667		0.0287784		436.216
1.27549e+07		-2.25306		6.66667		0.190908		436.515
1.78568e+07		-2.25306		6.66667		0.177006		436.813
2.29588e+07		-2.25306		6.66667		0.0576846		437.112
2.80607e+07		-2.25306		6.66667		0.186045		437.41
3.31627e+07		-2.25306		6.66667		0.18836		437.708
3.82646e+07		-2.25306		6.66667		0.0663496		438.017
4.33666e+07		-2.25306		6.66667		0.185222		438.314
4.84686e+07		-2.25306		6.66667		0.187357		438.612
5.35705e+07		-2.25306		6.66667		0.0955409		438.909
5.86725e+07		-2.25306		6.66667		0.0994019		439.208
6.37744e+07		-2.25306		6.66667		0.0658083		439.506
6.88764e+07		-2.25306		6.66667		0.195569		439.804
7.39783e+07		-2.25306		6.66667		0.121469		440.102
7.90803e+07		-2.25306		6.66667		0.0701523		440.399
8.41822e+07		-2.25306		6.66667		0.219932		440.698
8.92842e+07		-2.25306		6.66667		0.12476		440.995
9.43861e+07		-2.25306		6.66667		0.113088		441.294
9.94881e+07		-2.25306		6.66667		0.325404		441.592
1.0459e+08		-2.25306		6.66667		0.36194		441.892
1.09692e+08		-2.25306		6.66667		0.297409		442.189
1.14794e+08		-2.25306		6.66667		0.235511		442.488
1.19896e+08		-2.25306		6.66667		0.118335		442.786
1.24998e+08		-2.25306		6.66667		0.108485		443.085
1.301e+08		-2.25306		6.66667		0.252341		443.384
1.35202e+08		-2.25306		6.66667		0.344139		443.683
1.40304e+08		-2.25306		6.66667		0.221162		443.981
1.45406e+08		-2.25306		6.66667		0.171143		444.28
1.50508e+08		-2.25306		6.66667		0.0981204		444.579
1.5561e+08		-2.25306		6.66667		0.18498		444.878
1.60712e+08		-2.25306		6.66667		0.370737		445.204
1.65813e+08		-2.25306		6.66667		0.289063		445.502
1.70915e+08		-2.25306		6.66667		0.227878		445.8
1.76017e+08		-2.25306		6.66667		0.174811		446.098
1.81119e+08		-2.25306		6.66667		0.270338		446.396
1.86221e+08		-2.25306		6.66667		0.147993		446.694
1.91323e+08		-2.25306		6.66667		0.0488424		446.992
1.96425e+08		-2.25306		6.66667		0.293067		447.289
2.01527e+08		-2.25306		6.66667		0.125748		447.587
2.06629e+08		-2.25306		6.66667		0.188927		447.885
2.11731e+08		-2.25306		6.66667		0.246287		448.182
2.16833e+08		-2.25306		6.66667		0.190999		448.48
2.21935e+08		-2.25306		6.66667		0.142987		448.778
2.27037e+08		-2.25306		6.66667		0.13461		449.076
2.32139e+08		-2.25306		6.66667		0.103629		449.374
2.37241e+08		-2.25306		6.66667		0.0642354		449.675
2.42343e+08		-2.25306		6.66667		0.132779		449.982
2.47445e+08		-2.25306		6.66667		0.0919551		450.28
2.52547e+08		-2.25306		6.66667		0.0951481		450.579

-2.52547e+08		-2.18959		6.66667		0.117632		450.877
-2.47445e+08		-2.18959		6.66667		0.111624		451.175
-2.42343e+08		-2.18959		6.66667		0.146597		451.473
-2.37241e+08		-2.18959		6.66667		0.0925765		451.771
-2.32139e+08		-2.18959		6.66667		0.12191		452.069
-2.27037e+08		-2.18959		6.66667		0.148445		452.368
-2.21935e+08		-2.18959		6.66667		0.158972		452.666
-2.16833e+08		-2.18959		6.66667		0.199994		452.965
-2.11731e+08		-2.18959		6.66667		0.255357		453.263
-2.06629e+08		-2.18959		6.66667		0.20315		453.563
-2.01527e+08		-2.18959		6.66667		0.143613		453.863
-1.96425e+08		-2.18959		6.66667		0.301821		454.162
-1.91323e+08		-2.18959		6.66667		0.079025		454.461
-1.86221e+08		-2.18959		6.66667		0.163389		454.761
-1.81119e+08		-2.18959		6.66667		0.280336		455.06
-1.76017e+08		-2.18959		6.66667		0.201073		455.391
-1.70915e+08		-2.18959		6.66667		0.239169		455.689
-1.65813e+08		-2.18959		6.66667		0.298728		455.987
-1.60712e+08		-2.18959		6.66667		0.380009		456.286
-1.5561e+08		-2.18959		6.66667		0.20826		456.585
-1.50508e+08		-2.18959		6.66667		0.11732		456.883
-1.45406e+08		-2.18959		6.66667		0.18547		457.181
-1.40304e+08		-2.18959		6.66667		0.233578		457.479
-1.35202e+08		-2.18959		6.66667		0.354246		457.777
-1.301e+08		-2.18959		6.66667		0.267611		458.089
-1.24998e+08		-2.18959		6.66667		0.131984		458.388
-1.19896e+08		-2.18959		6.66667		0.13163		458.686
-1.14794e+08		-2.18959		6.66667		0.244865		458.984
-1.09692e+08		-2.18959		6.66667		0.311805		459.282
-1.0459e+08		-2.18959		6.66667		0.374132		459.579
-9.94881e+07		-2.18959		6.66667		0.339848		459.878
-9.43861e+07		-2.18959		6.66667		0.140521		460.177
-8.92842e+07		-2.18959		6.66667		0.14491		460.475
-8.41822e+07		-2.18959		6.66667		0.244863		460.773
-7.90803e+07		-2.18959		6.66667		0.0860057		461.071
-7.39783e+07		-2.18959		6.66667		0.136787		461.369
-6.88764e+07		-2.18959		6.66667		0.213293		461.668
-6.37744e+07		-2.18959		6.66667		0.0944215		461.973
-5.86725e+07		-2.18959		6.66667		0.123281		462.271
-5.35705e+07		-2.18959		6.66667		0.116021		462.571
-4.84686e+07		-2.18959		6.66667		0.206886		462.87
-4.33666e+07		-2.18959		6.66667		0.204938		463.169
-3.82646e+07		-2.18959		6.66667		0.089026		463.468
-3.31627e+07		-2.18959		6.66667		0.211701		463.768
-2.80607e+07		-2.18959		6.66667		0.210401		464.068
-2.29588e+07		-2.18959		6.66667		0.0789674		464.367
-1.78568e+07		-2.18959		6.66667		0.202283		464.665
-1.27549e+07		-2.18959		6.66667		0.216101		464.965
-7.65293e+06		-2.18959		6.66667		0.0571362		465.263
-2.55098e+06		-2.18959		6.66667		0.207812		465.563
2.55098e+06		-2.18959		6.66667		0.207812		465.862
7.65293e+06		-2.18959		6.66667		0.0571362		466.161
1.27549e+07		-2.18959		6.66667		0.216101		466.46
1.78568e+07		-2.18959		6.66667		0.202283		466.759
2.29588e+07		-2.18959		6.66667		0.0789674		467.058
2.80607e+07		-2.18959		6.66667		0.210401		467.357
3.31627e+07		-2.18959		6.66667		0.211701		467.656
3.82646e+07		-2.18959		6.66667		0.089026		467.955
4.33666e+07		-2.18959		6.66667		0.204938		468.253
4.84686e+07		-2.18959		6.66667		0.206886		468.551
5.35705e+07		-2.18959		6.66667		0.116021		468.85
5.86725e+07		-2.18959		6.66667		0.123281		469.148
6.37744e+07		-2.18959		6.66667		0.0944215		469.446
6.88764e+07		-2.18959		6.66667		0.213293		469.745
7.39783e+07		-2.18959		6.66667		0.136787		470.044
7.90803e+07		-2.18959		6.66667		0.0860057		470.343
8.41822e+07		-2.18959		6.66667		0.244863		470.642
8.92842e+07		-2.18959		6.66667		0.14491		470.941
9.43861e+07		-2.18959		6.66667		0.140521		471.24
9.94881e+07		-2.18959		6.66667		0.339848		471.538
1.0459e+08		-2.18959		6.66667		0.374132		471.836
1.09692e+08		-2.18959		6.66667		0.311805		472.134
1.14794e+08		-2.18959		6.66667		0.244865		472.433
1.19896e+08		-2.18959		6.66667		0.13163		472.732
1.24998e+08		-2.18959		6.66667		0.131984		473.031
1.301e+08		-2.18959		6.66667		0.267611		473.33
1.35202e+08		-2.18959		6.66667		0.354246		473.628
1.40304e+08		-2.18959		6.66667		0.233578		473.927
1.45406e+08		-2.18959		6.66667		0.18547		474.225
1.50508e+08		-2.18959		6.66667		0.11732		474.524
1.5561e+08		-2.18959		6.66667		0.20826		474.823
1.60712e+08		-2.18959		6.66667		0.380009		475.133
1.65813e+08		-2.18959		6.66667		0.298728		475.431
1.70915e+08		-2.18959		6.66667		0.239169		475.73
1.76017e+08		-2.18959		6.66667		0.201073		476.029
1.81119e+08		-2.18959		6.66667		0.280336		476.328
1.86221e+08		-2.18959		6.66667		0.163389		476.627
1.91323e+08		-2.18959		6.66667		0.079025		476.953
1.96425e+08		-2.18959		6.66667		0.301821		477.251
2.01527e+08		-2.18959		6.66667		0.143613		477.549
2.06629e+08		-2.18959		6.66667		0.20315		477.849
2.11731e+08		-2.18959		6.66667		0.255357		478.147
2.16833e+08		-2.18959		6.66667		0.199994		478.445
2.21935e+08		-2.18959		6.66667		0.158972		478.743
2.27037e+08		-2.18959		6.66667		0.148445		479.041
2.32139e+08		-2.18959		6.66667		0.12191		479.339
2.37241e+08		-2.18959		6.66667		0.0925765		479.637
2.42343e+08		-2.18959		6.66667		0.146597		479.936
2.47445e+08		-2.18959		6.66667		0.111624		480.235
2.52547e+08		-2.18959		6.66667		0.117632		480.534

-2.52547e+08		-2.12613		6.66667		0.143029		480.833
-2.47445e+08		-2.12613		6.66667		0.135434		481.132
-2.42343e+08		-2.12613		6.66667		0.165137		481.432
-2.37241e+08		-2.12613		6.66667		0.121741		481.73
-2.32139e+08		-2.12613		6.66667		0.14438		482.029
-2.27037e+08		-2.12613		6.66667		0.166959		482.328
-2.21935e+08		-2.12613		6.66667		0.178729		482.626
-2.16833e+08		-2.12613		6.66667		0.213186		482.925
-2.11731e+08		-2.12613		6.66667		0.267899		483.224
-2.06629e+08		-2.12613		6.66667		0.220587		483.522
-2.01527e+08		-2.12613		6.66667		0.165288		483.821
-1.96425e+08		-2.12613		6.66667		0.313588		484.12
-1.91323e+08		-2.12613		6.66667		0.109114		484.419
-1.86221e+08		-2.12613		6.66667		0.182742		484.717
-1.81119e+08		-2.12613		6.66667		0.293404		485.016
-1.76017e+08		-2.12613		6.66667		0.227855		485.316
-1.70915e+08		-2.12613		6.66667		0.253629		485.614
-1.65813e+08		-2.12613		6.66667		0.311321		485.913
-1.60712e+08		-2.12613		6.66667		0.391555		486.223
-1.5561e+08		-2.12613		6.66667		0.232632		486.523
-1.50508e+08		-2.12613		6.66667		0.140269		486.822
-1.45406e+08		-2.12613		6.66667		0.203401		487.121
-1.40304e+08		-2.12613		6.66667		0.249237		487.419
-1.35202e+08		-2.12613		6.66667		0.366564		487.718
-1.301e+08		-2.12613		6.66667		0.284967		488.017
-1.24998e+08		-2.12613		6.66667		0.157105		488.317
-1.19896e+08		-2.12613		6.66667		0.14982		488.643
-1.14794e+08		-2.12613		6.66667		0.25745		488.942
-1.09692e+08		-2.12613		6.66667		0.3283		489.24
-1.0459e+08		-2.12613		6.66667		0.388334		489.539
-9.94881e+07		-2.12613		6.66667		0.356035		489.837
-9.43861e+07		-2.12613		6.66667		0.168409		490.136
-8.92842e+07		-2.12613		6.66667		0.167707		490.435
-8.41822e+07		-2.12613		6.66667		0.270423		490.733
-7.90803e+07		-2.12613		6.66667		0.108075		491.031
-7.39783e+07		-2.12613		6.66667		0.156464		491.329
-6.88764e+07		-2.12613		6.66667		0.233011		491.628
-6.37744e+07		-2.12613		6.66667		0.12328		491.926
-5.86725e+07		-2.12613		6.66667		0.148931		492.225
-5.35705e+07		-2.12613		6.66667		0.13964		492.524
-4.84686e+07		-2.12613		6.66667		0.228272		492.822
-4.33666e+07		-2.12613		6.66667		0.226388		493.123
-3.82646e+07		-2.12613		6.66667		0.115118		493.421
-3.31627e+07		-2.12613		6.66667		0.236007		493.72
-2.80607e+07		-2.12613		6.66667		0.235511		494.019
-2.29588e+07		-2.12613		6.66667		0.104718		494.318
-1.78568e+07		-2.12613		6.66667		0.228136		494.616
-1.27549e+07		-2.12613		6.66667		0.241863		494.915
-7.65293e+06		-2.12613		6.66667		0.0866728		495.213
-2.55098e+06		-2.12613		6.66667		0.233765		495.512
2.55098e+06		-2.12613		6.66667		0.233765		495.811
7.65293e+06		-2.12613		6.66667		0.0866728		496.109
1.27549e+07		-2.12613		6.66667		0.241863		496.409
1.78568e+07		-2.12613		6.66667		0.228136		496.708
2.29588e+07		-2.12613		6.66667		0.104718		497.007
2.80607e+07		-2.12613		6.66667		0.235511		497.306
3.31627e+07		-2.12613		6.66667		0.236007		497.604
3.82646e+07		-2.12613		6.66667		0.115118		497.903
4.33666e+07		-2.12613		6.66667		0.226388		498.202
4.84686e+07		-2.12613		6.66667		0.228272		498.528
5.35705e+07		-2.12613		6.66667		0.13964		498.826
5.86725e+07		-2.12613		6.66667		0.148931		499.124
6.37744e+07		-2.12613		6.66667		0.12328		499.421
6.88764e+07		-2.12613		6.66667		0.233011		499.721
7.39783e+07		-2.12613		6.66667		0.156464		500.019
7.90803e+07		-2.12613		6.66667		0.108075		500.318
8.41822e+07		-2.12613		6.66667		0.270423		500.616
8.92842e+07		-2.12613		6.66667		0.167707		500.915
9.43861e+07		-2.12613		6.66667		0.168409		501.214
9.94881e+07		-2.12613		6.66667		0.356035		501.512
1.0459e+08		-2.12613		6.66667		0.388334		501.809
1.09692e+08		-2.12613		6.66667		0.3283		502.107
1.14794e+08		-2.12613		6.66667		0.25745		502.406
1.19896e+08		-2.12613		6.66667		0.14982		502.704
1.24998e+08		-2.12613		6.66667		0.157105		503.003
1.301e+08		-2.12613		6.66667		0.284967		503.302
1.35202e+08		-2.12613		6.66667		0.366564		503.6
1.40304e+08		-2.12613		6.66667		0.249237		503.899
1.45406e+08		-2.12613		6.66667		0.203401		504.197
1.50508e+08		-2.12613		6.66667		0.140269		504.495
1.5561e+08		-2.12613		6.66667		0.232632		504.793
1.60712e+08		-2.12613		6.66667		0.391555		505.104
1.65813e+08		-2.12613		6.66667		0.311321		505.403
1.70915e+08		-2.12613		6.66667		0.253629		505.702
1.76017e+08		-2.12613		6.66667		0.227855		506
1.81119e+08		-2.12613		6.66667		0.293404		506.298
1.86221e+08		-2.12613		6.66667		0.182742		506.597
1.91323e+08		-2.12613		6.66667		0.109114		506.896
1.96425e+08		-2.12613		6.66667		0.313588		507.195
2.01527e+08		-2.12613		6.66667		0.165288		507.493
2.06629e+08		-2.12613		6.66667		0.220587		507.793
2.11731e+08		-2.12613		6.66667		0.267899		508.092
2.16833e+08		-2.12613		6.66667		0.213186		508.391
2.21935e+08		-2.12613		6.66667		0.178729		508.717
2.27037e+08		-2.12613		6.66667		0.166959		509.015
2.32139e+08		-2.12613		6.66667		0.14438		509.313
2.37241e+08		-2.12613		6.66667		0.121741		509.612
2.42343e+08		-2.12613		6.66667		0.165137		509.914
2.47445e+08		-2.12613		6.66667		0.135434		510.213
2.52547e+08		-2.12613		6.66667		0.143029		510.512

-2.52547e+08		-2.06266		6.66667		0.169991		510.811
-2.47445e+08		-2.06266		6.66667		0.161503		511.11
-2.42343e+08		-2.06266		6.66667		0.18695		511.409
-2.37241e+08		-2.06266		6.66667		0.151251		511.707
-2.32139e+08		-2.06266		6.66667		0.169353		512.005
-2.27037e+08		-2.06266		6.66667		0.188725		512.303
-2.21935e+08		-2.06266		6.66667		0.201142		512.602
-2.16833e+08		-2.06266		6.66667		0.229794		512.901
-2.11731e+08		-2.06266		6.66667		0.283416		513.199
-2.06629e+08		-2.06266		6.66667		0.240543		513.498
-2.01527e+08		-2.06266		6.66667		0.189418		513.796
-1.96425e+08		-2.06266		6.66667		0.32802		514.095
-1.91323e+08		-2.06266		6.66667		0.139064		514.393
-1.86221e+08		-2.06266		6.66667		0.204872		514.692
-1.81119e+08		-2.06266		6.66667		0.309121		514.991
-1.76017e+08		-2.06266		6.66667		0.255061		515.29
-1.70915e+08		-2.06266		6.66667		0.270716		515.589
-1.65813e+08		-2.06266		6.66667		0.326473		515.887
-1.60712e+08		-2.06266		6.66667		0.405197		516.198
-1.5561e+08		-2.06266		6.66667		0.257839		516.497
-1.50508e+08		-2.06266		6.66667		0.165324		516.796
-1.45406e+08		-2.06266		6.66667		0.224016		517.095
-1.40304e+08		-2.06266		6.66667		0.267528		517.394
-1.35202e+08		-2.06266		6.66667		0.380904		517.693
-1.301e+08		-2.06266		6.66667		0.304083		517.992
-1.24998e+08		-2.06266		6.66667		0.183181		518.293
-1.19896e+08		-2.06266		6.66667		0.171248		518.593
-1.14794e+08		-2.06266		6.66667		0.272774		518.892
-1.09692e+08		-2.06266		6.66667		0.346618		519.191
-1.0459e+08		-2.06266		6.66667		0.404367		519.49
-9.94881e+07		-2.06266		6.66667		0.373794		519.789
-9.43861e+07		-2.06266		6.66667		0.196566		520.089
-8.92842e+07		-2.06266		6.66667		0.192184		520.388
-8.41822e+07		-2.06266		6.66667		0.296512		520.688
-7.90803e+07		-2.06266		6.66667		0.133146		520.986
-7.39783e+07		-2.06266		6.66667		0.178972		521.285
-6.88764e+07		-2.06266		6.66667		0.254299		521.584
-6.37744e+07		-2.06266		6.66667		0.152202		521.883
-5.86725e+07		-2.06266		6.66667		0.175566		522.182
-5.35705e+07		-2.06266		6.66667		0.165012		522.481
-4.84686e+07		-2.06266		6.66667		0.251076		522.78
-4.33666e+07		-2.06266		6.66667		0.249168		523.079
-3.82646e+07		-2.06266		6.66667		0.142644		523.378
-3.31627e+07		-2.06266		6.66667		0.261063		523.677
-2.80607e+07		-2.06266		6.66667		0.261215		523.975
-2.29588e+07		-2.06266		6.66667		0.132198		524.274
-1.78568e+07		-2.06266		6.66667		0.25445		524.572
-1.27549e+07		-2.06266		6.66667		0.268089		524.871
-7.65293e+06		-2.06266		6.66667		0.116313		525.169
-2.55098e+06		-2.06266		6.66667		0.260161		525.467
2.55098e+06		-2.06266		6.66667		0.260161		525.766
7.65293e+06		-2.06266		6.66667		0.116313		526.065
1.27549e+07		-2.06266		6.66667		0.268089		526.363
1.78568e+07		-2.06266		6.66667		0.25445		526.662
2.29588e+07		-2.06266		6.66667		0.132198		526.959
2.80607e+07		-2.06266		6.66667		0.261215		527.258
3.31627e+07		-2.06266		6.66667		0.261063		527.557
3.82646e+07		-2.06266		6.66667		0.142644		527.855
4.33666e+07		-2.06266		6.66667		0.249168		528.154
4.84686e+07		-2.06266		6.66667		0.251076		528.452
5.35705e+07		-2.06266		6.66667		0.165012		528.751
5.86725e+07		-2.06266		6.66667		0.175566		529.049
6.37744e+07		-2.06266		6.66667		0.152202		529.347
6.88764e+07		-2.06266		6.66667		0.254299		529.646
7.39783e+07		-2.06266		6.66667		0.178972		529.945
7.90803e+07		-2.06266		6.66667		0.133146		530.276
8.41822e+07		-2.06266		6.66667		0.296512		530.575
8.92842e+07		-2.06266		6.66667		0.192184		530.874
9.43861e+07		-2.06266		6.66667		0.196566		531.173
9.94881e+07		-2.06266		6.66667		0.373794		531.472
1.0459e+08		-2.06266		6.66667		0.404367		531.772
1.09692e+08		-2.06266		6.66667		0.346618		532.071
1.14794e+08		-2.06266		6.66667		0.272774		532.369
1.19896e+08		-2.06266		6.66667		0.171248		532.668
1.24998e+08		-2.06266		6.66667		0.183181		532.967
1.301e+08		-2.06266		6.66667		0.304083		533.266
1.35202e+08		-2.06266		6.66667		0.380904		533.565
1.40304e+08		-2.06266		6.66667		0.267528		533.863
1.45406e+08		-2.06266		6.66667		0.224016		534.161
1.50508e+08		-2.06266		6.66667		0.165324		534.46
1.5561e+08		-2.06266		6.66667		0.257839		534.76
1.60712e+08		-2.06266		6.66667		0.405197		535.058
1.65813e+08		-2.06266		6.66667		0.326473		535.356
1.70915e+08		-2.06266		6.66667		0.270716		535.655
1.76017e+08		-2.06266		6.66667		0.255061		535.954
1.81119e+08		-2.06266		6.66667		0.309121		536.252
1.86221e+08		-2.06266		6.66667		0.204872		536.55
1.91323e+08		-2.06266		6.66667		0.139064		536.849
1.96425e+08		-2.06266		6.66667		0.32802		537.147
2.01527e+08		-2.06266		6.66667		0.189418		537.446
2.06629e+08		-2.06266		6.66667		0.240543		537.744
2.11731e+08		-2.06266		6.66667		0.283416		538.054
