# ky		phi		B		mu		eigenvalue
-308668167.7		0		0.3		1.602176634e-20		2.871887233e-21
-308668167.7		0		0.3		1.602176634e-20		2.870617552e-21
-308668167.7		0		0.3		1.602176634e-20		2.869954042e-21

-306610379.9		0		0.3		1.602176634e-20		2.616774766e-21
-306610379.9		0		0.3		1.602176634e-20		2.615976092e-21
-306610379.9		0		0.3		1.602176634e-20		2.615602685e-21

-304552592.2		0		0.3		1.602176634e-20		2.364432335e-21
-304552592.2		0		0.3		1.602176634e-20		2.363331845e-21
-304552592.2		0		0.3		1.602176634e-20		2.3630102e-21

-302494804.4		0		0.3		1.602176634e-20		2.112917774e-21
-302494804.4		0		0.3		1.602176634e-20		2.112384254e-21
-302494804.4		0		0.3		1.602176634e-20		2.112108718e-21

-300437016.6		0		0.3		1.602176634e-20		1.864096136e-21
-300437016.6		0		0.3		1.602176634e-20		1.863296721e-21
-300437016.6		0		0.3		1.602176634e-20		1.862982947e-21

-298379228.8		0		0.3		1.602176634e-20		1.616697216e-21
-298379228.8		0		0.3		1.602176634e-20		1.615929987e-21
-298379228.8		0		0.3		1.602176634e-20		1.61556451e-21

-296321441		0		0.3		1.602176634e-20		1.370238228e-21
-296321441		0		0.3		1.602176634e-20		1.369988069e-21
-296321441		0		0.3		1.602176634e-20		1.36984579e-21

-294263653.2		0		0.3		1.602176634e-20		1.12633113e-21
-294263653.2		0		0.3		1.602176634e-20		1.125979751e-21
-294263653.2		0		0.3		1.602176634e-20		1.125857932e-21

-292205865.5		0		0.3		1.602176634e-20		8.840801395e-22
-292205865.5		0		0.3		1.602176634e-20		8.838060761e-22
-292205865.5		0		0.3		1.602176634e-20		8.836280873e-22

-290148077.7		0		0.3		1.602176634e-20		6.435428471e-22
-290148077.7		0		0.3		1.602176634e-20		6.432698097e-22
-290148077.7		0		0.3		1.602176634e-20		6.431304928e-22

-288090289.9		0		0.3		1.602176634e-20		4.046092487e-22
-288090289.9		0		0.3		1.602176634e-20		4.044956467e-22
-288090289.9		0		0.3		1.602176634e-20		4.044267958e-22

-286032502.1		0		0.3		1.602176634e-20		1.678829856e-22
-286032502.1		0		0.3		1.602176634e-20		1.677908583e-22
-286032502.1		0		0.3		1.602176634e-20		1.677648237e-22

-283974714.3		0		0.3		1.602176634e-20		1.51952671e-23
-283974714.3		0		0.3		1.602176634e-20		1.517921681e-23
-283974714.3		0		0.3		1.602176634e-20		1.46153281e-23

-281916926.5		0		0.3		1.602176634e-20		1.463990662e-23
-281916926.5		0		0.3		1.602176634e-20		1.440168072e-23
-281916926.5		0		0.3		1.602176634e-20		1.405483358e-23

-279859138.7		0		0.3		1.602176634e-20		1.444946588e-23
-279859138.7		0		0.3		1.602176634e-20		1.398272634e-23
-279859138.7		0		0.3		1.602176634e-20		1.351364747e-23

-277801351		0		0.3		1.602176634e-20		1.436569138e-23
-277801351		0		0.3		1.602176634e-20		1.368652979e-23
-277801351		0		0.3		1.602176634e-20		1.308890638e-23

-275743563.2		0		0.3		1.602176634e-20		1.432740964e-23
-275743563.2		0		0.3		1.602176634e-20		1.345506516e-23
-275743563.2		0		0.3		1.602176634e-20		1.273299519e-23

-273685775.4		0		0.3		1.602176634e-20		1.392350168e-23
-273685775.4		0		0.3		1.602176634e-20		1.326335262e-23
-273685775.4		0		0.3		1.602176634e-20		1.242406505e-23

-271627987.6		0		0.3		1.602176634e-20		1.33989157e-23
-271627987.6		0		0.3		1.602176634e-20		1.309852742e-23
-271627987.6		0		0.3		1.602176634e-20		1.214942592e-23

-269570199.8		0		0.3		1.602176634e-20		1.299415632e-23
-269570199.8		0		0.3		1.602176634e-20		1.294038819e-23
-269570199.8		0		0.3		1.602176634e-20		1.190110944e-23

-267512412		0		0.3		1.602176634e-20		1.281860335e-23
-267512412		0		0.3		1.602176634e-20		1.26259935e-23
-267512412		0		0.3		1.602176634e-20		1.167388955e-23

-265454624.2		0		0.3		1.602176634e-20		1.270498686e-23
-265454624.2		0		0.3		1.602176634e-20		1.231519593e-23
-265454624.2		0		0.3		1.602176634e-20		1.146361256e-23

-263396836.5		0		0.3		1.602176634e-20		1.261510778e-23
-263396836.5		0		0.3		1.602176634e-20		1.203583937e-23
-263396836.5		0		0.3		1.602176634e-20		1.126796688e-23

-261339048.7		0		0.3		1.602176634e-20		1.247705191e-23
-261339048.7		0		0.3		1.602176634e-20		1.179304633e-23
-261339048.7		0		0.3		1.602176634e-20		1.108366451e-23

-259281260.9		0		0.3		1.602176634e-20		1.239144649e-23
-259281260.9		0		0.3		1.602176634e-20		1.156219599e-23
-259281260.9		0		0.3		1.602176634e-20		1.091043129e-23

-257223473.1		0		0.3		1.602176634e-20		1.236735659e-23
-257223473.1		0		0.3		1.602176634e-20		1.134194105e-23
-257223473.1		0		0.3		1.602176634e-20		1.074795528e-23

-255165685.3		0		0.3		1.602176634e-20		1.209154668e-23
-255165685.3		0		0.3		1.602176634e-20		1.117405259e-23
-255165685.3		0		0.3		1.602176634e-20		1.05862666e-23

-253107897.5		0		0.3		1.602176634e-20		1.220379654e-23
-253107897.5		0		0.3		1.602176634e-20		1.095851948e-23
-253107897.5		0		0.3		1.602176634e-20		1.044353323e-23

-251050109.8		0		0.3		1.602176634e-20		1.189917946e-23
-251050109.8		0		0.3		1.602176634e-20		1.082250024e-23
-251050109.8		0		0.3		1.602176634e-20		1.02898325e-23

-248992322		0		0.3		1.602176634e-20		1.18293997e-23
-248992322		0		0.3		1.602176634e-20		1.065747188e-23
-248992322		0		0.3		1.602176634e-20		1.01507299e-23

-246934534.2		0		0.3		1.602176634e-20		1.178233205e-23
-246934534.2		0		0.3		1.602176634e-20		1.049523329e-23
-246934534.2		0		0.3		1.602176634e-20		1.001905794e-23

-244876746.4		0		0.3		1.602176634e-20		1.159480134e-23
-244876746.4		0		0.3		1.602176634e-20		1.038265667e-23
-244876746.4		0		0.3		1.602176634e-20		9.876762737e-24

-242818958.6		0		0.3		1.602176634e-20		1.153145337e-23
-242818958.6		0		0.3		1.602176634e-20		1.023505162e-23
-242818958.6		0		0.3		1.602176634e-20		9.754626013e-24

-240761170.8		0		0.3		1.602176634e-20		1.142127538e-23
-240761170.8		0		0.3		1.602176634e-20		1.01165893e-23
-240761170.8		0		0.3		1.602176634e-20		9.625892605e-24

-238703383		0		0.3		1.602176634e-20		1.132175471e-23
-238703383		0		0.3		1.602176634e-20		1.000561831e-23
-238703383		0		0.3		1.602176634e-20		9.497878799e-24

-236645595.3		0		0.3		1.602176634e-20		1.124570807e-23
-236645595.3		0		0.3		1.602176634e-20		9.886414594e-24
-236645595.3		0		0.3		1.602176634e-20		9.379734887e-24

-234587807.5		0		0.3		1.602176634e-20		1.115338258e-23
-234587807.5		0		0.3		1.602176634e-20		9.780497773e-24
-234587807.5		0		0.3		1.602176634e-20		9.260561684e-24

-232530019.7		0		0.3		1.602176634e-20		1.120063347e-23
-232530019.7		0		0.3		1.602176634e-20		9.619486824e-24
-232530019.7		0		0.3		1.602176634e-20		9.168910748e-24

-230472231.9		0		0.3		1.602176634e-20		1.138460063e-23
-230472231.9		0		0.3		1.602176634e-20		9.427977731e-24
-230472231.9		0		0.3		1.602176634e-20		9.103113519e-24

-228414444.1		0		0.3		1.602176634e-20		1.118825306e-23
-228414444.1		0		0.3		1.602176634e-20		9.359665661e-24
-228414444.1		0		0.3		1.602176634e-20		8.975465131e-24

-226356656.3		0		0.3		1.602176634e-20		1.106124681e-23
-226356656.3		0		0.3		1.602176634e-20		9.280622587e-24
-226356656.3		0		0.3		1.602176634e-20		8.858089523e-24

-224298868.6		0		0.3		1.602176634e-20		1.135900707e-23
-224298868.6		0		0.3		1.602176634e-20		9.072609737e-24
-224298868.6		0		0.3		1.602176634e-20		8.821253829e-24

-222241080.8		0		0.3		1.602176634e-20		1.08416291e-23
-222241080.8		0		0.3		1.602176634e-20		9.125099445e-24
-222241080.8		0		0.3		1.602176634e-20		8.633759222e-24

-220183293		0		0.3		1.602176634e-20		1.084699336e-23
-220183293		0		0.3		1.602176634e-20		8.999396509e-24
-220183293		0		0.3		1.602176634e-20		8.550494439e-24

-218125505.2		0		0.3		1.602176634e-20		1.083398015e-23
-218125505.2		0		0.3		1.602176634e-20		8.885441167e-24
-218125505.2		0		0.3		1.602176634e-20		8.464682509e-24

-216067717.4		0		0.3		1.602176634e-20		1.096880083e-23
-216067717.4		0		0.3		1.602176634e-20		8.715699652e-24
-216067717.4		0		0.3		1.602176634e-20		8.417441476e-24

-214009929.6		0		0.3		1.602176634e-20		1.038170439e-23
-214009929.6		0		0.3		1.602176634e-20		8.87307453e-24
-214009929.6		0		0.3		1.602176634e-20		8.199551069e-24

-211952141.8		0		0.3		1.602176634e-20		1.039156877e-23
-211952141.8		0		0.3		1.602176634e-20		8.749979301e-24
-211952141.8		0		0.3		1.602176634e-20		8.119717892e-24

-209894354.1		0		0.3		1.602176634e-20		1.049555918e-23
-209894354.1		0		0.3		1.602176634e-20		8.576968307e-24
-209894354.1		0		0.3		1.602176634e-20		8.069280354e-24

-207836566.3		0		0.3		1.602176634e-20		1.025747343e-23
-207836566.3		0		0.3		1.602176634e-20		8.59237616e-24
-207836566.3		0		0.3		1.602176634e-20		7.933299753e-24

-205778778.5		0		0.3		1.602176634e-20		1.082235574e-23
-205778778.5		0		0.3		1.602176634e-20		8.225434479e-24
-205778778.5		0		0.3		1.602176634e-20		8.005598374e-24

-203720990.7		0		0.3		1.602176634e-20		1.077577278e-23
-203720990.7		0		0.3		1.602176634e-20		8.137748393e-24
-203720990.7		0		0.3		1.602176634e-20		7.923038445e-24

-201663202.9		0		0.3		1.602176634e-20		1.006187662e-23
-201663202.9		0		0.3		1.602176634e-20		8.364156163e-24
-201663202.9		0		0.3		1.602176634e-20		7.66335703e-24

-199605415.1		0		0.3		1.602176634e-20		1.031939661e-23
-199605415.1		0		0.3		1.602176634e-20		8.113438857e-24
-199605415.1		0		0.3		1.602176634e-20		7.662047516e-24

-197547627.3		0		0.3		1.602176634e-20		9.824228883e-24
-197547627.3		0		0.3		1.602176634e-20		8.282714653e-24
-197547627.3		0		0.3		1.602176634e-20		7.465062645e-24

-195489839.6		0		0.3		1.602176634e-20		1.053343671e-23
-195489839.6		0		0.3		1.602176634e-20		7.821709737e-24
-195489839.6		0		0.3		1.602176634e-20		7.582918098e-24

-193432051.8		0		0.3		1.602176634e-20		1.042573738e-23
-193432051.8		0		0.3		1.602176634e-20		7.762022364e-24
-193432051.8		0		0.3		1.602176634e-20		7.488066938e-24

-191374264		0		0.3		1.602176634e-20		9.597628294e-24
-191374264		0		0.3		1.602176634e-20		8.089704358e-24
-191374264		0		0.3		1.602176634e-20		7.205400619e-24

-189316476.2		0		0.3		1.602176634e-20		9.924446706e-24
-189316476.2		0		0.3		1.602176634e-20		7.788551248e-24
-189316476.2		0		0.3		1.602176634e-20		7.218270707e-24

-187258688.4		0		0.3		1.602176634e-20		9.634075689e-24
-187258688.4		0		0.3		1.602176634e-20		7.847242182e-24
-187258688.4		0		0.3		1.602176634e-20		7.078372892e-24

-185200900.6		0		0.3		1.602176634e-20		9.823008506e-24
-185200900.6		0		0.3		1.602176634e-20		7.636690093e-24
-185200900.6		0		0.3		1.602176634e-20		7.060795306e-24

-183143112.9		0		0.3		1.602176634e-20		9.333665438e-24
-183143112.9		0		0.3		1.602176634e-20		7.821660502e-24
-183143112.9		0		0.3		1.602176634e-20		6.877018038e-24

-181085325.1		0		0.3		1.602176634e-20		9.399098043e-24
-181085325.1		0		0.3		1.602176634e-20		7.670701648e-24
-181085325.1		0		0.3		1.602176634e-20		6.826719498e-24

-179027537.3		0		0.3		1.602176634e-20		1.014136904e-23
-179027537.3		0		0.3		1.602176634e-20		7.188929377e-24
-179027537.3		0		0.3		1.602176634e-20		6.977344096e-24

-176969749.5		0		0.3		1.602176634e-20		9.684731501e-24
-176969749.5		0		0.3		1.602176634e-20		7.297159884e-24
-176969749.5		0		0.3		1.602176634e-20		6.780113962e-24

-174911961.7		0		0.3		1.602176634e-20		9.768981744e-24
-174911961.7		0		0.3		1.602176634e-20		7.164119727e-24
-174911961.7		0		0.3		1.602176634e-20		6.739781856e-24

-172854173.9		0		0.3		1.602176634e-20		9.545274183e-24
-172854173.9		0		0.3		1.602176634e-20		7.175941497e-24
-172854173.9		0		0.3		1.602176634e-20		6.61571453e-24

-170796386.1		0		0.3		1.602176634e-20		9.606256519e-24
-170796386.1		0		0.3		1.602176634e-20		7.038740585e-24
-170796386.1		0		0.3		1.602176634e-20		6.581598799e-24

-168738598.4		0		0.3		1.602176634e-20		9.325609695e-24
-168738598.4		0		0.3		1.602176634e-20		7.087416646e-24
-168738598.4		0		0.3		1.602176634e-20		6.442226905e-24

-166680810.6		0		0.3		1.602176634e-20		1.005439363e-23
-166680810.6		0		0.3		1.602176634e-20		6.673920941e-24
-166680810.6		0		0.3		1.602176634e-20		6.603433705e-24

-164623022.8		0		0.3		1.602176634e-20		8.684117357e-24
-164623022.8		0		0.3		1.602176634e-20		7.283941746e-24
-164623022.8		0		0.3		1.602176634e-20		6.169564326e-24

-162565235		0		0.3		1.602176634e-20		9.021027983e-24
-162565235		0		0.3		1.602176634e-20		6.957191419e-24
-162565235		0		0.3		1.602176634e-20		6.186675666e-24

-160507447.2		0		0.3		1.602176634e-20		8.814149035e-24
-160507447.2		0		0.3		1.602176634e-20		6.981681132e-24
-160507447.2		0		0.3		1.602176634e-20		6.077287066e-24

-158449659.4		0		0.3		1.602176634e-20		8.626312375e-24
-158449659.4		0		0.3		1.602176634e-20		6.996429122e-24
-158449659.4		0		0.3		1.602176634e-20		5.977732088e-24

-156391871.6		0		0.3		1.602176634e-20		8.989959342e-24
-156391871.6		0		0.3		1.602176634e-20		6.673369403e-24
-156391871.6		0		0.3		1.602176634e-20		6.007840604e-24

-154334083.9		0		0.3		1.602176634e-20		9.516829542e-24
-154334083.9		0		0.3		1.602176634e-20		6.320230446e-24
-154334083.9		0		0.3		1.602176634e-20		6.120191342e-24

-152276296.1		0		0.3		1.602176634e-20		9.055316812e-24
-152276296.1		0		0.3		1.602176634e-20		6.440461983e-24
-152276296.1		0		0.3		1.602176634e-20		5.919488602e-24

-150218508.3		0		0.3		1.602176634e-20		8.196601601e-24
-150218508.3		0		0.3		1.602176634e-20		6.870903281e-24
-150218508.3		0		0.3		1.602176634e-20		5.650532917e-24

-148160720.5		0		0.3		1.602176634e-20		9.061338815e-24
-148160720.5		0		0.3		1.602176634e-20		6.2437423e-24
-148160720.5		0		0.3		1.602176634e-20		5.818347145e-24

-146102932.7		0		0.3		1.602176634e-20		9.503325196e-24
-146102932.7		0		0.3		1.602176634e-20		5.966306038e-24
-146102932.7		0		0.3		1.602176634e-20		5.913887875e-24

-144045144.9		0		0.3		1.602176634e-20		9.089647113e-24
-144045144.9		0		0.3		1.602176634e-20		6.041100619e-24
-144045144.9		0		0.3		1.602176634e-20		5.728599376e-24

-141987357.2		0		0.3		1.602176634e-20		7.940968812e-24
-141987357.2		0		0.3		1.602176634e-20		6.623164166e-24
-141987357.2		0		0.3		1.602176634e-20		5.367645592e-24

-139929569.4		0		0.3		1.602176634e-20		9.237657545e-24
-139929569.4		0		0.3		1.602176634e-20		5.798707448e-24
-139929569.4		0		0.3		1.602176634e-20		5.678065441e-24

-137871781.6		0		0.3		1.602176634e-20		8.727856083e-24
-137871781.6		0		0.3		1.602176634e-20		5.929698797e-24
-137871781.6		0		0.3		1.602176634e-20		5.463472623e-24

-135813993.8		0		0.3		1.602176634e-20		8.943189274e-24
-135813993.8		0		0.3		1.602176634e-20		5.735831228e-24
-135813993.8		0		0.3		1.602176634e-20		5.487008221e-24

-133756206		0		0.3		1.602176634e-20		8.255586468e-24
-133756206		0		0.3		1.602176634e-20		5.999359012e-24
-133756206		0		0.3		1.602176634e-20		5.217505606e-24

-131698418.2		0		0.3		1.602176634e-20		8.149056594e-24
-131698418.2		0		0.3		1.602176634e-20		5.959687727e-24
-131698418.2		0		0.3		1.602176634e-20		5.140183374e-24

-129640630.4		0		0.3		1.602176634e-20		7.479396429e-24
-129640630.4		0		0.3		1.602176634e-20		6.302551209e-24
-129640630.4		0		0.3		1.602176634e-20		4.950756404e-24

-127582842.7		0		0.3		1.602176634e-20		7.409820423e-24
-127582842.7		0		0.3		1.602176634e-20		6.258712632e-24
-127582842.7		0		0.3		1.602176634e-20		4.871746223e-24

-125525054.9		0		0.3		1.602176634e-20		7.878112149e-24
-125525054.9		0		0.3		1.602176634e-20		5.819479552e-24
-125525054.9		0		0.3		1.602176634e-20		4.918933948e-24

-123467267.1		0		0.3		1.602176634e-20		8.097676715e-24
-123467267.1		0		0.3		1.602176634e-20		5.588629886e-24
-123467267.1		0		0.3		1.602176634e-20		4.930230539e-24

-121409479.3		0		0.3		1.602176634e-20		8.225636784e-24
-121409479.3		0		0.3		1.602176634e-20		5.431136805e-24
-121409479.3		0		0.3		1.602176634e-20		4.915288893e-24

-119351691.5		0		0.3		1.602176634e-20		7.733619462e-24
-119351691.5		0		0.3		1.602176634e-20		5.613943022e-24
-119351691.5		0		0.3		1.602176634e-20		4.724975683e-24

-117293903.7		0		0.3		1.602176634e-20		8.148650808e-24
-117293903.7		0		0.3		1.602176634e-20		5.284906539e-24
-117293903.7		0		0.3		1.602176634e-20		4.797321063e-24

-115236116		0		0.3		1.602176634e-20		7.772126885e-24
-115236116		0		0.3		1.602176634e-20		5.387759099e-24
-115236116		0		0.3		1.602176634e-20		4.641828809e-24

-113178328.2		0		0.3		1.602176634e-20		7.572770272e-24
-113178328.2		0		0.3		1.602176634e-20		5.406800409e-24
-113178328.2		0		0.3		1.602176634e-20		4.541711291e-24

-111120540.4		0		0.3		1.602176634e-20		6.845201598e-24
-111120540.4		0		0.3		1.602176634e-20		5.817509387e-24
-111120540.4		0		0.3		1.602176634e-20		4.342138478e-24

-109062752.6		0		0.3		1.602176634e-20		6.771940828e-24
-109062752.6		0		0.3		1.602176634e-20		5.769745728e-24
-109062752.6		0		0.3		1.602176634e-20		4.272160882e-24

-107004964.8		0		0.3		1.602176634e-20		7.275508808e-24
-107004964.8		0		0.3		1.602176634e-20		5.303495857e-24
-107004964.8		0		0.3		1.602176634e-20		4.314277175e-24

-104947177		0		0.3		1.602176634e-20		7.676659761e-24
-104947177		0		0.3		1.602176634e-20		4.967985974e-24
-104947177		0		0.3		1.602176634e-20		4.380099473e-24

-102889389.2		0		0.3		1.602176634e-20		7.387349985e-24
-102889389.2		0		0.3		1.602176634e-20		5.035592312e-24
-102889389.2		0		0.3		1.602176634e-20		4.251550346e-24

-100831601.5		0		0.3		1.602176634e-20		6.748302318e-24
-100831601.5		0		0.3		1.602176634e-20		5.360586803e-24
-100831601.5		0		0.3		1.602176634e-20		4.057529141e-24

-98773813.67		0		0.3		1.602176634e-20		6.9100195e-24
-98773813.67		0		0.3		1.602176634e-20		5.148870031e-24
-98773813.67		0		0.3		1.602176634e-20		4.03395649e-24

-96716025.89		0		0.3		1.602176634e-20		8.066790163e-24
-96716025.89		0		0.3		1.602176634e-20		4.4338454e-24
-96716025.89		0		0.3		1.602176634e-20		4.346636349e-24

-94658238.1		0		0.3		1.602176634e-20		6.290259835e-24
-94658238.1		0		0.3		1.602176634e-20		5.404999872e-24
-94658238.1		0		0.3		1.602176634e-20		3.829570105e-24

-92600450.32		0		0.3		1.602176634e-20		7.297504974e-24
-92600450.32		0		0.3		1.602176634e-20		4.626367031e-24
-92600450.32		0		0.3		1.602176634e-20		3.999392539e-24

-90542662.53		0		0.3		1.602176634e-20		7.678286544e-24
-90542662.53		0		0.3		1.602176634e-20		4.34405156e-24
-90542662.53		0		0.3		1.602176634e-20		4.088284988e-24

-88484874.75		0		0.3		1.602176634e-20		7.084586775e-24
-88484874.75		0		0.3		1.602176634e-20		4.566955245e-24
-88484874.75		0		0.3		1.602176634e-20		3.849636862e-24

-86427086.96		0		0.3		1.602176634e-20		5.99537908e-24
-86427086.96		0		0.3		1.602176634e-20		5.231532244e-24
-86427086.96		0		0.3		1.602176634e-20		3.581896887e-24

-84369299.18		0		0.3		1.602176634e-20		7.645674562e-24
-84369299.18		0		0.3		1.602176634e-20		4.112226014e-24
-84369299.18		0		0.3		1.602176634e-20		3.962964042e-24

-82311511.39		0		0.3		1.602176634e-20		6.736151145e-24
-82311511.39		0		0.3		1.602176634e-20		4.507318374e-24
-82311511.39		0		0.3		1.602176634e-20		3.622003692e-24

-80253723.61		0		0.3		1.602176634e-20		6.453111639e-24
-80253723.61		0		0.3		1.602176634e-20		4.596021587e-24
-80253723.61		0		0.3		1.602176634e-20		3.511875032e-24

-78195935.82		0		0.3		1.602176634e-20		7.09604787e-24
-78195935.82		0		0.3		1.602176634e-20		4.130872601e-24
-78195935.82		0		0.3		1.602176634e-20		3.649302189e-24

-76138148.04		0		0.3		1.602176634e-20		6.468606281e-24
-76138148.04		0		0.3		1.602176634e-20		4.398057307e-24
-76138148.04		0		0.3		1.602176634e-20		3.435175521e-24

-74080360.26		0		0.3		1.602176634e-20		6.65458054e-24
-74080360.26		0		0.3		1.602176634e-20		4.200996224e-24
-74080360.26		0		0.3		1.602176634e-20		3.440777698e-24

-72022572.47		0		0.3		1.602176634e-20		5.687613401e-24
-72022572.47		0		0.3		1.602176634e-20		4.800589695e-24
-72022572.47		0		0.3		1.602176634e-20		3.188201839e-24

-69964784.69		0		0.3		1.602176634e-20		5.569322412e-24
-69964784.69		0		0.3		1.602176634e-20		4.797480661e-24
-69964784.69		0		0.3		1.602176634e-20		3.131667947e-24

-67906996.9		0		0.3		1.602176634e-20		6.220466203e-24
-67906996.9		0		0.3		1.602176634e-20		4.228309253e-24
-67906996.9		0		0.3		1.602176634e-20		3.198014085e-24

-65849209.12		0		0.3		1.602176634e-20		6.687541539e-24
-65849209.12		0		0.3		1.602176634e-20		3.869330589e-24
-65849209.12		0		0.3		1.602176634e-20		3.29242211e-24

-63791421.33		0		0.3		1.602176634e-20		6.047357774e-24
-63791421.33		0		0.3		1.602176634e-20		4.166362317e-24
-63791421.33		0		0.3		1.602176634e-20		3.088156317e-24

-61733633.55		0		0.3		1.602176634e-20		5.257160861e-24
-61733633.55		0		0.3		1.602176634e-20		4.692937428e-24
-61733633.55		0		0.3		1.602176634e-20		2.924648533e-24

-59675845.76		0		0.3		1.602176634e-20		5.210366353e-24
-59675845.76		0		0.3		1.602176634e-20		4.646992337e-24
-59675845.76		0		0.3		1.602176634e-20		2.873764605e-24

-57618057.98		0		0.3		1.602176634e-20		5.957082298e-24
-57618057.98		0		0.3		1.602176634e-20		3.993023113e-24
-57618057.98		0		0.3		1.602176634e-20		2.949348995e-24

-55560270.19		0		0.3		1.602176634e-20		6.355633564e-24
-55560270.19		0		0.3		1.602176634e-20		3.685750935e-24
-55560270.19		0		0.3		1.602176634e-20		3.015259866e-24

-53502482.41		0		0.3		1.602176634e-20		6.003688781e-24
-53502482.41		0		0.3		1.602176634e-20		3.825731655e-24
-53502482.41		0		0.3		1.602176634e-20		2.881002464e-24

-51444694.62		0		0.3		1.602176634e-20		5.191976397e-24
-51444694.62		0		0.3		1.602176634e-20		4.337681614e-24
-51444694.62		0		0.3		1.602176634e-20		2.694198199e-24

-49386906.84		0		0.3		1.602176634e-20		5.242117147e-24
-49386906.84		0		0.3		1.602176634e-20		4.226539393e-24
-49386906.84		0		0.3		1.602176634e-20		2.658287841e-24

-47329119.05		0		0.3		1.602176634e-20		6.22102227e-24
-47329119.05		0		0.3		1.602176634e-20		3.489089158e-24
-47329119.05		0		0.3		1.602176634e-20		2.854100409e-24

-45271331.27		0		0.3		1.602176634e-20		5.578143685e-24
-45271331.27		0		0.3		1.602176634e-20		3.824803966e-24
-45271331.27		0		0.3		1.602176634e-20		2.6548351e-24

-43213543.48		0		0.3		1.602176634e-20		6.477927683e-24
-43213543.48		0		0.3		1.602176634e-20		3.24190461e-24
-43213543.48		0		0.3		1.602176634e-20		2.879258455e-24

-41155755.7		0		0.3		1.602176634e-20		5.660416626e-24
-41155755.7		0		0.3		1.602176634e-20		3.649297514e-24
-41155755.7		0		0.3		1.602176634e-20		2.608041411e-24

-39097967.91		0		0.3		1.602176634e-20		5.821121185e-24
-39097967.91		0		0.3		1.602176634e-20		3.489940266e-24
-39097967.91		0		0.3		1.602176634e-20		2.620387012e-24

-37040180.13		0		0.3		1.602176634e-20		6.597829844e-24
-37040180.13		0		0.3		1.602176634e-20		3.025301301e-24
-37040180.13		0		0.3		1.602176634e-20		2.855041299e-24

-34982392.34		0		0.3		1.602176634e-20		4.587326822e-24
-34982392.34		0		0.3		1.602176634e-20		4.31601927e-24
-34982392.34		0		0.3		1.602176634e-20		2.36079874e-24

-32924604.56		0		0.3		1.602176634e-20		6.036702446e-24
-32924604.56		0		0.3		1.602176634e-20		3.213359022e-24
-32924604.56		0		0.3		1.602176634e-20		2.608625149e-24

-30866816.77		0		0.3		1.602176634e-20		6.696694295e-24
-30866816.77		0		0.3		1.602176634e-20		2.854147813e-24
-30866816.77		0		0.3		1.602176634e-20		2.828651881e-24

-28809028.99		0		0.3		1.602176634e-20		6.42560795e-24
-28809028.99		0		0.3		1.602176634e-20		2.932622718e-24
-28809028.99		0		0.3		1.602176634e-20		2.703847698e-24

-26751241.2		0		0.3		1.602176634e-20		5.140466668e-24
-26751241.2		0		0.3		1.602176634e-20		3.648314146e-24
-26751241.2		0		0.3		1.602176634e-20		2.314508729e-24

-24693453.42		0		0.3		1.602176634e-20		5.53077769e-24
-24693453.42		0		0.3		1.602176634e-20		3.34332485e-24
-24693453.42		0		0.3		1.602176634e-20		2.378633637e-24

-22635665.63		0		0.3		1.602176634e-20		4.542383144e-24
-22635665.63		0		0.3		1.602176634e-20		4.059671875e-24
-22635665.63		0		0.3		1.602176634e-20		2.191235707e-24

-20577877.85		0		0.3		1.602176634e-20		5.076350138e-24
-20577877.85		0		0.3		1.602176634e-20		3.583608591e-24
-20577877.85		0		0.3		1.602176634e-20		2.240956238e-24

-18520090.06		0		0.3		1.602176634e-20		4.739452304e-24
-18520090.06		0		0.3		1.602176634e-20		3.815098293e-24
-18520090.06		0		0.3		1.602176634e-20		2.17202233e-24

-16462302.28		0		0.3		1.602176634e-20		4.921516864e-24
-16462302.28		0		0.3		1.602176634e-20		3.63864178e-24
-16462302.28		0		0.3		1.602176634e-20		2.182461414e-24

-14404514.49		0		0.3		1.602176634e-20		5.849422755e-24
-14404514.49		0		0.3		1.602176634e-20		3.002750712e-24
-14404514.49		0		0.3		1.602176634e-20		2.40155457e-24

-12346726.71		0		0.3		1.602176634e-20		5.635930598e-24
-12346726.71		0		0.3		1.602176634e-20		3.103952147e-24
-12346726.71		0		0.3		1.602176634e-20		2.32598921e-24

-10288938.92		0		0.3		1.602176634e-20		5.079643536e-24
-10288938.92		0		0.3		1.602176634e-20		3.452609269e-24
-10288938.92		0		0.3		1.602176634e-20		2.176736904e-24

-8231151.139		0		0.3		1.602176634e-20		5.47731397e-24
-8231151.139		0		0.3		1.602176634e-20		3.168029836e-24
-8231151.139		0		0.3		1.602176634e-20		2.265284581e-24

-6173363.355		0		0.3		1.602176634e-20		6.102145892e-24
-6173363.355		0		0.3		1.602176634e-20		2.810591303e-24
-6173363.355		0		0.3		1.602176634e-20		2.458099159e-24

-4115575.57		0		0.3		1.602176634e-20		4.489015937e-24
-4115575.57		0		0.3		1.602176634e-20		3.888474739e-24
-4115575.57		0		0.3		1.602176634e-20		2.072417102e-24

-2057787.785		0		0.3		1.602176634e-20		5.175174099e-24
-2057787.785		0		0.3		1.602176634e-20		3.344012202e-24
-2057787.785		0		0.3		1.602176634e-20		2.175974744e-24

0		0		0.3		1.602176634e-20		5.658726267e-24
0		0		0.3		1.602176634e-20		3.035753013e-24
0		0		0.3		1.602176634e-20		2.302134525e-24

2057787.785		0		0.3		1.602176634e-20		5.175174099e-24
2057787.785		0		0.3		1.602176634e-20		3.344012202e-24
2057787.785		0		0.3		1.602176634e-20		2.175974744e-24

4115575.57		0		0.3		1.602176634e-20		4.489015937e-24
4115575.57		0		0.3		1.602176634e-20		3.888474739e-24
4115575.57		0		0.3		1.602176634e-20		2.072417102e-24

6173363.355		0		0.3		1.602176634e-20		6.102145892e-24
6173363.355		0		0.3		1.602176634e-20		2.810591303e-24
6173363.355		0		0.3		1.602176634e-20		2.458099159e-24

8231151.139		0		0.3		1.602176634e-20		5.47731397e-24
8231151.139		0		0.3		1.602176634e-20		3.168029836e-24
8231151.139		0		0.3		1.602176634e-20		2.265284581e-24

10288938.92		0		0.3		1.602176634e-20		5.079643536e-24
10288938.92		0		0.3		1.602176634e-20		3.452609269e-24
10288938.92		0		0.3		1.602176634e-20		2.176736904e-24

12346726.71		0		0.3		1.602176634e-20		5.635930598e-24
12346726.71		0		0.3		1.602176634e-20		3.103952147e-24
12346726.71		0		0.3		1.602176634e-20		2.32598921e-24

14404514.49		0		0.3		1.602176634e-20		5.849422755e-24
14404514.49		0		0.3		1.602176634e-20		3.002750712e-24
14404514.49		0		0.3		1.602176634e-20		2.40155457e-24

16462302.28		0		0.3		1.602176634e-20		4.921516864e-24
16462302.28		0		0.3		1.602176634e-20		3.63864178e-24
16462302.28		0		0.3		1.602176634e-20		2.182461414e-24

18520090.06		0		0.3		1.602176634e-20		4.739452304e-24
18520090.06		0		0.3		1.602176634e-20		3.815098293e-24
18520090.06		0		0.3		1.602176634e-20		2.17202233e-24

20577877.85		0		0.3		1.602176634e-20		5.076350138e-24
20577877.85		0		0.3		1.602176634e-20		3.583608591e-24
20577877.85		0		0.3		1.602176634e-20		2.240956238e-24

22635665.63		0		0.3		1.602176634e-20		4.542383144e-24
22635665.63		0		0.3		1.602176634e-20		4.059671875e-24
22635665.63		0		0.3		1.602176634e-20		2.191235707e-24

24693453.42		0		0.3		1.602176634e-20		5.53077769e-24
24693453.42		0		0.3		1.602176634e-20		3.34332485e-24
24693453.42		0		0.3		1.602176634e-20		2.378633637e-24

26751241.2		0		0.3		1.602176634e-20		5.140466668e-24
26751241.2		0		0.3		1.602176634e-20		3.648314146e-24
26751241.2		0		0.3		1.602176634e-20		2.314508729e-24

28809028.99		0		0.3		1.602176634e-20		6.42560795e-24
28809028.99		0		0.3		1.602176634e-20		2.932622718e-24
28809028.99		0		0.3		1.602176634e-20		2.703847698e-24

30866816.77		0		0.3		1.602176634e-20		6.696694296e-24
30866816.77		0		0.3		1.602176634e-20		2.854147813e-24
30866816.77		0		0.3		1.602176634e-20		2.828651881e-24

32924604.56		0		0.3		1.602176634e-20		6.036702446e-24
32924604.56		0		0.3		1.602176634e-20		3.213359022e-24
32924604.56		0		0.3		1.602176634e-20		2.608625149e-24

34982392.34		0		0.3		1.602176634e-20		4.587326822e-24
34982392.34		0		0.3		1.602176634e-20		4.31601927e-24
34982392.34		0		0.3		1.602176634e-20		2.36079874e-24

37040180.13		0		0.3		1.602176634e-20		6.597829844e-24
37040180.13		0		0.3		1.602176634e-20		3.025301301e-24
37040180.13		0		0.3		1.602176634e-20		2.855041299e-24

39097967.91		0		0.3		1.602176634e-20		5.821121185e-24
39097967.91		0		0.3		1.602176634e-20		3.489940266e-24
39097967.91		0		0.3		1.602176634e-20		2.620387012e-24

41155755.7		0		0.3		1.602176634e-20		5.660416626e-24
41155755.7		0		0.3		1.602176634e-20		3.649297514e-24
41155755.7		0		0.3		1.602176634e-20		2.608041411e-24

43213543.48		0		0.3		1.602176634e-20		6.477927683e-24
43213543.48		0		0.3		1.602176634e-20		3.24190461e-24
43213543.48		0		0.3		1.602176634e-20		2.879258455e-24

45271331.27		0		0.3		1.602176634e-20		5.578143685e-24
45271331.27		0		0.3		1.602176634e-20		3.824803966e-24
45271331.27		0		0.3		1.602176634e-20		2.6548351e-24

47329119.05		0		0.3		1.602176634e-20		6.22102227e-24
47329119.05		0		0.3		1.602176634e-20		3.489089158e-24
47329119.05		0		0.3		1.602176634e-20		2.854100409e-24

49386906.84		0		0.3		1.602176634e-20		5.242117147e-24
49386906.84		0		0.3		1.602176634e-20		4.226539393e-24
49386906.84		0		0.3		1.602176634e-20		2.658287841e-24

51444694.62		0		0.3		1.602176634e-20		5.191976397e-24
51444694.62		0		0.3		1.602176634e-20		4.337681614e-24
51444694.62		0		0.3		1.602176634e-20		2.694198199e-24

53502482.41		0		0.3		1.602176634e-20		6.003688781e-24
53502482.41		0		0.3		1.602176634e-20		3.825731655e-24
53502482.41		0		0.3		1.602176634e-20		2.881002464e-24

55560270.19		0		0.3		1.602176634e-20		6.355633564e-24
55560270.19		0		0.3		1.602176634e-20		3.685750935e-24
55560270.19		0		0.3		1.602176634e-20		3.015259866e-24

57618057.98		0		0.3		1.602176634e-20		5.957082298e-24
57618057.98		0		0.3		1.602176634e-20		3.993023113e-24
57618057.98		0		0.3		1.602176634e-20		2.949348995e-24

59675845.76		0		0.3		1.602176634e-20		5.210366353e-24
59675845.76		0		0.3		1.602176634e-20		4.646992337e-24
59675845.76		0		0.3		1.602176634e-20		2.873764605e-24

61733633.55		0		0.3		1.602176634e-20		5.257160861e-24
61733633.55		0		0.3		1.602176634e-20		4.692937428e-24
61733633.55		0		0.3		1.602176634e-20		2.924648533e-24

63791421.33		0		0.3		1.602176634e-20		6.047357774e-24
63791421.33		0		0.3		1.602176634e-20		4.166362317e-24
63791421.33		0		0.3		1.602176634e-20		3.088156317e-24

65849209.12		0		0.3		1.602176634e-20		6.687541539e-24
65849209.12		0		0.3		1.602176634e-20		3.869330589e-24
65849209.12		0		0.3		1.602176634e-20		3.29242211e-24

67906996.9		0		0.3		1.602176634e-20		6.220466203e-24
67906996.9		0		0.3		1.602176634e-20		4.228309253e-24
67906996.9		0		0.3		1.602176634e-20		3.198014085e-24

69964784.69		0		0.3		1.602176634e-20		5.569322412e-24
69964784.69		0		0.3		1.602176634e-20		4.797480661e-24
69964784.69		0		0.3		1.602176634e-20		3.131667947e-24

72022572.47		0		0.3		1.602176634e-20		5.687613401e-24
72022572.47		0		0.3		1.602176634e-20		4.800589695e-24
72022572.47		0		0.3		1.602176634e-20		3.188201839e-24

74080360.26		0		0.3		1.602176634e-20		6.65458054e-24
74080360.26		0		0.3		1.602176634e-20		4.200996224e-24
74080360.26		0		0.3		1.602176634e-20		3.440777698e-24

76138148.04		0		0.3		1.602176634e-20		6.468606281e-24
76138148.04		0		0.3		1.602176634e-20		4.398057307e-24
76138148.04		0		0.3		1.602176634e-20		3.435175521e-24

78195935.82		0		0.3		1.602176634e-20		7.09604787e-24
78195935.82		0		0.3		1.602176634e-20		4.130872601e-24
78195935.82		0		0.3		1.602176634e-20		3.649302189e-24

80253723.61		0		0.3		1.602176634e-20		6.453111639e-24
80253723.61		0		0.3		1.602176634e-20		4.596021587e-24
80253723.61		0		0.3		1.602176634e-20		3.511875032e-24

82311511.39		0		0.3		1.602176634e-20		6.736151145e-24
82311511.39		0		0.3		1.602176634e-20		4.507318374e-24
82311511.39		0		0.3		1.602176634e-20		3.622003692e-24

84369299.18		0		0.3		1.602176634e-20		7.645674565e-24
84369299.18		0		0.3		1.602176634e-20		4.112226014e-24
84369299.18		0		0.3		1.602176634e-20		3.962964042e-24

86427086.96		0		0.3		1.602176634e-20		5.99537908e-24
86427086.96		0		0.3		1.602176634e-20		5.231532244e-24
86427086.96		0		0.3		1.602176634e-20		3.581896887e-24

88484874.75		0		0.3		1.602176634e-20		7.084586775e-24
88484874.75		0		0.3		1.602176634e-20		4.566955245e-24
88484874.75		0		0.3		1.602176634e-20		3.849636862e-24

90542662.53		0		0.3		1.602176634e-20		7.678286543e-24
90542662.53		0		0.3		1.602176634e-20		4.34405156e-24
90542662.53		0		0.3		1.602176634e-20		4.088284988e-24

92600450.32		0		0.3		1.602176634e-20		7.297504977e-24
92600450.32		0		0.3		1.602176634e-20		4.626367031e-24
92600450.32		0		0.3		1.602176634e-20		3.999392539e-24

94658238.1		0		0.3		1.602176634e-20		6.290259835e-24
94658238.1		0		0.3		1.602176634e-20		5.404999872e-24
94658238.1		0		0.3		1.602176634e-20		3.829570105e-24

96716025.89		0		0.3		1.602176634e-20		8.066790133e-24
96716025.89		0		0.3		1.602176634e-20		4.4338454e-24
96716025.89		0		0.3		1.602176634e-20		4.34663635e-24

98773813.67		0		0.3		1.602176634e-20		6.9100195e-24
98773813.67		0		0.3		1.602176634e-20		5.148870031e-24
98773813.67		0		0.3		1.602176634e-20		4.03395649e-24

100831601.5		0		0.3		1.602176634e-20		6.748302318e-24
100831601.5		0		0.3		1.602176634e-20		5.360586803e-24
100831601.5		0		0.3		1.602176634e-20		4.057529141e-24

102889389.2		0		0.3		1.602176634e-20		7.387349985e-24
102889389.2		0		0.3		1.602176634e-20		5.035592312e-24
102889389.2		0		0.3		1.602176634e-20		4.251550346e-24

104947177		0		0.3		1.602176634e-20		7.676659761e-24
104947177		0		0.3		1.602176634e-20		4.967985974e-24
104947177		0		0.3		1.602176634e-20		4.380099473e-24

107004964.8		0		0.3		1.602176634e-20		7.275508808e-24
107004964.8		0		0.3		1.602176634e-20		5.303495857e-24
107004964.8		0		0.3		1.602176634e-20		4.314277175e-24

109062752.6		0		0.3		1.602176634e-20		6.771940828e-24
109062752.6		0		0.3		1.602176634e-20		5.769745728e-24
109062752.6		0		0.3		1.602176634e-20		4.272160882e-24

111120540.4		0		0.3		1.602176634e-20		6.845201598e-24
111120540.4		0		0.3		1.602176634e-20		5.817509387e-24
111120540.4		0		0.3		1.602176634e-20		4.342138478e-24

113178328.2		0		0.3		1.602176634e-20		7.572770272e-24
113178328.2		0		0.3		1.602176634e-20		5.406800409e-24
113178328.2		0		0.3		1.602176634e-20		4.541711291e-24

115236116		0		0.3		1.602176634e-20		7.772126885e-24
115236116		0		0.3		1.602176634e-20		5.387759099e-24
115236116		0		0.3		1.602176634e-20		4.641828809e-24

117293903.7		0		0.3		1.602176634e-20		8.14865081e-24
117293903.7		0		0.3		1.602176634e-20		5.284906539e-24
117293903.7		0		0.3		1.602176634e-20		4.797321063e-24

119351691.5		0		0.3		1.602176634e-20		7.733619462e-24
119351691.5		0		0.3		1.602176634e-20		5.613943022e-24
119351691.5		0		0.3		1.602176634e-20		4.724975683e-24

121409479.3		0		0.3		1.602176634e-20		8.225636782e-24
121409479.3		0		0.3		1.602176634e-20		5.431136805e-24
121409479.3		0		0.3		1.602176634e-20		4.915288893e-24

123467267.1		0		0.3		1.602176634e-20		8.097676716e-24
123467267.1		0		0.3		1.602176634e-20		5.588629886e-24
123467267.1		0		0.3		1.602176634e-20		4.930230539e-24

125525054.9		0		0.3		1.602176634e-20		7.87811215e-24
125525054.9		0		0.3		1.602176634e-20		5.819479552e-24
125525054.9		0		0.3		1.602176634e-20		4.918933948e-24

127582842.7		0		0.3		1.602176634e-20		7.409820423e-24
127582842.7		0		0.3		1.602176634e-20		6.258712632e-24
127582842.7		0		0.3		1.602176634e-20		4.871746223e-24

129640630.4		0		0.3		1.602176634e-20		7.479396429e-24
129640630.4		0		0.3		1.602176634e-20		6.302551209e-24
129640630.4		0		0.3		1.602176634e-20		4.950756404e-24

131698418.2		0		0.3		1.602176634e-20		8.149056591e-24
131698418.2		0		0.3		1.602176634e-20		5.959687727e-24
131698418.2		0		0.3		1.602176634e-20		5.140183374e-24

133756206		0		0.3		1.602176634e-20		8.255586459e-24
133756206		0		0.3		1.602176634e-20		5.999359012e-24
133756206		0		0.3		1.602176634e-20		5.217505606e-24

135813993.8		0		0.3		1.602176634e-20		8.943189303e-24
135813993.8		0		0.3		1.602176634e-20		5.735831228e-24
135813993.8		0		0.3		1.602176634e-20		5.487008221e-24

137871781.6		0		0.3		1.602176634e-20		8.727856121e-24
137871781.6		0		0.3		1.602176634e-20		5.929698797e-24
137871781.6		0		0.3		1.602176634e-20		5.463472623e-24

139929569.4		0		0.3		1.602176634e-20		9.237657226e-24
139929569.4		0		0.3		1.602176634e-20		5.798707448e-24
139929569.4		0		0.3		1.602176634e-20		5.678065441e-24

141987357.2		0		0.3		1.602176634e-20		7.940968812e-24
141987357.2		0		0.3		1.602176634e-20		6.623164166e-24
141987357.2		0		0.3		1.602176634e-20		5.367645592e-24

144045144.9		0		0.3		1.602176634e-20		9.089647038e-24
144045144.9		0		0.3		1.602176634e-20		6.041100619e-24
144045144.9		0		0.3		1.602176634e-20		5.728599376e-24

146102932.7		0		0.3		1.602176634e-20		9.503326916e-24
146102932.7		0		0.3		1.602176634e-20		5.966306038e-24
146102932.7		0		0.3		1.602176634e-20		5.913887875e-24

148160720.5		0		0.3		1.602176634e-20		9.061338763e-24
148160720.5		0		0.3		1.602176634e-20		6.2437423e-24
148160720.5		0		0.3		1.602176634e-20		5.818347145e-24

150218508.3		0		0.3		1.602176634e-20		8.196601601e-24
150218508.3		0		0.3		1.602176634e-20		6.870903281e-24
150218508.3		0		0.3		1.602176634e-20		5.650532917e-24

152276296.1		0		0.3		1.602176634e-20		9.055316886e-24
152276296.1		0		0.3		1.602176634e-20		6.440461983e-24
152276296.1		0		0.3		1.602176634e-20		5.919488602e-24

154334083.9		0		0.3		1.602176634e-20		9.516830014e-24
154334083.9		0		0.3		1.602176634e-20		6.320230446e-24
154334083.9		0		0.3		1.602176634e-20		6.120191342e-24

156391871.6		0		0.3		1.602176634e-20		8.989959221e-24
156391871.6		0		0.3		1.602176634e-20		6.673369403e-24
156391871.6		0		0.3		1.602176634e-20		6.007840604e-24

158449659.4		0		0.3		1.602176634e-20		8.626312372e-24
158449659.4		0		0.3		1.602176634e-20		6.996429122e-24
158449659.4		0		0.3		1.602176634e-20		5.977732088e-24

160507447.2		0		0.3		1.602176634e-20		8.814149106e-24
160507447.2		0		0.3		1.602176634e-20		6.981681132e-24
160507447.2		0		0.3		1.602176634e-20		6.077287066e-24

162565235		0		0.3		1.602176634e-20		9.0210279e-24
162565235		0		0.3		1.602176634e-20		6.95719142e-24
162565235		0		0.3		1.602176634e-20		6.186675666e-24

164623022.8		0		0.3		1.602176634e-20		8.684117352e-24
164623022.8		0		0.3		1.602176634e-20		7.283941746e-24
164623022.8		0		0.3		1.602176634e-20		6.169564326e-24

166680810.6		0		0.3		1.602176634e-20		1.005439363e-23
166680810.6		0		0.3		1.602176634e-20		6.673920941e-24
166680810.6		0		0.3		1.602176634e-20		6.603433705e-24

168738598.4		0		0.3		1.602176634e-20		9.325609689e-24
168738598.4		0		0.3		1.602176634e-20		7.087416646e-24
168738598.4		0		0.3		1.602176634e-20		6.442226905e-24

170796386.1		0		0.3		1.602176634e-20		9.606256881e-24
170796386.1		0		0.3		1.602176634e-20		7.038740585e-24
170796386.1		0		0.3		1.602176634e-20		6.581598799e-24

172854173.9		0		0.3		1.602176634e-20		9.545274187e-24
172854173.9		0		0.3		1.602176634e-20		7.175941497e-24
172854173.9		0		0.3		1.602176634e-20		6.61571453e-24

174911961.7		0		0.3		1.602176634e-20		9.768981639e-24
174911961.7		0		0.3		1.602176634e-20		7.164119727e-24
174911961.7		0		0.3		1.602176634e-20		6.739781856e-24

176969749.5		0		0.3		1.602176634e-20		9.684731758e-24
176969749.5		0		0.3		1.602176634e-20		7.297159884e-24
176969749.5		0		0.3		1.602176634e-20		6.780113962e-24

179027537.3		0		0.3		1.602176634e-20		1.014137202e-23
179027537.3		0		0.3		1.602176634e-20		7.188929377e-24
179027537.3		0		0.3		1.602176634e-20		6.977344096e-24

181085325.1		0		0.3		1.602176634e-20		9.399097997e-24
181085325.1		0		0.3		1.602176634e-20		7.670701648e-24
181085325.1		0		0.3		1.602176634e-20		6.826719498e-24

183143112.9		0		0.3		1.602176634e-20		9.333665382e-24
183143112.9		0		0.3		1.602176634e-20		7.821660503e-24
183143112.9		0		0.3		1.602176634e-20		6.877018038e-24

185200900.6		0		0.3		1.602176634e-20		9.823003898e-24
185200900.6		0		0.3		1.602176634e-20		7.636690093e-24
185200900.6		0		0.3		1.602176634e-20		7.060795306e-24

187258688.4		0		0.3		1.602176634e-20		9.634077777e-24
187258688.4		0		0.3		1.602176634e-20		7.847242182e-24
187258688.4		0		0.3		1.602176634e-20		7.078372892e-24

189316476.2		0		0.3		1.602176634e-20		9.924452239e-24
189316476.2		0		0.3		1.602176634e-20		7.788551249e-24
189316476.2		0		0.3		1.602176634e-20		7.218270707e-24

191374264		0		0.3		1.602176634e-20		9.59762867e-24
191374264		0		0.3		1.602176634e-20		8.089704357e-24
191374264		0		0.3		1.602176634e-20		7.205400619e-24

193432051.8		0		0.3		1.602176634e-20		1.042574335e-23
193432051.8		0		0.3		1.602176634e-20		7.76202237e-24
193432051.8		0		0.3		1.602176634e-20		7.488066939e-24

195489839.6		0		0.3		1.602176634e-20		1.053343671e-23
195489839.6		0		0.3		1.602176634e-20		7.821709737e-24
195489839.6		0		0.3		1.602176634e-20		7.582918098e-24

197547627.3		0		0.3		1.602176634e-20		9.824227477e-24
197547627.3		0		0.3		1.602176634e-20		8.282714625e-24
197547627.3		0		0.3		1.602176634e-20		7.465062645e-24

199605415.1		0		0.3		1.602176634e-20		1.031938832e-23
199605415.1		0		0.3		1.602176634e-20		8.113438856e-24
199605415.1		0		0.3		1.602176634e-20		7.662047516e-24

201663202.9		0		0.3		1.602176634e-20		1.006187662e-23
201663202.9		0		0.3		1.602176634e-20		8.364156163e-24
201663202.9		0		0.3		1.602176634e-20		7.66335703e-24

203720990.7		0		0.3		1.602176634e-20		1.077577278e-23
203720990.7		0		0.3		1.602176634e-20		8.137748393e-24
203720990.7		0		0.3		1.602176634e-20		7.923038445e-24

205778778.5		0		0.3		1.602176634e-20		1.082235574e-23
205778778.5		0		0.3		1.602176634e-20		8.225434479e-24
205778778.5		0		0.3		1.602176634e-20		8.005598374e-24

207836566.3		0		0.3		1.602176634e-20		1.025746564e-23
207836566.3		0		0.3		1.602176634e-20		8.592376108e-24
207836566.3		0		0.3		1.602176634e-20		7.933299751e-24

209894354.1		0		0.3		1.602176634e-20		1.049555918e-23
209894354.1		0		0.3		1.602176634e-20		8.576968307e-24
209894354.1		0		0.3		1.602176634e-20		8.069280354e-24

211952141.8		0		0.3		1.602176634e-20		1.039156877e-23
211952141.8		0		0.3		1.602176634e-20		8.749979301e-24
211952141.8		0		0.3		1.602176634e-20		8.119717892e-24

214009929.6		0		0.3		1.602176634e-20		1.038169348e-23
214009929.6		0		0.3		1.602176634e-20		8.873074459e-24
214009929.6		0		0.3		1.602176634e-20		8.199551069e-24

216067717.4		0		0.3		1.602176634e-20		1.096880083e-23
216067717.4		0		0.3		1.602176634e-20		8.715699652e-24
216067717.4		0		0.3		1.602176634e-20		8.417441476e-24

218125505.2		0		0.3		1.602176634e-20		1.083398015e-23
218125505.2		0		0.3		1.602176634e-20		8.885441167e-24
218125505.2		0		0.3		1.602176634e-20		8.464682509e-24

220183293		0		0.3		1.602176634e-20		1.084699336e-23
220183293		0		0.3		1.602176634e-20		8.999396509e-24
220183293		0		0.3		1.602176634e-20		8.550494439e-24

222241080.8		0		0.3		1.602176634e-20		1.08416291e-23
222241080.8		0		0.3		1.602176634e-20		9.125099445e-24
222241080.8		0		0.3		1.602176634e-20		8.633759222e-24

224298868.6		0		0.3		1.602176634e-20		1.135900707e-23
224298868.6		0		0.3		1.602176634e-20		9.072609737e-24
224298868.6		0		0.3		1.602176634e-20		8.821253829e-24

226356656.3		0		0.3		1.602176634e-20		1.106124681e-23
226356656.3		0		0.3		1.602176634e-20		9.280622587e-24
226356656.3		0		0.3		1.602176634e-20		8.858089523e-24

228414444.1		0		0.3		1.602176634e-20		1.118825306e-23
228414444.1		0		0.3		1.602176634e-20		9.359665661e-24
228414444.1		0		0.3		1.602176634e-20		8.975465131e-24

230472231.9		0		0.3		1.602176634e-20		1.138460063e-23
230472231.9		0		0.3		1.602176634e-20		9.427977731e-24
230472231.9		0		0.3		1.602176634e-20		9.103113519e-24

232530019.7		0		0.3		1.602176634e-20		1.120063347e-23
232530019.7		0		0.3		1.602176634e-20		9.619486824e-24
232530019.7		0		0.3		1.602176634e-20		9.168910748e-24

234587807.5		0		0.3		1.602176634e-20		1.115338258e-23
234587807.5		0		0.3		1.602176634e-20		9.780497773e-24
234587807.5		0		0.3		1.602176634e-20		9.260561684e-24

236645595.3		0		0.3		1.602176634e-20		1.124570807e-23
236645595.3		0		0.3		1.602176634e-20		9.886414594e-24
236645595.3		0		0.3		1.602176634e-20		9.379734887e-24

238703383		0		0.3		1.602176634e-20		1.132175471e-23
238703383		0		0.3		1.602176634e-20		1.000561831e-23
238703383		0		0.3		1.602176634e-20		9.497878799e-24

240761170.8		0		0.3		1.602176634e-20		1.142127538e-23
240761170.8		0		0.3		1.602176634e-20		1.01165893e-23
240761170.8		0		0.3		1.602176634e-20		9.625892605e-24

242818958.6		0		0.3		1.602176634e-20		1.153145337e-23
242818958.6		0		0.3		1.602176634e-20		1.023505162e-23
242818958.6		0		0.3		1.602176634e-20		9.754626013e-24

244876746.4		0		0.3		1.602176634e-20		1.159480134e-23
244876746.4		0		0.3		1.602176634e-20		1.038265667e-23
244876746.4		0		0.3		1.602176634e-20		9.876762737e-24

246934534.2		0		0.3		1.602176634e-20		1.178233205e-23
246934534.2		0		0.3		1.602176634e-20		1.049523329e-23
246934534.2		0		0.3		1.602176634e-20		1.001905794e-23

248992322		0		0.3		1.602176634e-20		1.18293997e-23
248992322		0		0.3		1.602176634e-20		1.065747188e-23
248992322		0		0.3		1.602176634e-20		1.01507299e-23

251050109.8		0		0.3		1.602176634e-20		1.189917946e-23
251050109.8		0		0.3		1.602176634e-20		1.082250024e-23
251050109.8		0		0.3		1.602176634e-20		1.02898325e-23

253107897.5		0		0.3		1.602176634e-20		1.220379654e-23
253107897.5		0		0.3		1.602176634e-20		1.095851948e-23
253107897.5		0		0.3		1.602176634e-20		1.044353323e-23

255165685.3		0		0.3		1.602176634e-20		1.209154663e-23
255165685.3		0		0.3		1.602176634e-20		1.117405259e-23
255165685.3		0		0.3		1.602176634e-20		1.05862666e-23

257223473.1		0		0.3		1.602176634e-20		1.236735659e-23
257223473.1		0		0.3		1.602176634e-20		1.134194105e-23
257223473.1		0		0.3		1.602176634e-20		1.074795528e-23

259281260.9		0		0.3		1.602176634e-20		1.239144654e-23
259281260.9		0		0.3		1.602176634e-20		1.156219599e-23
259281260.9		0		0.3		1.602176634e-20		1.091043129e-23

261339048.7		0		0.3		1.602176634e-20		1.247705273e-23
261339048.7		0		0.3		1.602176634e-20		1.179304634e-23
261339048.7		0		0.3		1.602176634e-20		1.108366451e-23

263396836.5		0		0.3		1.602176634e-20		1.261510751e-23
263396836.5		0		0.3		1.602176634e-20		1.203583937e-23
263396836.5		0		0.3		1.602176634e-20		1.126796688e-23

265454624.2		0		0.3		1.602176634e-20		1.270498893e-23
265454624.2		0		0.3		1.602176634e-20		1.231519598e-23
265454624.2		0		0.3		1.602176634e-20		1.146361256e-23

267512412		0		0.3		1.602176634e-20		1.28185985e-23
267512412		0		0.3		1.602176634e-20		1.262599426e-23
267512412		0		0.3		1.602176634e-20		1.167388955e-23

269570199.8		0		0.3		1.602176634e-20		1.299415633e-23
269570199.8		0		0.3		1.602176634e-20		1.294038819e-23
269570199.8		0		0.3		1.602176634e-20		1.190110944e-23

271627987.6		0		0.3		1.602176634e-20		1.33989157e-23
271627987.6		0		0.3		1.602176634e-20		1.309852742e-23
271627987.6		0		0.3		1.602176634e-20		1.214942592e-23

273685775.4		0		0.3		1.602176634e-20		1.39235008e-23
273685775.4		0		0.3		1.602176634e-20		1.326335262e-23
273685775.4		0		0.3		1.602176634e-20		1.242406505e-23

275743563.2		0		0.3		1.602176634e-20		1.432740936e-23
275743563.2		0		0.3		1.602176634e-20		1.345506516e-23
275743563.2		0		0.3		1.602176634e-20		1.273299519e-23

277801351		0		0.3		1.602176634e-20		1.436569145e-23
277801351		0		0.3		1.602176634e-20		1.368652979e-23
277801351		0		0.3		1.602176634e-20		1.308890638e-23

279859138.7		0		0.3		1.602176634e-20		1.444946651e-23
279859138.7		0		0.3		1.602176634e-20		1.398272628e-23
279859138.7		0		0.3		1.602176634e-20		1.351364747e-23

281916926.5		0		0.3		1.602176634e-20		1.46399066e-23
281916926.5		0		0.3		1.602176634e-20		1.440168074e-23
281916926.5		0		0.3		1.602176634e-20		1.405483358e-23

