# phi		energy
-0.3141592654		3.280476132e-23
-0.3141592654		3.277770663e-23
-0.3141592654		3.276070248e-23
-0.3141592654		3.27204602e-23
-0.3141592654		3.268502696e-23
-0.3141592654		3.26592507e-23
-0.3141592654		3.264435834e-23
-0.3141592654		3.261286966e-23
-0.3141592654		3.25802901e-23
-0.3141592654		3.255737161e-23
-0.3141592654		3.255039614e-23
-0.3141592654		3.252319687e-23
-0.3141592654		3.247918228e-23
-0.3141592654		3.246542115e-23
-0.3141592654		3.241659731e-23
-0.3141592654		3.240327882e-23
-0.3141592654		3.239192603e-23
-0.3141592654		3.238113285e-23
-0.3141592654		3.236756675e-23
-0.3141592654		3.234780041e-23
-0.3141592654		3.233704705e-23
-0.3141592654		3.2310981e-23
-0.3141592654		3.229776583e-23
-0.3141592654		3.226609881e-23
-0.3141592654		3.224333485e-23
-0.3141592654		3.223341973e-23
-0.3141592654		3.222795911e-23
-0.3141592654		3.221643535e-23
-0.3141592654		3.22005174e-23
-0.3141592654		3.218205693e-23
-0.3141592654		3.217606817e-23
-0.3141592654		3.216013004e-23
-0.3141592654		3.214896839e-23
-0.3141592654		3.214538693e-23
-0.3141592654		3.212598799e-23
-0.3141592654		3.211083287e-23
-0.3141592654		3.21001682e-23
-0.3141592654		3.208623489e-23
-0.3141592654		3.208435171e-23
-0.3141592654		3.207902705e-23
-0.3141592654		3.207443064e-23
-0.3141592654		3.206260677e-23
-0.3141592654		3.20579138e-23
-0.3141592654		3.205415635e-23
-0.3141592654		3.204969282e-23
-0.3141592654		3.202620434e-23
-0.3141592654		3.195962479e-23
-0.3141592654		3.189513264e-23
-0.3141592654		3.176126937e-23
-0.3141592654		3.159180632e-23
-0.3141592654		3.139312214e-23
-0.3141592654		3.101383605e-23
-0.3141592654		3.070586857e-23
-0.3141592654		3.026845063e-23
-0.3141592654		3.015128241e-23
-0.3141592654		2.922437238e-23
-0.3141592654		2.901110492e-23
-0.3141592654		2.883792184e-23
-0.3141592654		2.859859097e-23
-0.3141592654		2.817213946e-23
-0.3141592654		2.654400952e-23
-0.3141592654		2.548035644e-23

-0.1157428872		3.278717265e-23
-0.1157428872		3.277879296e-23
-0.1157428872		3.275785064e-23
-0.1157428872		3.272136549e-23
-0.1157428872		3.268416382e-23
-0.1157428872		3.265619765e-23
-0.1157428872		3.264874734e-23
-0.1157428872		3.261282173e-23
-0.1157428872		3.257227117e-23
-0.1157428872		3.255651835e-23
-0.1157428872		3.253359132e-23
-0.1157428872		3.252295072e-23
-0.1157428872		3.248221664e-23
-0.1157428872		3.245962176e-23
-0.1157428872		3.241202197e-23
-0.1157428872		3.240658875e-23
-0.1157428872		3.239084364e-23
-0.1157428872		3.238027507e-23
-0.1157428872		3.236282625e-23
-0.1157428872		3.234513545e-23
-0.1157428872		3.232528425e-23
-0.1157428872		3.230674695e-23
-0.1157428872		3.228162053e-23
-0.1157428872		3.226436994e-23
-0.1157428872		3.2245733e-23
-0.1157428872		3.223110191e-23
-0.1157428872		3.222164287e-23
-0.1157428872		3.221566315e-23
-0.1157428872		3.220276222e-23
-0.1157428872		3.218694799e-23
-0.1157428872		3.217030731e-23
-0.1157428872		3.216214466e-23
-0.1157428872		3.21485907e-23
-0.1157428872		3.214704984e-23
-0.1157428872		3.212979986e-23
-0.1157428872		3.211714613e-23
-0.1157428872		3.210392947e-23
-0.1157428872		3.20908431e-23
-0.1157428872		3.208712614e-23
-0.1157428872		3.207765365e-23
-0.1157428872		3.207498001e-23
-0.1157428872		3.206117419e-23
-0.1157428872		3.205710631e-23
-0.1157428872		3.205367657e-23
-0.1157428872		3.204511504e-23
-0.1157428872		3.203327248e-23
-0.1157428872		3.198554283e-23
-0.1157428872		3.191817055e-23
-0.1157428872		3.181182285e-23
-0.1157428872		3.171509207e-23
-0.1157428872		3.161192463e-23
-0.1157428872		3.132722935e-23
-0.1157428872		3.080697639e-23
-0.1157428872		3.050140148e-23
-0.1157428872		3.038824297e-23
-0.1157428872		2.954927772e-23
-0.1157428872		2.939649428e-23
-0.1157428872		2.920977461e-23
-0.1157428872		2.886427113e-23
-0.1157428872		2.857889401e-23
-0.1157428872		2.683490263e-23
-0.1157428872		2.575944248e-23

0.08267349088		3.280839463e-23
0.08267349088		3.278007802e-23
0.08267349088		3.275772309e-23
0.08267349088		3.272131322e-23
0.08267349088		3.268396433e-23
0.08267349088		3.265571504e-23
0.08267349088		3.264957293e-23
0.08267349088		3.261281731e-23
0.08267349088		3.257185208e-23
0.08267349088		3.255653855e-23
0.08267349088		3.253309939e-23
0.08267349088		3.251964773e-23
0.08267349088		3.248517686e-23
0.08267349088		3.245871324e-23
0.08267349088		3.241232037e-23
0.08267349088		3.240646985e-23
0.08267349088		3.239066139e-23
0.08267349088		3.238023522e-23
0.08267349088		3.236244677e-23
0.08267349088		3.234511281e-23
0.08267349088		3.232386176e-23
0.08267349088		3.230732753e-23
0.08267349088		3.227691569e-23
0.08267349088		3.226412815e-23
0.08267349088		3.224711747e-23
0.08267349088		3.223124916e-23
0.08267349088		3.221985198e-23
0.08267349088		3.221448759e-23
0.08267349088		3.220302752e-23
0.08267349088		3.218767713e-23
0.08267349088		3.21688894e-23
0.08267349088		3.216258352e-23
0.08267349088		3.214853998e-23
0.08267349088		3.214444021e-23
0.08267349088		3.213040371e-23
0.08267349088		3.211885239e-23
0.08267349088		3.210441602e-23
0.08267349088		3.209129007e-23
0.08267349088		3.208727205e-23
0.08267349088		3.207728438e-23
0.08267349088		3.207515827e-23
0.08267349088		3.206108697e-23
0.08267349088		3.205695981e-23
0.08267349088		3.205374494e-23
0.08267349088		3.204133286e-23
0.08267349088		3.203345442e-23
0.08267349088		3.199565563e-23
0.08267349088		3.191477757e-23
0.08267349088		3.181441797e-23
0.08267349088		3.173813157e-23
0.08267349088		3.161268169e-23
0.08267349088		3.13613725e-23
0.08267349088		3.081357059e-23
0.08267349088		3.051714753e-23
0.08267349088		3.040532351e-23
0.08267349088		2.957757659e-23
0.08267349088		2.94295023e-23
0.08267349088		2.923734352e-23
0.08267349088		2.888218504e-23
0.08267349088		2.861219926e-23
0.08267349088		2.685750618e-23
0.08267349088		2.578100353e-23

0.281089869		3.280566123e-23
0.281089869		3.278337008e-23
0.281089869		3.2761225e-23
0.281089869		3.272091436e-23
0.281089869		3.268491181e-23
0.281089869		3.265855008e-23
0.281089869		3.264476051e-23
0.281089869		3.261309382e-23
0.281089869		3.257814939e-23
0.281089869		3.255685543e-23
0.281089869		3.254811024e-23
0.281089869		3.252382489e-23
0.281089869		3.247651238e-23
0.281089869		3.246606615e-23
0.281089869		3.241544559e-23
0.281089869		3.240395873e-23
0.281089869		3.239224567e-23
0.281089869		3.238093716e-23
0.281089869		3.236659735e-23
0.281089869		3.234700735e-23
0.281089869		3.233538993e-23
0.281089869		3.230863772e-23
0.281089869		3.229906565e-23
0.281089869		3.226595718e-23
0.281089869		3.224230932e-23
0.281089869		3.223382466e-23
0.281089869		3.222844843e-23
0.281089869		3.221626494e-23
0.281089869		3.220079646e-23
0.281089869		3.218282606e-23
0.281089869		3.217570074e-23
0.281089869		3.216050915e-23
0.281089869		3.214919801e-23
0.281089869		3.21462608e-23
0.281089869		3.212673305e-23
0.281089869		3.211143797e-23
0.281089869		3.210084098e-23
0.281089869		3.208723908e-23
0.281089869		3.208498046e-23
0.281089869		3.207900029e-23
0.281089869		3.207448292e-23
0.281089869		3.20623805e-23
0.281089869		3.20578291e-23
0.281089869		3.205404949e-23
0.281089869		3.204985606e-23
0.281089869		3.202814349e-23
0.281089869		3.195921294e-23
0.281089869		3.190656012e-23
0.281089869		3.177502373e-23
0.281089869		3.161386588e-23
0.281089869		3.14508953e-23
0.281089869		3.107397451e-23
0.281089869		3.073347604e-23
0.281089869		3.03210689e-23
0.281089869		3.021101038e-23
0.281089869		2.92936018e-23
0.281089869		2.9094464e-23
0.281089869		2.892485506e-23
0.281089869		2.866402294e-23
0.281089869		2.826297072e-23
0.281089869		2.661067571e-23
0.281089869		2.554456399e-23

0.4795062471		3.278838122e-23
0.4795062471		3.277907352e-23
0.4795062471		3.275734841e-23
0.4795062471		3.271577229e-23
0.4795062471		3.268184169e-23
0.4795062471		3.265992321e-23
0.4795062471		3.264163205e-23
0.4795062471		3.261280363e-23
0.4795062471		3.259402963e-23
0.4795062471		3.25618267e-23
0.4795062471		3.255277827e-23
0.4795062471		3.252482175e-23
0.4795062471		3.249189323e-23
0.4795062471		3.245758196e-23
0.4795062471		3.241996135e-23
0.4795062471		3.240303792e-23
0.4795062471		3.238923492e-23
0.4795062471		3.238096109e-23
0.4795062471		3.237135262e-23
0.4795062471		3.235052578e-23
0.4795062471		3.233926263e-23
0.4795062471		3.231382732e-23
0.4795062471		3.229115799e-23
0.4795062471		3.226366208e-23
0.4795062471		3.22463584e-23
0.4795062471		3.222799627e-23
0.4795062471		3.22241774e-23
0.4795062471		3.221740555e-23
0.4795062471		3.219965755e-23
0.4795062471		3.21789762e-23
0.4795062471		3.217488131e-23
0.4795062471		3.21571373e-23
0.4795062471		3.214816482e-23
0.4795062471		3.214134323e-23
0.4795062471		3.212161828e-23
0.4795062471		3.210981414e-23
0.4795062471		3.209761449e-23
0.4795062471		3.208321398e-23
0.4795062471		3.207893408e-23
0.4795062471		3.207694439e-23
0.4795062471		3.207299887e-23
0.4795062471		3.206263138e-23
0.4795062471		3.205773614e-23
0.4795062471		3.205404063e-23
0.4795062471		3.204886765e-23
0.4795062471		3.201276909e-23
0.4795062471		3.19431214e-23
0.4795062471		3.182940561e-23
0.4795062471		3.163860796e-23
0.4795062471		3.142216654e-23
0.4795062471		3.104916254e-23
0.4795062471		3.070467086e-23
0.4795062471		3.0451867e-23
0.4795062471		2.995970499e-23
0.4795062471		2.969701236e-23
0.4795062471		2.880853254e-23
0.4795062471		2.850217944e-23
0.4795062471		2.827441533e-23
0.4795062471		2.81214035e-23
0.4795062471		2.759279468e-23
0.4795062471		2.610573834e-23
0.4795062471		2.505523085e-23

0.6779226252		3.279303152e-23
0.6779226252		3.27810289e-23
0.6779226252		3.274485984e-23
0.6779226252		3.270734458e-23
0.6779226252		3.267556448e-23
0.6779226252		3.266014976e-23
0.6779226252		3.264157067e-23
0.6779226252		3.261227256e-23
0.6779226252		3.260178237e-23
0.6779226252		3.256307184e-23
0.6779226252		3.254848226e-23
0.6779226252		3.252583238e-23
0.6779226252		3.249514209e-23
0.6779226252		3.244726264e-23
0.6779226252		3.242160737e-23
0.6779226252		3.240198774e-23
0.6779226252		3.238864077e-23
0.6779226252		3.237666698e-23
0.6779226252		3.23713931e-23
0.6779226252		3.234816308e-23
0.6779226252		3.233282391e-23
0.6779226252		3.231075594e-23
0.6779226252		3.228702036e-23
0.6779226252		3.22556789e-23
0.6779226252		3.224288971e-23
0.6779226252		3.222342635e-23
0.6779226252		3.221773091e-23
0.6779226252		3.221299309e-23
0.6779226252		3.219662361e-23
0.6779226252		3.21779399e-23
0.6779226252		3.216668547e-23
0.6779226252		3.215034813e-23
0.6779226252		3.214603722e-23
0.6779226252		3.213788258e-23
0.6779226252		3.21149258e-23
0.6779226252		3.210961785e-23
0.6779226252		3.209569719e-23
0.6779226252		3.207969918e-23
0.6779226252		3.207765998e-23
0.6779226252		3.207470883e-23
0.6779226252		3.206779901e-23
0.6779226252		3.205966767e-23
0.6779226252		3.205559383e-23
0.6779226252		3.205005924e-23
0.6779226252		3.203151595e-23
0.6779226252		3.196573559e-23
0.6779226252		3.186786261e-23
0.6779226252		3.170106177e-23
0.6779226252		3.138487198e-23
0.6779226252		3.109604776e-23
0.6779226252		3.052239281e-23
0.6779226252		3.031469872e-23
0.6779226252		2.98857888e-23
0.6779226252		2.945028684e-23
0.6779226252		2.888283531e-23
0.6779226252		2.815039305e-23
0.6779226252		2.771666858e-23
0.6779226252		2.737003864e-23
0.6779226252		2.72136304e-23
0.6779226252		2.664709026e-23
0.6779226252		2.535946105e-23
0.6779226252		2.432286355e-23

0.8763390034		3.279199055e-23
0.8763390034		3.277782965e-23
0.8763390034		3.273310059e-23
0.8763390034		3.2694926e-23
0.8763390034		3.267206442e-23
0.8763390034		3.266319642e-23
0.8763390034		3.264047471e-23
0.8763390034		3.261114004e-23
0.8763390034		3.258771216e-23
0.8763390034		3.25614414e-23
0.8763390034		3.253965583e-23
0.8763390034		3.251101713e-23
0.8763390034		3.249222341e-23
0.8763390034		3.243940202e-23
0.8763390034		3.24228215e-23
0.8763390034		3.239872875e-23
0.8763390034		3.238877471e-23
0.8763390034		3.237497508e-23
0.8763390034		3.236625304e-23
0.8763390034		3.234293064e-23
0.8763390034		3.231895505e-23
0.8763390034		3.230762777e-23
0.8763390034		3.228210629e-23
0.8763390034		3.224863279e-23
0.8763390034		3.223902641e-23
0.8763390034		3.222119013e-23
0.8763390034		3.221571989e-23
0.8763390034		3.220640934e-23
0.8763390034		3.218982758e-23
0.8763390034		3.217513262e-23
0.8763390034		3.216003061e-23
0.8763390034		3.214636234e-23
0.8763390034		3.213807545e-23
0.8763390034		3.213429659e-23
0.8763390034		3.211004932e-23
0.8763390034		3.210472688e-23
0.8763390034		3.209401689e-23
0.8763390034		3.207765058e-23
0.8763390034		3.207588669e-23
0.8763390034		3.207386818e-23
0.8763390034		3.206711068e-23
0.8763390034		3.205823585e-23
0.8763390034		3.205432546e-23
0.8763390034		3.204922507e-23
0.8763390034		3.196034744e-23
0.8763390034		3.1830176e-23
0.8763390034		3.173880766e-23
0.8763390034		3.145507615e-23
0.8763390034		3.10387306e-23
0.8763390034		3.063974e-23
0.8763390034		2.986339086e-23
0.8763390034		2.983427789e-23
0.8763390034		2.912748061e-23
0.8763390034		2.876043697e-23
0.8763390034		2.787969581e-23
0.8763390034		2.729354644e-23
0.8763390034		2.674131237e-23
0.8763390034		2.623251265e-23
0.8763390034		2.60251148e-23
0.8763390034		2.546194401e-23
0.8763390034		2.438629928e-23
0.8763390034		2.336065284e-23

1.074755381		3.27827525e-23
1.074755381		3.275769827e-23
1.074755381		3.272731209e-23
1.074755381		3.268565459e-23
1.074755381		3.267636475e-23
1.074755381		3.265614781e-23
1.074755381		3.262930783e-23
1.074755381		3.261053114e-23
1.074755381		3.257254947e-23
1.074755381		3.255974421e-23
1.074755381		3.252899086e-23
1.074755381		3.249836265e-23
1.074755381		3.24706071e-23
1.074755381		3.243238577e-23
1.074755381		3.241773704e-23
1.074755381		3.239519179e-23
1.074755381		3.238740588e-23
1.074755381		3.237287663e-23
1.074755381		3.236074978e-23
1.074755381		3.233564656e-23
1.074755381		3.230919545e-23
1.074755381		3.228854464e-23
1.074755381		3.227385061e-23
1.074755381		3.224014768e-23
1.074755381		3.223606496e-23
1.074755381		3.221764026e-23
1.074755381		3.221302549e-23
1.074755381		3.220311913e-23
1.074755381		3.218434859e-23
1.074755381		3.216735021e-23
1.074755381		3.215597925e-23
1.074755381		3.214394301e-23
1.074755381		3.213266743e-23
1.074755381		3.212552146e-23
1.074755381		3.210430117e-23
1.074755381		3.20966393e-23
1.074755381		3.208892103e-23
1.074755381		3.207653008e-23
1.074755381		3.207349875e-23
1.074755381		3.207293251e-23
1.074755381		3.206566983e-23
1.074755381		3.205724243e-23
1.074755381		3.205065479e-23
1.074755381		3.204365841e-23
1.074755381		3.182540774e-23
1.074755381		3.161351735e-23
1.074755381		3.153543383e-23
1.074755381		3.108985531e-23
1.074755381		3.060369957e-23
1.074755381		3.005590231e-23
1.074755381		2.930734055e-23
1.074755381		2.900693857e-23
1.074755381		2.822990732e-23
1.074755381		2.790464766e-23
1.074755381		2.677184754e-23
1.074755381		2.622742401e-23
1.074755381		2.557045358e-23
1.074755381		2.488043494e-23
1.074755381		2.461681056e-23
1.074755381		2.406840503e-23
1.074755381		2.319397873e-23
1.074755381		2.2183589e-23

1.27317176		3.279641496e-23
1.27317176		3.27813139e-23
1.27317176		3.272406629e-23
1.27317176		3.268278022e-23
1.27317176		3.267730188e-23
1.27317176		3.263962005e-23
1.27317176		3.26140359e-23
1.27317176		3.260662771e-23
1.27317176		3.256447097e-23
1.27317176		3.255528796e-23
1.27317176		3.251927598e-23
1.27317176		3.249114545e-23
1.27317176		3.245161116e-23
1.27317176		3.242815141e-23
1.27317176		3.240528466e-23
1.27317176		3.239156042e-23
1.27317176		3.238530803e-23
1.27317176		3.236931709e-23
1.27317176		3.23550206e-23
1.27317176		3.232841583e-23
1.27317176		3.230742176e-23
1.27317176		3.226938313e-23
1.27317176		3.225607378e-23
1.27317176		3.22352379e-23
1.27317176		3.22242964e-23
1.27317176		3.221182183e-23
1.27317176		3.220840595e-23
1.27317176		3.21990789e-23
1.27317176		3.217984086e-23
1.27317176		3.21561943e-23
1.27317176		3.215284727e-23
1.27317176		3.214150584e-23
1.27317176		3.212973035e-23
1.27317176		3.211470505e-23
1.27317176		3.2098541e-23
1.27317176		3.209235212e-23
1.27317176		3.207969997e-23
1.27317176		3.207411235e-23
1.27317176		3.207246288e-23
1.27317176		3.206766644e-23
1.27317176		3.206179758e-23
1.27317176		3.205639505e-23
1.27317176		3.204952957e-23
1.27317176		3.194965863e-23
1.27317176		3.16017208e-23
1.27317176		3.137064451e-23
1.27317176		3.120060458e-23
1.27317176		3.064122813e-23
1.27317176		3.008493278e-23
1.27317176		2.938392108e-23
1.27317176		2.863418547e-23
1.27317176		2.80461924e-23
1.27317176		2.722370053e-23
1.27317176		2.692039797e-23
1.27317176		2.559310304e-23
1.27317176		2.498807625e-23
1.27317176		2.421579912e-23
1.27317176		2.333644558e-23
1.27317176		2.302268304e-23
1.27317176		2.249508505e-23
1.27317176		2.178139553e-23
1.27317176		2.080722779e-23

1.471588138		3.277444929e-23
1.471588138		3.272125774e-23
1.471588138		3.271266366e-23
1.471588138		3.267873159e-23
1.471588138		3.267257956e-23
1.471588138		3.262185944e-23
1.471588138		3.261066419e-23
1.471588138		3.258183784e-23
1.471588138		3.256165085e-23
1.471588138		3.254636271e-23
1.471588138		3.251233805e-23
1.471588138		3.248071935e-23
1.471588138		3.244182048e-23
1.471588138		3.24239382e-23
1.471588138		3.239770301e-23
1.471588138		3.238686376e-23
1.471588138		3.2383421e-23
1.471588138		3.236457756e-23
1.471588138		3.234868252e-23
1.471588138		3.232222384e-23
1.471588138		3.230542635e-23
1.471588138		3.226147261e-23
1.471588138		3.22464158e-23
1.471588138		3.223316073e-23
1.471588138		3.221586719e-23
1.471588138		3.220855159e-23
1.471588138		3.220005492e-23
1.471588138		3.219283637e-23
1.471588138		3.217492095e-23
1.471588138		3.215067035e-23
1.471588138		3.214883541e-23
1.471588138		3.213897048e-23
1.471588138		3.212691532e-23
1.471588138		3.210840253e-23
1.471588138		3.209475408e-23
1.471588138		3.208730698e-23
1.471588138		3.207811131e-23
1.471588138		3.20728798e-23
1.471588138		3.207156358e-23
1.471588138		3.20630987e-23
1.471588138		3.20576147e-23
1.471588138		3.205534667e-23
1.471588138		3.204839836e-23
1.471588138		3.167641817e-23
1.471588138		3.128794802e-23
1.471588138		3.10681922e-23
1.471588138		3.07596384e-23
1.471588138		3.012911563e-23
1.471588138		2.949693465e-23
1.471588138		2.867884237e-23
1.471588138		2.78206343e-23
1.471588138		2.699013162e-23
1.471588138		2.61364363e-23
1.471588138		2.585081443e-23
1.471588138		2.434071374e-23
1.471588138		2.363839183e-23
1.471588138		2.27059747e-23
1.471588138		2.162419722e-23
1.471588138		2.128408889e-23
1.471588138		2.0764019e-23
1.471588138		2.014173882e-23
1.471588138		1.924689131e-23

1.670004516		3.275627751e-23
1.670004516		3.271695296e-23
1.670004516		3.270106215e-23
1.670004516		3.267610452e-23
1.670004516		3.266156071e-23
1.670004516		3.261251058e-23
1.670004516		3.260360178e-23
1.670004516		3.256061221e-23
1.670004516		3.255413032e-23
1.670004516		3.253549533e-23
1.670004516		3.250702144e-23
1.670004516		3.246653038e-23
1.670004516		3.243531359e-23
1.670004516		3.241849561e-23
1.670004516		3.239418691e-23
1.670004516		3.238343319e-23
1.670004516		3.238038145e-23
1.670004516		3.235917892e-23
1.670004516		3.234157055e-23
1.670004516		3.231569427e-23
1.670004516		3.230259353e-23
1.670004516		3.225512753e-23
1.670004516		3.224154987e-23
1.670004516		3.223087184e-23
1.670004516		3.221145509e-23
1.670004516		3.220604046e-23
1.670004516		3.219439758e-23
1.670004516		3.218489854e-23
1.670004516		3.216871118e-23
1.670004516		3.214769887e-23
1.670004516		3.214536826e-23
1.670004516		3.213637977e-23
1.670004516		3.21241488e-23
1.670004516		3.210422975e-23
1.670004516		3.209226902e-23
1.670004516		3.208189784e-23
1.670004516		3.207690089e-23
1.670004516		3.207192899e-23
1.670004516		3.207048258e-23
1.670004516		3.206062139e-23
1.670004516		3.205408717e-23
1.670004516		3.205118516e-23
1.670004516		3.20392321e-23
1.670004516		3.132102522e-23
1.670004516		3.091087635e-23
1.670004516		3.065677944e-23
1.670004516		3.024758102e-23
1.670004516		2.956581836e-23
1.670004516		2.886006583e-23
1.670004516		2.796509885e-23
1.670004516		2.689786505e-23
1.670004516		2.587465931e-23
1.670004516		2.500027407e-23
1.670004516		2.473639104e-23
1.670004516		2.302574588e-23
1.670004516		2.222607731e-23
1.670004516		2.108039738e-23
1.670004516		1.977451965e-23
1.670004516		1.945668162e-23
1.670004516		1.88758568e-23
1.670004516		1.828050805e-23
1.670004516		1.751713276e-23

1.868420894		3.273982609e-23
1.868420894		3.271317354e-23
1.868420894		3.26876491e-23
1.868420894		3.267398079e-23
1.868420894		3.264653358e-23
1.868420894		3.261124073e-23
1.868420894		3.25908863e-23
1.868420894		3.255806257e-23
1.868420894		3.253271694e-23
1.868420894		3.252392261e-23
1.868420894		3.250169409e-23
1.868420894		3.244844296e-23
1.868420894		3.242879392e-23
1.868420894		3.241247843e-23
1.868420894		3.239170821e-23
1.868420894		3.238236343e-23
1.868420894		3.237554066e-23
1.868420894		3.235342728e-23
1.868420894		3.233461792e-23
1.868420894		3.230721419e-23
1.868420894		3.229877649e-23
1.868420894		3.225000978e-23
1.868420894		3.223777242e-23
1.868420894		3.222816947e-23
1.868420894		3.220841672e-23
1.868420894		3.220351797e-23
1.868420894		3.219002526e-23
1.868420894		3.217705458e-23
1.868420894		3.215940894e-23
1.868420894		3.214502938e-23
1.868420894		3.214195901e-23
1.868420894		3.213347633e-23
1.868420894		3.212146795e-23
1.868420894		3.210080993e-23
1.868420894		3.208960048e-23
1.868420894		3.207912064e-23
1.868420894		3.207512631e-23
1.868420894		3.207082656e-23
1.868420894		3.206889653e-23
1.868420894		3.205958927e-23
1.868420894		3.205190315e-23
1.868420894		3.204875807e-23
1.868420894		3.200959246e-23
1.868420894		3.098937522e-23
1.868420894		3.048174735e-23
1.868420894		3.014572901e-23
1.868420894		2.969232982e-23
1.868420894		2.897034833e-23
1.868420894		2.819958634e-23
1.868420894		2.724794892e-23
1.868420894		2.592557934e-23
1.868420894		2.474003007e-23
1.868420894		2.385564546e-23
1.868420894		2.361268097e-23
1.868420894		2.168000534e-23
1.868420894		2.079017347e-23
1.868420894		1.938277919e-23
1.868420894		1.783048558e-23
1.868420894		1.758208685e-23
1.868420894		1.682844781e-23
1.868420894		1.622935089e-23
1.868420894		1.563110945e-23

2.066837272		3.273005571e-23
2.066837272		3.270912341e-23
2.066837272		3.267625046e-23
2.066837272		3.267005195e-23
2.066837272		3.263132175e-23
2.066837272		3.261056459e-23
2.066837272		3.258027519e-23
2.066837272		3.255467487e-23
2.066837272		3.251730307e-23
2.066837272		3.251300719e-23
2.066837272		3.249563031e-23
2.066837272		3.243554337e-23
2.066837272		3.241399888e-23
2.066837272		3.240615625e-23
2.066837272		3.238923059e-23
2.066837272		3.238158119e-23
2.066837272		3.237016072e-23
2.066837272		3.234752664e-23
2.066837272		3.232879877e-23
2.066837272		3.229624262e-23
2.066837272		3.229377474e-23
2.066837272		3.22461031e-23
2.066837272		3.22339755e-23
2.066837272		3.222508038e-23
2.066837272		3.220622946e-23
2.066837272		3.220081692e-23
2.066837272		3.218534583e-23
2.066837272		3.217149693e-23
2.066837272		3.214826962e-23
2.066837272		3.214217642e-23
2.066837272		3.213699682e-23
2.066837272		3.212926477e-23
2.066837272		3.211869209e-23
2.066837272		3.209726744e-23
2.066837272		3.208622064e-23
2.066837272		3.207784378e-23
2.066837272		3.207345869e-23
2.066837272		3.206902583e-23
2.066837272		3.206613895e-23
2.066837272		3.205889096e-23
2.066837272		3.205042365e-23
2.066837272		3.204192366e-23
2.066837272		3.196363967e-23
2.066837272		3.070677776e-23
2.066837272		3.002419601e-23
2.066837272		2.960359569e-23
2.066837272		2.912128465e-23
2.066837272		2.837034642e-23
2.066837272		2.754592046e-23
2.066837272		2.65408937e-23
2.066837272		2.496239702e-23
2.066837272		2.363133224e-23
2.066837272		2.275256507e-23
2.066837272		2.251144922e-23
2.066837272		2.03492118e-23
2.066837272		1.937391561e-23
2.066837272		1.766287729e-23
2.066837272		1.58572302e-23
2.066837272		1.566595701e-23
2.066837272		1.465282219e-23
2.066837272		1.403304987e-23
2.066837272		1.359890313e-23

2.26525365		3.272440894e-23
2.26525365		3.270436437e-23
2.26525365		3.267238946e-23
2.26525365		3.265947709e-23
2.26525365		3.261956874e-23
2.26525365		3.260983285e-23
2.26525365		3.257341774e-23
2.26525365		3.254982621e-23
2.26525365		3.25090718e-23
2.26525365		3.250142564e-23
2.26525365		3.248906309e-23
2.26525365		3.243119274e-23
2.26525365		3.240418529e-23
2.26525365		3.239229652e-23
2.26525365		3.238623986e-23
2.26525365		3.23801327e-23
2.26525365		3.236293811e-23
2.26525365		3.234191826e-23
2.26525365		3.232413092e-23
2.26525365		3.228952516e-23
2.26525365		3.228256142e-23
2.26525365		3.22433317e-23
2.26525365		3.22299505e-23
2.26525365		3.222173741e-23
2.26525365		3.220461385e-23
2.26525365		3.219825442e-23
2.26525365		3.217984042e-23
2.26525365		3.216748935e-23
2.26525365		3.214394944e-23
2.26525365		3.213688456e-23
2.26525365		3.212961176e-23
2.26525365		3.21228909e-23
2.26525365		3.211523206e-23
2.26525365		3.2093015e-23
2.26525365		3.208277622e-23
2.26525365		3.20768171e-23
2.26525365		3.207244442e-23
2.26525365		3.206656355e-23
2.26525365		3.206081611e-23
2.26525365		3.205825913e-23
2.26525365		3.204953625e-23
2.26525365		3.202304557e-23
2.26525365		3.190509243e-23
2.26525365		3.046449539e-23
2.26525365		2.957951056e-23
2.26525365		2.909262163e-23
2.26525365		2.856804515e-23
2.26525365		2.779833603e-23
2.26525365		2.693310538e-23
2.26525365		2.587008763e-23
2.26525365		2.40611703e-23
2.26525365		2.259774708e-23
2.26525365		2.174427596e-23
2.26525365		2.146890123e-23
2.26525365		1.908913914e-23
2.26525365		1.802995413e-23
2.26525365		1.598266789e-23
2.26525365		1.394102288e-23
2.26525365		1.371732616e-23
2.26525365		1.239982972e-23
2.26525365		1.174821302e-23
2.26525365		1.142101798e-23

2.463670028		3.272107996e-23
2.463670028		3.269961064e-23
2.463670028		3.267032029e-23
2.463670028		3.264752718e-23
2.463670028		3.261191405e-23
2.463670028		3.260862473e-23
2.463670028		3.25698187e-23
2.463670028		3.254456451e-23
2.463670028		3.25043634e-23
2.463670028		3.249209149e-23
2.463670028		3.248219048e-23
2.463670028		3.242889345e-23
2.463670028		3.240081132e-23
2.463670028		3.238508574e-23
2.463670028		3.238321564e-23
2.463670028		3.237551966e-23
2.463670028		3.235310641e-23
2.463670028		3.233708861e-23
2.463670028		3.232029621e-23
2.463670028		3.228481681e-23
2.463670028		3.227155278e-23
2.463670028		3.224143562e-23
2.463670028		3.222635106e-23
2.463670028		3.221845498e-23
2.463670028		3.220337553e-23
2.463670028		3.219622911e-23
2.463670028		3.21748297e-23
2.463670028		3.216418591e-23
2.463670028		3.214275436e-23
2.463670028		3.213368713e-23
2.463670028		3.212271227e-23
2.463670028		3.211711246e-23
2.463670028		3.211089078e-23
2.463670028		3.208842505e-23
2.463670028		3.208060725e-23
2.463670028		3.207585159e-23
2.463670028		3.20718216e-23
2.463670028		3.206463704e-23
2.463670028		3.205782115e-23
2.463670028		3.205269146e-23
2.463670028		3.204658592e-23
2.463670028		3.19866954e-23
2.463670028		3.184059562e-23
2.463670028		3.026128463e-23
2.463670028		2.91822534e-23
2.463670028		2.865115133e-23
2.463670028		2.807284626e-23
2.463670028		2.728819583e-23
2.463670028		2.63956004e-23
2.463670028		2.527051347e-23
2.463670028		2.327082421e-23
2.463670028		2.169067145e-23
2.463670028		2.087602817e-23
2.463670028		2.053619481e-23
2.463670028		1.796350626e-23
2.463670028		1.682211562e-23
2.463670028		1.442296511e-23
2.463670028		1.214469403e-23
2.463670028		1.182276229e-23
2.463670028		1.01343253e-23
2.463670028		9.453915867e-24
2.463670028		9.090337104e-24

2.662086406		3.271864321e-23
2.662086406		3.269561078e-23
2.662086406		3.266874908e-23
2.662086406		3.26371879e-23
2.662086406		3.260885161e-23
2.662086406		3.26052793e-23
2.662086406		3.256801001e-23
2.662086406		3.254018067e-23
2.662086406		3.250118529e-23
2.662086406		3.248631142e-23
2.662086406		3.247557855e-23
2.662086406		3.242735091e-23
2.662086406		3.239875091e-23
2.662086406		3.238256375e-23
2.662086406		3.238180584e-23
2.662086406		3.237114526e-23
2.662086406		3.234439525e-23
2.662086406		3.233309917e-23
2.662086406		3.231711228e-23
2.662086406		3.228099161e-23
2.662086406		3.22643483e-23
2.662086406		3.224013614e-23
2.662086406		3.222372087e-23
2.662086406		3.221571147e-23
2.662086406		3.220242457e-23
2.662086406		3.219480645e-23
2.662086406		3.217150784e-23
2.662086406		3.216155399e-23
2.662086406		3.214207887e-23
2.662086406		3.213176729e-23
2.662086406		3.211910052e-23
2.662086406		3.211299183e-23
2.662086406		3.210740723e-23
2.662086406		3.208474961e-23
2.662086406		3.2079588e-23
2.662086406		3.207514317e-23
2.662086406		3.207138146e-23
2.662086406		3.206349742e-23
2.662086406		3.205732775e-23
2.662086406		3.205031195e-23
2.662086406		3.203464224e-23
2.662086406		3.194048014e-23
2.662086406		3.177964202e-23
2.662086406		3.010209028e-23
2.662086406		2.886036458e-23
2.662086406		2.830264706e-23
2.662086406		2.767322284e-23
2.662086406		2.6872927e-23
2.662086406		2.596492979e-23
2.662086406		2.478065315e-23
2.662086406		2.26362777e-23
2.662086406		2.096063198e-23
2.662086406		2.018626766e-23
2.662086406		1.977343923e-23
2.662086406		1.704099143e-23
2.662086406		1.582410931e-23
2.662086406		1.308830642e-23
2.662086406		1.055768008e-23
2.662086406		1.012164453e-23
2.662086406		7.95807221e-24
2.662086406		7.21728919e-24
2.662086406		6.658718359e-24

2.860502785		3.271809617e-23
2.860502785		3.26928377e-23
2.860502785		3.26675598e-23
2.860502785		3.263007173e-23
2.860502785		3.26075944e-23
2.860502785		3.260234921e-23
2.860502785		3.25671016e-23
2.860502785		3.253721165e-23
2.860502785		3.249913636e-23
2.860502785		3.248303744e-23
2.860502785		3.247069152e-23
2.860502785		3.242634945e-23
2.860502785		3.239754882e-23
2.860502785		3.23820612e-23
2.860502785		3.23799721e-23
2.860502785		3.236865037e-23
2.860502785		3.23392405e-23
2.860502785		3.232993315e-23
2.860502785		3.231463695e-23
2.860502785		3.227833611e-23
2.860502785		3.22603618e-23
2.860502785		3.223929161e-23
2.860502785		3.222208197e-23
2.860502785		3.221382105e-23
2.860502785		3.220175401e-23
2.860502785		3.219390684e-23
2.860502785		3.216967267e-23
2.860502785		3.215979943e-23
2.860502785		3.214167083e-23
2.860502785		3.213055645e-23
2.860502785		3.211736075e-23
2.860502785		3.211055057e-23
2.860502785		3.210533797e-23
2.860502785		3.20824882e-23
2.860502785		3.207911415e-23
2.860502785		3.207472697e-23
2.860502785		3.2071073e-23
2.860502785		3.206288008e-23
2.860502785		3.205695284e-23
2.860502785		3.204980575e-23
2.860502785		3.202212249e-23
2.860502785		3.190017661e-23
2.860502785		3.173253213e-23
2.860502785		2.999322863e-23
2.860502785		2.863611973e-23
2.860502785		2.806393149e-23
2.860502785		2.739692428e-23
2.860502785		2.658194679e-23
2.860502785		2.566703019e-23
2.860502785		2.443637746e-23
2.860502785		2.219606338e-23
2.860502785		2.045281287e-23
2.860502785		1.971006775e-23
2.860502785		1.923680319e-23
2.860502785		1.63889396e-23
2.860502785		1.51128852e-23
2.860502785		1.210434333e-23
2.860502785		9.337337388e-24
2.860502785		8.796068927e-24
2.860502785		6.071997418e-24
2.860502785		5.177847907e-24
2.860502785		4.255339906e-24

3.058919163		3.271624044e-23
3.058919163		3.269132297e-23
3.058919163		3.266693774e-23
3.058919163		3.262673742e-23
3.058919163		3.260669404e-23
3.058919163		3.260085877e-23
3.058919163		3.256672552e-23
3.058919163		3.25357825e-23
3.058919163		3.249815284e-23
3.058919163		3.248156064e-23
3.058919163		3.24682814e-23
3.058919163		3.242586566e-23
3.058919163		3.239701089e-23
3.058919163		3.238191383e-23
3.058919163		3.237898225e-23
3.058919163		3.236753106e-23
3.058919163		3.233716241e-23
3.058919163		3.232817243e-23
3.058919163		3.231325592e-23
3.058919163		3.227702866e-23
3.058919163		3.225866241e-23
3.058919163		3.223887959e-23
3.058919163		3.222132716e-23
3.058919163		3.221289903e-23
3.058919163		3.220141064e-23
3.058919163		3.219348152e-23
3.058919163		3.216888708e-23
3.058919163		3.215897001e-23
3.058919163		3.214148118e-23
3.058919163		3.212997477e-23
3.058919163		3.211661859e-23
3.058919163		3.210951093e-23
3.058919163		3.210441527e-23
3.058919163		3.208147979e-23
3.058919163		3.207892363e-23
3.058919163		3.207454426e-23
3.058919163		3.207091346e-23
3.058919163		3.206261546e-23
3.058919163		3.205675167e-23
3.058919163		3.204961625e-23
3.058919163		3.20149914e-23
3.058919163		3.187814495e-23
3.058919163		3.170781511e-23
3.058919163		2.993987162e-23
3.058919163		2.852517816e-23
3.058919163		2.794689852e-23
3.058919163		2.726109143e-23
3.058919163		2.643738038e-23
3.058919163		2.552022707e-23
3.058919163		2.426501872e-23
3.058919163		2.197861437e-23
3.058919163		2.020147853e-23
3.058919163		1.94752691e-23
3.058919163		1.896940987e-23
3.058919163		1.606267159e-23
3.058919163		1.475486863e-23
3.058919163		1.159627482e-23
3.058919163		8.683176687e-24
3.058919163		8.076349397e-24
3.058919163		4.904887089e-24
3.058919163		3.801781022e-24
3.058919163		2.301325726e-24

3.257335541		3.271678349e-23
3.257335541		3.269157417e-23
3.257335541		3.266697363e-23
3.257335541		3.262705029e-23
3.257335541		3.260673499e-23
3.257335541		3.260097912e-23
3.257335541		3.256675841e-23
3.257335541		3.253591254e-23
3.257335541		3.249824251e-23
3.257335541		3.248169329e-23
3.257335541		3.246850147e-23
3.257335541		3.242590987e-23
3.257335541		3.239705887e-23
3.257335541		3.23819262e-23
3.257335541		3.23790741e-23
3.257335541		3.236763143e-23
3.257335541		3.233733928e-23
3.257335541		3.232833903e-23
3.257335541		3.231338847e-23
3.257335541		3.227714849e-23
3.257335541		3.225881168e-23
3.257335541		3.223891742e-23
3.257335541		3.222139499e-23
3.257335541		3.221298329e-23
3.257335541		3.220144264e-23
3.257335541		3.219352015e-23
3.257335541		3.216895627e-23
3.257335541		3.215904497e-23
3.257335541		3.214149831e-23
3.257335541		3.213002788e-23
3.257335541		3.211668456e-23
3.257335541		3.210960177e-23
3.257335541		3.210449756e-23
3.257335541		3.208156936e-23
3.257335541		3.207894019e-23
3.257335541		3.207456045e-23
3.257335541		3.207092839e-23
3.257335541		3.206263879e-23
3.257335541		3.205677065e-23
3.257335541		3.204963287e-23
3.257335541		3.201567016e-23
3.257335541		3.188022e-23
3.257335541		3.171012332e-23
3.257335541		2.99447581e-23
3.257335541		2.853536428e-23
3.257335541		2.79576166e-23
3.257335541		2.727353666e-23
3.257335541		2.645067157e-23
3.257335541		2.553369072e-23
3.257335541		2.428078184e-23
3.257335541		2.199857289e-23
3.257335541		2.022456182e-23
3.257335541		1.949681166e-23
3.257335541		1.899401739e-23
3.257335541		1.609274126e-23
3.257335541		1.478792903e-23
3.257335541		1.164359327e-23
3.257335541		8.744942303e-24
3.257335541		8.144654176e-24
3.257335541		5.022612123e-24
3.257335541		3.947715456e-24
3.257335541		2.543160808e-24

3.455751919		3.271749267e-23
3.455751919		3.269323387e-23
3.455751919		3.26677233e-23
3.455751919		3.263099448e-23
3.455751919		3.260769536e-23
3.455751919		3.260266771e-23
3.455751919		3.256721009e-23
3.455751919		3.253760075e-23
3.455751919		3.249940377e-23
3.455751919		3.248344824e-23
3.455751919		3.247134322e-23
3.455751919		3.242648061e-23
3.455751919		3.23976995e-23
3.455751919		3.238210552e-23
3.455751919		3.238023308e-23
3.455751919		3.236896239e-23
3.455751919		3.233985626e-23
3.455751919		3.233038443e-23
3.455751919		3.231498737e-23
3.455751919		3.227868856e-23
3.455751919		3.226084782e-23
3.455751919		3.223940266e-23
3.455751919		3.222229113e-23
3.455751919		3.221407061e-23
3.455751919		3.220184469e-23
3.455751919		3.219402316e-23
3.455751919		3.216989671e-23
3.455751919		3.216002721e-23
3.455751919		3.214172306e-23
3.455751919		3.213071437e-23
3.455751919		3.211757081e-23
3.455751919		3.211084934e-23
3.455751919		3.210559669e-23
3.455751919		3.208277192e-23
3.455751919		3.207916963e-23
3.455751919		3.207477862e-23
3.455751919		3.207111491e-23
3.455751919		3.206295546e-23
3.455751919		3.205700499e-23
3.455751919		3.204986094e-23
3.455751919		3.202393946e-23
3.455751919		3.190587919e-23
3.455751919		3.173902066e-23
3.455751919		3.000763212e-23
3.455751919		2.866595727e-23
3.455751919		2.809552258e-23
3.455751919		2.743356004e-23
3.455751919		2.662075631e-23
3.455751919		2.570657583e-23
3.455751919		2.448234411e-23
3.455751919		2.225457742e-23
3.455751919		2.052038713e-23
3.455751919		1.977329018e-23
3.455751919		1.930849303e-23
3.455751919		1.647624494e-23
3.455751919		1.520843212e-23
3.455751919		1.223839242e-23
3.455751919		9.50688327e-24
3.455751919		8.981414151e-24
3.455751919		6.351844647e-24
3.455751919		5.490799485e-24
3.455751919		4.6446588e-24

