# phi		B		disorder		eigenvalue
3.141592654		0		0		7.787861502e-25
3.141592654		0		0		6.329299745e-25
3.141592654		0		0		4.950383109e-25

3.141592654		0.008040201005		0		6.105407062e-25
3.141592654		0.008040201005		0		4.76804861e-25
3.141592654		0.008040201005		0		4.75731489e-25

3.141592654		0.01608040201		0		5.412109054e-25
3.141592654		0.01608040201		0		4.280461677e-25
3.141592654		0.01608040201		0		4.242367701e-25

3.141592654		0.02412060302		0		4.493657858e-25
3.141592654		0.02412060302		0		3.528148422e-25
3.141592654		0.02412060302		0		3.415114257e-25

3.141592654		0.03216080402		0		3.610195791e-25
3.141592654		0.03216080402		0		2.681372627e-25
3.141592654		0.03216080402		0		2.01338585e-25

3.141592654		0.04020100503		0		2.839473356e-25
3.141592654		0.04020100503		0		2.056094171e-25
3.141592654		0.04020100503		0		5.623265719e-26

3.141592654		0.04824120603		0		3.047193274e-25
3.141592654		0.04824120603		0		2.41777388e-25
3.141592654		0.04824120603		0		6.725437291e-26

3.141592654		0.05628140704		0		3.43897112e-25
3.141592654		0.05628140704		0		3.199133341e-25
3.141592654		0.05628140704		0		7.684260419e-26

3.141592654		0.06432160804		0		4.505653221e-25
3.141592654		0.06432160804		0		2.98593825e-25
3.141592654		0.06432160804		0		4.7587048e-26

3.141592654		0.07236180905		0		5.585048705e-25
3.141592654		0.07236180905		0		2.584153493e-25
3.141592654		0.07236180905		0		3.859796217e-26

3.141592654		0.08040201005		0		5.446607096e-25
3.141592654		0.08040201005		0		2.146069282e-25
3.141592654		0.08040201005		0		6.47765599e-26

3.141592654		0.08844221106		0		5.511043539e-25
3.141592654		0.08844221106		0		1.679746419e-25
3.141592654		0.08844221106		0		1.310402333e-25

3.141592654		0.09648241206		0		5.520433395e-25
3.141592654		0.09648241206		0		2.343757822e-25
3.141592654		0.09648241206		0		1.294550973e-25

3.141592654		0.1045226131		0		5.165307862e-25
3.141592654		0.1045226131		0		3.622866052e-25
3.141592654		0.1045226131		0		9.79528154e-26

3.141592654		0.1125628141		0		5.018336162e-25
3.141592654		0.1125628141		0		4.578369461e-25
3.141592654		0.1125628141		0		6.387333131e-26

3.141592654		0.1206030151		0		6.432436302e-25
3.141592654		0.1206030151		0		3.996258089e-25
3.141592654		0.1206030151		0		1.606302033e-26

3.141592654		0.1286432161		0		7.717454845e-25
3.141592654		0.1286432161		0		3.50799894e-25
3.141592654		0.1286432161		0		5.312519087e-26

3.141592654		0.1366834171		0		7.942785656e-25
3.141592654		0.1366834171		0		3.027538367e-25
3.141592654		0.1366834171		0		1.431445082e-25

3.141592654		0.1447236181		0		7.663572802e-25
3.141592654		0.1447236181		0		2.476316655e-25
3.141592654		0.1447236181		0		2.305254608e-25

3.141592654		0.1527638191		0		7.364455575e-25
3.141592654		0.1527638191		0		3.594782553e-25
3.141592654		0.1527638191		0		1.036582755e-25

3.141592654		0.1608040201		0		7.08830876e-25
3.141592654		0.1608040201		0		4.718865226e-25
3.141592654		0.1608040201		0		8.763006155e-26

3.141592654		0.1688442211		0		6.928441794e-25
3.141592654		0.1688442211		0		5.72839869e-25
3.141592654		0.1688442211		0		3.245473105e-25

3.141592654		0.1768844221		0		7.341354896e-25
3.141592654		0.1768844221		0		6.366642156e-25
3.141592654		0.1768844221		0		5.602216767e-25

3.141592654		0.1849246231		0		7.992287781e-25
3.141592654		0.1849246231		0		6.767693732e-25
3.141592654		0.1849246231		0		5.825838907e-25

3.141592654		0.1929648241		0		8.761869798e-25
3.141592654		0.1929648241		0		5.582551534e-25
3.141592654		0.1929648241		0		3.575709285e-25

3.141592654		0.2010050251		0		9.177468827e-25
3.141592654		0.2010050251		0		5.304129371e-25
3.141592654		0.2010050251		0		1.753348359e-26

3.141592654		0.2090452261		0		9.141605401e-25
3.141592654		0.2090452261		0		5.026115842e-25
3.141592654		0.2090452261		0		3.240049974e-25

3.141592654		0.2170854271		0		8.758957602e-25
3.141592654		0.2170854271		0		6.496561583e-25
3.141592654		0.2170854271		0		4.69774162e-25

3.141592654		0.2251256281		0		8.690178693e-25
3.141592654		0.2251256281		0		7.155205968e-25
3.141592654		0.2251256281		0		4.401545978e-25

3.141592654		0.2331658291		0		7.016962084e-25
3.141592654		0.2331658291		0		5.724323975e-25
3.141592654		0.2331658291		0		4.047472741e-25

3.141592654		0.2412060302		0		5.304714491e-25
3.141592654		0.2412060302		0		3.96564083e-25
3.141592654		0.2412060302		0		3.328939584e-25

3.141592654		0.2492462312		0		4.244892475e-25
3.141592654		0.2492462312		0		2.48501993e-25
3.141592654		0.2492462312		0		1.284172816e-25

3.141592654		0.2572864322		0		3.818004113e-25
3.141592654		0.2572864322		0		1.186327293e-25
3.141592654		0.2572864322		0		5.299308847e-26

3.141592654		0.2653266332		0		3.786614672e-25
3.141592654		0.2653266332		0		3.550319627e-25
3.141592654		0.2653266332		0		1.606764678e-25

3.141592654		0.2733668342		0		6.301080701e-25
3.141592654		0.2733668342		0		3.715851124e-25
3.141592654		0.2733668342		0		3.335257618e-25

3.141592654		0.2814070352		0		3.434215603e-25
3.141592654		0.2814070352		0		3.237092825e-25
3.141592654		0.2814070352		0		2.708228367e-25

3.141592654		0.2894472362		0		3.037302963e-25
3.141592654		0.2894472362		0		8.862621494e-26
3.141592654		0.2894472362		0		3.817536915e-26

3.141592654		0.2974874372		0		4.547957014e-25
3.141592654		0.2974874372		0		2.917968563e-25
3.141592654		0.2974874372		0		2.600615856e-25

3.141592654		0.3055276382		0		5.947367814e-25
3.141592654		0.3055276382		0		2.829993375e-25
3.141592654		0.3055276382		0		1.670924152e-25

3.141592654		0.3135678392		0		6.225191112e-25
3.141592654		0.3135678392		0		2.771784672e-25
3.141592654		0.3135678392		0		1.968911174e-25

3.141592654		0.3216080402		0		6.189573613e-25
3.141592654		0.3216080402		0		5.66414418e-25
3.141592654		0.3216080402		0		2.743063138e-25

3.141592654		0.3296482412		0		9.370883732e-25
3.141592654		0.3296482412		0		6.165891724e-25
3.141592654		0.3296482412		0		2.743651629e-25

3.141592654		0.3376884422		0		1.308212592e-24
3.141592654		0.3376884422		0		6.160814504e-25
3.141592654		0.3376884422		0		2.772817345e-25

3.141592654		0.3457286432		0		1.679478689e-24
3.141592654		0.3457286432		0		6.177143502e-25
3.141592654		0.3457286432		0		2.829383838e-25

3.141592654		0.3537688442		0		2.041111835e-24
3.141592654		0.3537688442		0		6.215669556e-25
3.141592654		0.3537688442		0		2.911699293e-25

3.141592654		0.3618090452		0		2.076745291e-24
3.141592654		0.3618090452		0		6.275981209e-25
3.141592654		0.3618090452		0		3.017719299e-25

3.141592654		0.3698492462		0		2.101493795e-24
3.141592654		0.3698492462		0		6.356918386e-25
3.141592654		0.3698492462		0		3.145121607e-25

3.141592654		0.3778894472		0		2.12573276e-24
3.141592654		0.3778894472		0		6.456871439e-25
3.141592654		0.3778894472		0		3.29143008e-25

3.141592654		0.3859296482		0		2.149556759e-24
3.141592654		0.3859296482		0		6.57399366e-25
3.141592654		0.3859296482		0		3.454129347e-25

3.141592654		0.3939698492		0		2.172991433e-24
3.141592654		0.3939698492		0		6.706353618e-25
3.141592654		0.3939698492		0		3.630758773e-25

3.141592654		0.4020100503		0		2.196048509e-24
3.141592654		0.4020100503		0		6.852040723e-25
3.141592654		0.4020100503		0		3.818981209e-25

3.141592654		0.4100502513		0		2.218734233e-24
3.141592654		0.4100502513		0		7.009233843e-25
3.141592654		0.4100502513		0		4.016627246e-25

3.141592654		0.4180904523		0		2.241051777e-24
3.141592654		0.4180904523		0		7.176241591e-25
3.141592654		0.4180904523		0		4.221718662e-25

3.141592654		0.4261306533		0		2.263002333e-24
3.141592654		0.4261306533		0		7.351521945e-25
3.141592654		0.4261306533		0		4.432475962e-25

3.141592654		0.4341708543		0		2.284585703e-24
3.141592654		0.4341708543		0		7.533687623e-25
3.141592654		0.4341708543		0		4.647314811e-25

3.141592654		0.4422110553		0		2.305800688e-24
3.141592654		0.4422110553		0		7.72150229e-25
3.141592654		0.4422110553		0		4.864835411e-25

3.141592654		0.4502512563		0		2.326645376e-24
3.141592654		0.4502512563		0		7.913871334e-25
3.141592654		0.4502512563		0		5.083807947e-25

3.141592654		0.4582914573		0		2.347117344e-24
3.141592654		0.4582914573		0		8.10982986e-25
3.141592654		0.4582914573		0		5.30315633e-25

3.141592654		0.4663316583		0		2.367213822e-24
3.141592654		0.4663316583		0		8.30852964e-25
3.141592654		0.4663316583		0		5.521941697e-25

3.141592654		0.4743718593		0		2.38693183e-24
3.141592654		0.4743718593		0		8.509226122e-25
3.141592654		0.4743718593		0		5.739346571e-25

3.141592654		0.4824120603		0		2.406268272e-24
3.141592654		0.4824120603		0		8.711266138e-25
3.141592654		0.4824120603		0		5.954660203e-25

3.141592654		0.4904522613		0		2.425220019e-24
3.141592654		0.4904522613		0		8.914076635e-25
3.141592654		0.4904522613		0		6.167265301e-25

3.141592654		0.4984924623		0		2.443783982e-24
3.141592654		0.4984924623		0		9.117154564e-25
3.141592654		0.4984924623		0		6.376626222e-25

3.141592654		0.5065326633		0		2.461957154e-24
3.141592654		0.5065326633		0		9.320057954e-25
3.141592654		0.5065326633		0		6.582278588e-25

3.141592654		0.5145728643		0		2.47973666e-24
3.141592654		0.5145728643		0		9.522398084e-25
3.141592654		0.5145728643		0		6.783820212e-25

3.141592654		0.5226130653		0		2.497119784e-24
3.141592654		0.5226130653		0		9.723832693e-25
3.141592654		0.5226130653		0		6.980903218e-25

3.141592654		0.5306532663		0		2.514104e-24
3.141592654		0.5306532663		0		9.924060099e-25
3.141592654		0.5306532663		0		7.173227224e-25

3.141592654		0.5386934673		0		2.530686981e-24
3.141592654		0.5386934673		0		1.012281412e-24
3.141592654		0.5386934673		0		7.360533443e-25

3.141592654		0.5467336683		0		2.546866621e-24
3.141592654		0.5467336683		0		1.031985971e-24
3.141592654		0.5467336683		0		7.542599605e-25

3.141592654		0.5547738693		0		2.562641039e-24
3.141592654		0.5547738693		0		1.051498919e-24
3.141592654		0.5547738693		0		7.71923556e-25

3.141592654		0.5628140704		0		2.578008556e-24
3.141592654		0.5628140704		0		1.070801898e-24
3.141592654		0.5628140704		0		7.89027949e-25

3.141592654		0.5708542714		0		2.592967744e-24
3.141592654		0.5708542714		0		1.089878684e-24
3.141592654		0.5708542714		0		8.055594639e-25

3.141592654		0.5788944724		0		2.607517362e-24
3.141592654		0.5788944724		0		1.108714941e-24
3.141592654		0.5788944724		0		8.215066469e-25

3.141592654		0.5869346734		0		2.621656362e-24
3.141592654		0.5869346734		0		1.127298009e-24
3.141592654		0.5869346734		0		8.368600215e-25

3.141592654		0.5949748744		0		2.635383851e-24
3.141592654		0.5949748744		0		1.145616726e-24
3.141592654		0.5949748744		0		8.516118741e-25

3.141592654		0.6030150754		0		2.648699065e-24
3.141592654		0.6030150754		0		1.163661262e-24
3.141592654		0.6030150754		0		8.657560695e-25

3.141592654		0.6110552764		0		2.661601289e-24
3.141592654		0.6110552764		0		1.181422979e-24
3.141592654		0.6110552764		0		8.792878885e-25

3.141592654		0.6190954774		0		2.674089791e-24
3.141592654		0.6190954774		0		1.198894306e-24
3.141592654		0.6190954774		0		8.92203887e-25

3.141592654		0.6271356784		0		2.686163676e-24
3.141592654		0.6271356784		0		1.216068621e-24
3.141592654		0.6271356784		0		9.04501772e-25

3.141592654		0.6351758794		0		2.697821698e-24
3.141592654		0.6351758794		0		1.232940149e-24
3.141592654		0.6351758794		0		9.161802927e-25

3.141592654		0.6432160804		0		2.709061944e-24
3.141592654		0.6432160804		0		1.249503858e-24
3.141592654		0.6432160804		0		9.272391445e-25

3.141592654		0.6512562814		0		2.719881285e-24
3.141592654		0.6512562814		0		1.265755357e-24
3.141592654		0.6512562814		0		9.376788829e-25

3.141592654		0.6592964824		0		2.730274397e-24
3.141592654		0.6592964824		0		1.281690781e-24
3.141592654		0.6592964824		0		9.475008468e-25

3.141592654		0.6673366834		0		2.7402318e-24
3.141592654		0.6673366834		0		1.297306638e-24
3.141592654		0.6673366834		0		9.567070864e-25

3.141592654		0.6753768844		0		2.749735251e-24
3.141592654		0.6753768844		0		1.312599559e-24
3.141592654		0.6753768844		0		9.653002945e-25

3.141592654		0.6834170854		0		2.754377676e-24
3.141592654		0.6834170854		0		1.327565763e-24
3.141592654		0.6834170854		0		9.732837329e-25

3.141592654		0.6914572864		0		2.383677282e-24
3.141592654		0.6914572864		0		1.34219948e-24
3.141592654		0.6914572864		0		9.80661142e-25

3.141592654		0.6994974874		0		2.013089132e-24
3.141592654		0.6994974874		0		1.356486107e-24
3.141592654		0.6994974874		0		9.874366021e-25

3.141592654		0.7075376884		0		1.642787143e-24
3.141592654		0.7075376884		0		1.370338113e-24
3.141592654		0.7075376884		0		9.936142588e-25

3.141592654		0.7155778894		0		1.384847195e-24
3.141592654		0.7155778894		0		1.271798555e-24
3.141592654		0.7155778894		0		9.991976279e-25

3.141592654		0.7236180905		0		1.397722131e-24
3.141592654		0.7236180905		0		1.004187346e-24
3.141592654		0.7236180905		0		9.026130507e-25

3.141592654		0.7316582915		0		1.410666379e-24
3.141592654		0.7316582915		0		1.008571133e-24
3.141592654		0.7316582915		0		5.339166467e-25

3.141592654		0.7396984925		0		1.336912293e-24
3.141592654		0.7396984925		0		1.012241964e-24
3.141592654		0.7396984925		0		1.670021286e-25

3.141592654		0.7477386935		0		1.018904025e-24
3.141592654		0.7477386935		0		9.699676828e-25
3.141592654		0.7477386935		0		1.951511277e-25

3.141592654		0.7557788945		0		1.018477422e-24
3.141592654		0.7557788945		0		6.150936471e-25
3.141592654		0.7557788945		0		5.319520089e-25

3.141592654		0.7638190955		0		1.012576292e-24
3.141592654		0.7638190955		0		6.792389926e-25
3.141592654		0.7638190955		0		2.454698169e-25

