# phi		energy
-3.769911184		3.503693177e-23
-3.769911184		3.481219153e-23
-3.769911184		3.426256789e-23
-3.769911184		3.415976365e-23
-3.769911184		3.396907898e-23
-3.769911184		3.391423456e-23
-3.769911184		3.376135941e-23
-3.769911184		3.366703654e-23
-3.769911184		3.298193949e-23
-3.769911184		3.272773024e-23
-3.769911184		3.255065558e-23
-3.769911184		3.24272349e-23
-3.769911184		3.238824911e-23
-3.769911184		3.211857523e-23
-3.769911184		3.190080733e-23
-3.769911184		3.166079755e-23
-3.769911184		3.131239495e-23
-3.769911184		3.121571501e-23
-3.769911184		3.090945435e-23
-3.769911184		3.083904257e-23
-3.769911184		3.054424551e-23
-3.769911184		3.05323025e-23
-3.769911184		3.047876913e-23
-3.769911184		3.039475317e-23
-3.769911184		3.036768023e-23
-3.769911184		3.006641439e-23
-3.769911184		3.001281741e-23
-3.769911184		3.001193634e-23
-3.769911184		2.976715939e-23
-3.769911184		2.959113415e-23
-3.769911184		2.936939283e-23
-3.769911184		2.906498272e-23
-3.769911184		2.905136094e-23
-3.769911184		2.882494647e-23
-3.769911184		2.88036185e-23
-3.769911184		2.857503557e-23
-3.769911184		2.798266119e-23
-3.769911184		2.750992434e-23
-3.769911184		2.744122454e-23
-3.769911184		2.725740684e-23
-3.769911184		2.694272954e-23
-3.769911184		2.683961584e-23
-3.769911184		2.653827268e-23
-3.769911184		2.568261197e-23
-3.769911184		2.447714958e-23
-3.769911184		2.347502857e-23
-3.769911184		2.33622339e-23
-3.769911184		2.313389785e-23
-3.769911184		2.312566648e-23
-3.769911184		2.2941099e-23
-3.769911184		2.270259604e-23
-3.769911184		2.238148589e-23
-3.769911184		2.218585002e-23
-3.769911184		2.17471016e-23
-3.769911184		1.930283525e-23
-3.769911184		1.845966309e-23
-3.769911184		1.782914341e-23
-3.769911184		1.781364475e-23
-3.769911184		1.662198395e-23
-3.769911184		1.545744794e-23
-3.769911184		1.49555693e-23
-3.769911184		1.362637498e-23
-3.769911184		1.353104896e-23
-3.769911184		1.320324058e-23
-3.769911184		1.292358623e-23
-3.769911184		1.283132563e-23
-3.769911184		1.220208122e-23
-3.769911184		1.165381595e-23
-3.769911184		1.137601271e-23
-3.769911184		1.057893435e-23
-3.769911184		1.050680731e-23
-3.769911184		8.347519893e-24
-3.769911184		8.277726381e-24
-3.769911184		6.558705506e-24
-3.769911184		6.015382558e-24
-3.769911184		5.940198796e-24
-3.769911184		5.927121198e-24
-3.769911184		5.393978664e-24
-3.769911184		5.182419092e-24
-3.769911184		4.749349858e-24
-3.769911184		4.69238092e-24
-3.769911184		4.537964333e-24
-3.769911184		4.265848143e-24
-3.769911184		4.176938426e-24
-3.769911184		3.696152538e-24
-3.769911184		3.642404024e-24
-3.769911184		3.351070879e-24
-3.769911184		1.950197143e-24
-3.769911184		1.741608904e-24
-3.769911184		1.513728289e-24
-3.769911184		1.455981547e-24
-3.769911184		7.923188957e-25
-3.769911184		5.172783192e-25
-3.769911184		4.392662249e-25
-3.769911184		2.838549775e-25

-3.694512961		3.50409116e-23
-3.694512961		3.483236768e-23
-3.694512961		3.426175475e-23
-3.694512961		3.415941722e-23
-3.694512961		3.396403662e-23
-3.694512961		3.394818659e-23
-3.694512961		3.376854309e-23
-3.694512961		3.36734328e-23
-3.694512961		3.296825864e-23
-3.694512961		3.273359314e-23
-3.694512961		3.255078318e-23
-3.694512961		3.242855551e-23
-3.694512961		3.241256171e-23
-3.694512961		3.212035517e-23
-3.694512961		3.189888614e-23
-3.694512961		3.165548514e-23
-3.694512961		3.131182765e-23
-3.694512961		3.123385325e-23
-3.694512961		3.090819307e-23
-3.694512961		3.083167458e-23
-3.694512961		3.053885187e-23
-3.694512961		3.053212321e-23
-3.694512961		3.048102894e-23
-3.694512961		3.039320394e-23
-3.694512961		3.03670911e-23
-3.694512961		3.006779118e-23
-3.694512961		3.002021188e-23
-3.694512961		3.00142301e-23
-3.694512961		2.977061157e-23
-3.694512961		2.957064982e-23
-3.694512961		2.936771894e-23
-3.694512961		2.906497774e-23
-3.694512961		2.90446423e-23
-3.694512961		2.887797728e-23
-3.694512961		2.880138685e-23
-3.694512961		2.858458837e-23
-3.694512961		2.791970773e-23
-3.694512961		2.75238797e-23
-3.694512961		2.743887344e-23
-3.694512961		2.726200504e-23
-3.694512961		2.694199254e-23
-3.694512961		2.686091883e-23
-3.694512961		2.654133757e-23
-3.694512961		2.568154895e-23
-3.694512961		2.449267768e-23
-3.694512961		2.236288958e-23
-3.694512961		2.22498493e-23
-3.694512961		2.203465553e-23
-3.694512961		2.203215499e-23
-3.694512961		2.184311133e-23
-3.694512961		2.160608082e-23
-3.694512961		2.129197903e-23
-3.694512961		2.109644477e-23
-3.694512961		2.065197317e-23
-3.694512961		1.820290956e-23
-3.694512961		1.735793898e-23
-3.694512961		1.67290352e-23
-3.694512961		1.671193322e-23
-3.694512961		1.551918489e-23
-3.694512961		1.459212584e-23
-3.694512961		1.385165587e-23
-3.694512961		1.253557594e-23
-3.694512961		1.244867962e-23
-3.694512961		1.210683467e-23
-3.694512961		1.18565066e-23
-3.694512961		1.172660897e-23
-3.694512961		1.110174177e-23
-3.694512961		1.06240031e-23
-3.694512961		1.033652116e-23
-3.694512961		9.476709402e-24
-3.694512961		9.402958276e-24
-3.694512961		7.240943558e-24
-3.694512961		7.171917566e-24
-3.694512961		5.454880331e-24
-3.694512961		5.378960946e-24
-3.694512961		5.294275734e-24
-3.694512961		4.908879918e-24
-3.694512961		4.894763704e-24
-3.694512961		4.833061938e-24
-3.694512961		4.748635845e-24
-3.694512961		4.463111715e-24
-3.694512961		4.292539607e-24
-3.694512961		4.11325354e-24
-3.694512961		3.651670185e-24
-3.694512961		3.608459187e-24
-3.694512961		3.445968298e-24
-3.694512961		2.851413039e-24
-3.694512961		2.623418902e-24
-3.694512961		2.524106966e-24
-3.694512961		2.473862577e-24
-3.694512961		1.671039799e-24
-3.694512961		1.537247966e-24
-3.694512961		1.3725734e-24
-3.694512961		7.833415982e-25
-3.694512961		5.553791683e-25

-3.619114737		3.504489178e-23
-3.619114737		3.485457068e-23
-3.619114737		3.426298236e-23
-3.619114737		3.41603776e-23
-3.619114737		3.397908832e-23
-3.619114737		3.39624833e-23
-3.619114737		3.377566881e-23
-3.619114737		3.367867191e-23
-3.619114737		3.295831722e-23
-3.619114737		3.273916772e-23
-3.619114737		3.255082164e-23
-3.619114737		3.243610772e-23
-3.619114737		3.242958927e-23
-3.619114737		3.212198839e-23
-3.619114737		3.189645225e-23
-3.619114737		3.164869534e-23
-3.619114737		3.131130067e-23
-3.619114737		3.12504154e-23
-3.619114737		3.090690556e-23
-3.619114737		3.083047495e-23
-3.619114737		3.053583008e-23
-3.619114737		3.053194327e-23
-3.619114737		3.048288584e-23
-3.619114737		3.039189322e-23
-3.619114737		3.0366322e-23
-3.619114737		3.006905662e-23
-3.619114737		3.002732892e-23
-3.619114737		3.001547376e-23
-3.619114737		2.977356442e-23
-3.619114737		2.955295072e-23
-3.619114737		2.936787966e-23
-3.619114737		2.906751959e-23
-3.619114737		2.903921983e-23
-3.619114737		2.892949356e-23
-3.619114737		2.87981886e-23
-3.619114737		2.859614699e-23
-3.619114737		2.786259506e-23
-3.619114737		2.753944482e-23
-3.619114737		2.743652776e-23
-3.619114737		2.726892255e-23
-3.619114737		2.694268167e-23
-3.619114737		2.688248078e-23
-3.619114737		2.654488503e-23
-3.619114737		2.568617423e-23
-3.619114737		2.450689883e-23
-3.619114737		2.124136592e-23
-3.619114737		2.112526703e-23
-3.619114737		2.092587313e-23
-3.619114737		2.091623915e-23
-3.619114737		2.072805938e-23
-3.619114737		2.049472222e-23
-3.619114737		2.018712394e-23
-3.619114737		1.999223234e-23
-3.619114737		1.954139944e-23
-3.619114737		1.709079665e-23
-3.619114737		1.624472185e-23
-3.619114737		1.561741508e-23
-3.619114737		1.559830036e-23
-3.619114737		1.440491905e-23
-3.619114737		1.3690692e-23
-3.619114737		1.273697701e-23
-3.619114737		1.143516123e-23
-3.619114737		1.135700452e-23
-3.619114737		1.100053724e-23
-3.619114737		1.078076753e-23
-3.619114737		1.061132529e-23
-3.619114737		9.991375414e-24
-3.619114737		9.587369786e-24
-3.619114737		9.283631175e-24
-3.619114737		8.364369794e-24
-3.619114737		8.288825214e-24
-3.619114737		6.50107136e-24
-3.619114737		6.419907036e-24
-3.619114737		6.124785825e-24
-3.619114737		6.056472035e-24
-3.619114737		5.880381338e-24
-3.619114737		5.587214572e-24
-3.619114737		4.34138237e-24
-3.619114737		4.034388723e-24
-3.619114737		3.855559249e-24
-3.619114737		3.743707149e-24
-3.619114737		3.721925757e-24
-3.619114737		3.676334272e-24
-3.619114737		3.509299223e-24
-3.619114737		3.181286921e-24
-3.619114737		3.035435017e-24
-3.619114737		2.788213912e-24
-3.619114737		2.634848841e-24
-3.619114737		2.544385938e-24
-3.619114737		2.515055798e-24
-3.619114737		2.396189793e-24
-3.619114737		2.344450306e-24
-3.619114737		1.689906135e-24
-3.619114737		1.480037601e-24
-3.619114737		3.574355049e-25

-3.543716513		3.504897304e-23
-3.543716513		3.487740168e-23
-3.543716513		3.426649304e-23
-3.543716513		3.416244151e-23
-3.543716513		3.400665726e-23
-3.543716513		3.396428337e-23
-3.543716513		3.378272223e-23
-3.543716513		3.368278549e-23
-3.543716513		3.295191099e-23
-3.543716513		3.274459729e-23
-3.543716513		3.255077455e-23
-3.543716513		3.24585353e-23
-3.543716513		3.243034929e-23
-3.543716513		3.212348104e-23
-3.543716513		3.189352236e-23
-3.543716513		3.16403955e-23
-3.543716513		3.131081715e-23
-3.543716513		3.126531637e-23
-3.543716513		3.090553577e-23
-3.543716513		3.083353569e-23
-3.543716513		3.053577702e-23
-3.543716513		3.05317651e-23
-3.543716513		3.048393351e-23
-3.543716513		3.039082301e-23
-3.543716513		3.036537425e-23
-3.543716513		3.007022095e-23
-3.543716513		3.00331544e-23
-3.543716513		3.001655894e-23
-3.543716513		2.97760375e-23
-3.543716513		2.95379825e-23
-3.543716513		2.936941052e-23
-3.543716513		2.907559082e-23
-3.543716513		2.903472723e-23
-3.543716513		2.897543102e-23
-3.543716513		2.879417428e-23
-3.543716513		2.860871789e-23
-3.543716513		2.781126871e-23
-3.543716513		2.755556368e-23
-3.543716513		2.743405141e-23
-3.543716513		2.727689346e-23
-3.543716513		2.694541678e-23
-3.543716513		2.690209258e-23
-3.543716513		2.654838835e-23
-3.543716513		2.569251389e-23
-3.543716513		2.451916471e-23
-3.543716513		2.01129304e-23
-3.543716513		1.999076621e-23
-3.543716513		1.980352538e-23
-3.543716513		1.978968108e-23
-3.543716513		1.960041825e-23
-3.543716513		1.937131139e-23
-3.543716513		1.906983273e-23
-3.543716513		1.887662034e-23
-3.543716513		1.841846092e-23
-3.543716513		1.596859705e-23
-3.543716513		1.512189799e-23
-3.543716513		1.44962506e-23
-3.543716513		1.447454879e-23
-3.543716513		1.3280876e-23
-3.543716513		1.275705025e-23
-3.543716513		1.161323005e-23
-3.543716513		1.032647739e-23
-3.543716513		1.025729968e-23
-3.543716513		9.885701225e-24
-3.543716513		9.697627746e-24
-3.543716513		9.487059513e-24
-3.543716513		8.872359572e-24
-3.543716513		8.545381937e-24
-3.543716513		8.222939827e-24
-3.543716513		7.629883949e-24
-3.543716513		7.555695347e-24
-3.543716513		7.243361912e-24
-3.543716513		7.166055305e-24
-3.543716513		7.011139166e-24
-3.543716513		6.721041352e-24
-3.543716513		5.11042501e-24
-3.543716513		5.001184365e-24
-3.543716513		4.933235994e-24
-3.543716513		4.807870424e-24
-3.543716513		4.615031971e-24
-3.543716513		3.913005639e-24
-3.543716513		3.796989003e-24
-3.543716513		3.460295028e-24
-3.543716513		3.219975278e-24
-3.543716513		3.039143924e-24
-3.543716513		2.811070293e-24
-3.543716513		2.591229489e-24
-3.543716513		2.389236775e-24
-3.543716513		2.061892507e-24
-3.543716513		1.950367496e-24
-3.543716513		1.527890115e-24
-3.543716513		1.429566919e-24
-3.543716513		1.413003645e-24
-3.543716513		1.234930776e-24
-3.543716513		3.081692684e-25

-3.46831829		3.505328899e-23
-3.46831829		3.489926843e-23
-3.46831829		3.427248242e-23
-3.46831829		3.416569232e-23
-3.46831829		3.403067885e-23
-3.46831829		3.396917294e-23
-3.46831829		3.37896741e-23
-3.46831829		3.368579975e-23
-3.46831829		3.294888356e-23
-3.46831829		3.27500454e-23
-3.46831829		3.255064508e-23
-3.46831829		3.247953084e-23
-3.46831829		3.243084621e-23
-3.46831829		3.212484003e-23
-3.46831829		3.18901075e-23
-3.46831829		3.163058415e-23
-3.46831829		3.131038109e-23
-3.46831829		3.127849506e-23
-3.46831829		3.090410995e-23
-3.46831829		3.083947107e-23
-3.46831829		3.053822645e-23
-3.46831829		3.053159112e-23
-3.46831829		3.048470668e-23
-3.46831829		3.038999752e-23
-3.46831829		3.03642482e-23
-3.46831829		3.007129287e-23
-3.46831829		3.00376267e-23
-3.46831829		3.00174943e-23
-3.46831829		2.977804702e-23
-3.46831829		2.952570717e-23
-3.46831829		2.937202351e-23
-3.46831829		2.909613302e-23
-3.46831829		2.903094263e-23
-3.46831829		2.900819531e-23
-3.46831829		2.878945181e-23
-3.46831829		2.862171787e-23
-3.46831829		2.776544504e-23
-3.46831829		2.757164905e-23
-3.46831829		2.743136563e-23
-3.46831829		2.728531032e-23
-3.46831829		2.695218611e-23
-3.46831829		2.691694036e-23
-3.46831829		2.655161812e-23
-3.46831829		2.569904859e-23
-3.46831829		2.452937066e-23
-3.46831829		1.89807297e-23
-3.46831829		1.884808497e-23
-3.46831829		1.867043858e-23
-3.46831829		1.865543969e-23
-3.46831829		1.846292324e-23
-3.46831829		1.823824507e-23
-3.46831829		1.79425546e-23
-3.46831829		1.775283526e-23
-3.46831829		1.728561563e-23
-3.46831829		1.483852264e-23
-3.46831829		1.399153417e-23
-3.46831829		1.336773477e-23
-3.46831829		1.334247623e-23
-3.46831829		1.214884579e-23
-3.46831829		1.179529741e-23
-3.46831829		1.048231848e-23
-3.46831829		9.210906182e-24
-3.46831829		9.150849789e-24
-3.46831829		8.763693965e-24
-3.46831829		8.762328459e-24
-3.46831829		8.699325882e-24
-3.46831829		8.608405731e-24
-3.46831829		8.355650666e-24
-3.46831829		8.151468622e-24
-3.46831829		7.862607026e-24
-3.46831829		7.746094111e-24
-3.46831829		7.4998938e-24
-3.46831829		7.17370628e-24
-3.46831829		6.228623007e-24
-3.46831829		6.115243153e-24
-3.46831829		6.037482588e-24
-3.46831829		5.948193437e-24
-3.46831829		5.733069748e-24
-3.46831829		5.048809506e-24
-3.46831829		4.91061633e-24
-3.46831829		4.537790754e-24
-3.46831829		4.012161578e-24
-3.46831829		3.875460259e-24
-3.46831829		3.797647719e-24
-3.46831829		2.64035291e-24
-3.46831829		2.091112193e-24
-3.46831829		1.763588338e-24
-3.46831829		1.471802858e-24
-3.46831829		1.420050079e-24
-3.46831829		9.394168007e-25
-3.46831829		8.603774408e-25
-3.46831829		7.959669499e-25
-3.46831829		3.140903478e-25
-3.46831829		3.012423269e-25
-3.46831829		1.207360478e-25

-3.392920066		3.505795393e-23
-3.392920066		3.491873293e-23
-3.392920066		3.428102481e-23
-3.392920066		3.417046748e-23
-3.392920066		3.405107409e-23
-3.392920066		3.397676436e-23
-3.392920066		3.379646733e-23
-3.392920066		3.368773577e-23
-3.392920066		3.294911608e-23
-3.392920066		3.275569301e-23
-3.392920066		3.255043596e-23
-3.392920066		3.249880284e-23
-3.392920066		3.24310884e-23
-3.392920066		3.212607265e-23
-3.392920066		3.188621361e-23
-3.392920066		3.161928578e-23
-3.392920066		3.1309997e-23
-3.392920066		3.128989637e-23
-3.392920066		3.090274188e-23
-3.392920066		3.084727693e-23
-3.392920066		3.05422415e-23
-3.392920066		3.053142368e-23
-3.392920066		3.048607447e-23
-3.392920066		3.038942136e-23
-3.392920066		3.03629433e-23
-3.392920066		3.007227968e-23
-3.392920066		3.004072452e-23
-3.392920066		3.001828689e-23
-3.392920066		2.977960604e-23
-3.392920066		2.951610017e-23
-3.392920066		2.937553146e-23
-3.392920066		2.913255915e-23
-3.392920066		2.902774796e-23
-3.392920066		2.902395416e-23
-3.392920066		2.878408068e-23
-3.392920066		2.863479662e-23
-3.392920066		2.772471474e-23
-3.392920066		2.758735396e-23
-3.392920066		2.742842026e-23
-3.392920066		2.729385228e-23
-3.392920066		2.696446033e-23
-3.392920066		2.692508963e-23
-3.392920066		2.655446133e-23
-3.392920066		2.570508586e-23
-3.392920066		2.453750197e-23
-3.392920066		1.784975451e-23
-3.392920066		1.769885174e-23
-3.392920066		1.752887566e-23
-3.392920066		1.751684191e-23
-3.392920066		1.731769797e-23
-3.392920066		1.709781052e-23
-3.392920066		1.680757504e-23
-3.392920066		1.662452834e-23
-3.392920066		1.614506112e-23
-3.392920066		1.370335657e-23
-3.392920066		1.285622717e-23
-3.392920066		1.223469228e-23
-3.392920066		1.220401382e-23
-3.392920066		1.101098227e-23
-3.392920066		1.081173141e-23
-3.392920066		9.893444079e-24
-3.392920066		9.848503567e-24
-3.392920066		9.346794791e-24
-3.392920066		9.288956828e-24
-3.392920066		9.009773178e-24
-3.392920066		8.089914818e-24
-3.392920066		8.038956599e-24
-3.392920066		7.635911961e-24
-3.392920066		7.514567894e-24
-3.392920066		7.413845959e-24
-3.392920066		7.221569556e-24
-3.392920066		7.095036697e-24
-3.392920066		6.868583801e-24
-3.392920066		6.614023218e-24
-3.392920066		6.453720636e-24
-3.392920066		6.205514994e-24
-3.392920066		6.195895477e-24
-3.392920066		5.96271799e-24
-3.392920066		5.617950615e-24
-3.392920066		5.033682632e-24
-3.392920066		4.981788077e-24
-3.392920066		4.902515999e-24
-3.392920066		3.785330238e-24
-3.392920066		2.722960797e-24
-3.392920066		2.674561499e-24
-3.392920066		1.947934967e-24
-3.392920066		1.043108991e-24
-3.392920066		9.342268859e-25
-3.392920066		8.278539899e-25
-3.392920066		8.09857372e-25
-3.392920066		7.112044375e-25
-3.392920066		3.239311892e-25
-3.392920066		3.017935691e-25
-3.392920066		2.365451721e-25
-3.392920066		1.986786965e-25

-3.317521842		3.506313872e-23
-3.317521842		3.493519139e-23
-3.317521842		3.429200433e-23
-3.317521842		3.417736975e-23
-3.317521842		3.406796432e-23
-3.317521842		3.398650962e-23
-3.317521842		3.380301236e-23
-3.317521842		3.368860977e-23
-3.317521842		3.295252031e-23
-3.317521842		3.276173051e-23
-3.317521842		3.25501495e-23
-3.317521842		3.251607779e-23
-3.317521842		3.243108208e-23
-3.317521842		3.212718633e-23
-3.317521842		3.188184203e-23
-3.317521842		3.160655039e-23
-3.317521842		3.130966961e-23
-3.317521842		3.12994579e-23
-3.317521842		3.090171861e-23
-3.317521842		3.085610705e-23
-3.317521842		3.054704008e-23
-3.317521842		3.053126509e-23
-3.317521842		3.048865882e-23
-3.317521842		3.038909891e-23
-3.317521842		3.036145804e-23
-3.317521842		3.007318746e-23
-3.317521842		3.004245132e-23
-3.317521842		3.001894225e-23
-3.317521842		2.978072471e-23
-3.317521842		2.950915074e-23
-3.317521842		2.937980902e-23
-3.317521842		2.917740784e-23
-3.317521842		2.902988344e-23
-3.317521842		2.902510519e-23
-3.317521842		2.877807305e-23
-3.317521842		2.864773936e-23
-3.317521842		2.768861478e-23
-3.317521842		2.760246539e-23
-3.317521842		2.742518175e-23
-3.317521842		2.730233832e-23
-3.317521842		2.697974566e-23
-3.317521842		2.692876003e-23
-3.317521842		2.655685774e-23
-3.317521842		2.571027313e-23
-3.317521842		2.454356561e-23
-3.317521842		1.673054965e-23
-3.317521842		1.654470944e-23
-3.317521842		1.638083082e-23
-3.317521842		1.637918805e-23
-3.317521842		1.616660499e-23
-3.317521842		1.595252339e-23
-3.317521842		1.566720739e-23
-3.317521842		1.549688653e-23
-3.317521842		1.499899105e-23
-3.317521842		1.2568518e-23
-3.317521842		1.17206276e-23
-3.317521842		1.11027654e-23
-3.317521842		1.106204846e-23
-3.317521842		1.101182193e-23
-3.317521842		1.100515466e-23
-3.317521842		1.044395643e-23
-3.317521842		1.015853235e-23
-3.317521842		9.871135409e-24
-3.317521842		9.78930797e-24
-3.317521842		8.548783894e-24
-3.317521842		8.246481455e-24
-3.317521842		8.211997983e-24
-3.317521842		8.001191477e-24
-3.317521842		7.34215533e-24
-3.317521842		7.183340807e-24
-3.317521842		6.965246247e-24
-3.317521842		6.922967676e-24
-3.317521842		6.693012437e-24
-3.317521842		6.503836205e-24
-3.317521842		6.41969265e-24
-3.317521842		6.418046449e-24
-3.317521842		6.063191091e-24
-3.317521842		5.477828528e-24
-3.317521842		5.412625016e-24
-3.317521842		4.923177137e-24
-3.317521842		4.787715863e-24
-3.317521842		3.848439099e-24
-3.317521842		3.74921422e-24
-3.317521842		3.089722552e-24
-3.317521842		2.133407293e-24
-3.317521842		1.96372601e-24
-3.317521842		1.92531696e-24
-3.317521842		1.62449681e-24
-3.317521842		1.528097864e-24
-3.317521842		1.339728412e-24
-3.317521842		1.303993243e-24
-3.317521842		8.539672584e-25
-3.317521842		8.174975191e-25
-3.317521842		3.332153143e-25
-3.317521842		2.048824212e-25

-3.242123619		3.506893647e-23
-3.242123619		3.49490854e-23
-3.242123619		3.430509531e-23
-3.242123619		3.418728807e-23
-3.242123619		3.408168856e-23
-3.242123619		3.399765509e-23
-3.242123619		3.38091907e-23
-3.242123619		3.368843328e-23
-3.242123619		3.295903376e-23
-3.242123619		3.27683427e-23
-3.242123619		3.254978757e-23
-3.242123619		3.253110735e-23
-3.242123619		3.243083139e-23
-3.242123619		3.212818845e-23
-3.242123619		3.187698983e-23
-3.242123619		3.159245708e-23
-3.242123619		3.130940386e-23
-3.242123619		3.130709812e-23
-3.242123619		3.090174783e-23
-3.242123619		3.086492149e-23
-3.242123619		3.05521828e-23
-3.242123619		3.053111761e-23
-3.242123619		3.049268931e-23
-3.242123619		3.038903425e-23
-3.242123619		3.035979001e-23
-3.242123619		3.007402112e-23
-3.242123619		3.004282723e-23
-3.242123619		3.001946454e-23
-3.242123619		2.978141036e-23
-3.242123619		2.950486491e-23
-3.242123619		2.938477118e-23
-3.242123619		2.922457587e-23
-3.242123619		2.903187741e-23
-3.242123619		2.902303963e-23
-3.242123619		2.877139935e-23
-3.242123619		2.86604125e-23
-3.242123619		2.765667317e-23
-3.242123619		2.761685025e-23
-3.242123619		2.742162808e-23
-3.242123619		2.731066119e-23
-3.242123619		2.699525798e-23
-3.242123619		2.693056816e-23
-3.242123619		2.655877342e-23
-3.242123619		2.571441789e-23
-3.242123619		2.454757285e-23
-3.242123619		1.565634542e-23
-3.242123619		1.538758383e-23
-3.242123619		1.52564432e-23
-3.242123619		1.52281686e-23
-3.242123619		1.501140996e-23
-3.242123619		1.480605436e-23
-3.242123619		1.452402252e-23
-3.242123619		1.437986897e-23
-3.242123619		1.385004151e-23
-3.242123619		1.216202681e-23
-3.242123619		1.208701365e-23
-3.242123619		1.156057339e-23
-3.242123619		1.152701609e-23
-3.242123619		1.122514542e-23
-3.242123619		1.060046746e-23
-3.242123619		9.985153109e-24
-3.242123619		9.91870251e-24
-3.242123619		9.696491421e-24
-3.242123619		9.398283182e-24
-3.242123619		9.184409744e-24
-3.242123619		8.755923432e-24
-3.242123619		8.709170719e-24
-3.242123619		8.487589396e-24
-3.242123619		8.283539934e-24
-3.242123619		7.749861492e-24
-3.242123619		7.485427501e-24
-3.242123619		7.109939243e-24
-3.242123619		6.002956995e-24
-3.242123619		5.840116567e-24
-3.242123619		5.804426076e-24
-3.242123619		5.369364317e-24
-3.242123619		5.323016015e-24
-3.242123619		4.954133816e-24
-3.242123619		4.395439705e-24
-3.242123619		4.340443332e-24
-3.242123619		4.208420836e-24
-3.242123619		3.728403666e-24
-3.242123619		3.257861076e-24
-3.242123619		3.098497404e-24
-3.242123619		3.044676722e-24
-3.242123619		2.710660223e-24
-3.242123619		2.666395488e-24
-3.242123619		2.436724386e-24
-3.242123619		2.430868164e-24
-3.242123619		1.978726266e-24
-3.242123619		1.943182963e-24
-3.242123619		1.352517252e-24
-3.242123619		1.32374881e-24
-3.242123619		4.988436252e-25
-3.242123619		4.453635659e-25

-3.166725395		3.50754795e-23
-3.166725395		3.496148826e-23
-3.166725395		3.431981355e-23
-3.166725395		3.420136912e-23
-3.166725395		3.409275001e-23
-3.166725395		3.400924464e-23
-3.166725395		3.381486288e-23
-3.166725395		3.368721321e-23
-3.166725395		3.296861624e-23
-3.166725395		3.277568685e-23
-3.166725395		3.254935164e-23
-3.166725395		3.254368493e-23
-3.166725395		3.243033853e-23
-3.166725395		3.212908622e-23
-3.166725395		3.187165019e-23
-3.166725395		3.157712133e-23
-3.166725395		3.131270423e-23
-3.166725395		3.130920485e-23
-3.166725395		3.090439825e-23
-3.166725395		3.087197638e-23
-3.166725395		3.055755022e-23
-3.166725395		3.05309834e-23
-3.166725395		3.049805467e-23
-3.166725395		3.038923125e-23
-3.166725395		3.035793587e-23
-3.166725395		3.007478453e-23
-3.166725395		3.004188488e-23
-3.166725395		3.001985664e-23
-3.166725395		2.978166767e-23
-3.166725395		2.950327206e-23
-3.166725395		2.939036086e-23
-3.166725395		2.927166978e-23
-3.166725395		2.903215906e-23
-3.166725395		2.902162611e-23
-3.166725395		2.876399696e-23
-3.166725395		2.867273232e-23
-3.166725395		2.763042617e-23
-3.166725395		2.762843533e-23
-3.166725395		2.741774697e-23
-3.166725395		2.731875464e-23
-3.166725395		2.700978142e-23
-3.166725395		2.693162541e-23
-3.166725395		2.656018837e-23
-3.166725395		2.571741122e-23
-3.166725395		2.454953363e-23
-3.166725395		1.481282901e-23
-3.166725395		1.423806827e-23
-3.166725395		1.422728848e-23
-3.166725395		1.407273861e-23
-3.166725395		1.385417512e-23
-3.166725395		1.366837893e-23
-3.166725395		1.338134251e-23
-3.166725395		1.331639358e-23
-3.166725395		1.330188299e-23
-3.166725395		1.293163026e-23
-3.166725395		1.270166655e-23
-3.166725395		1.258319936e-23
-3.166725395		1.249233776e-23
-3.166725395		1.083263885e-23
-3.166725395		1.056000052e-23
-3.166725395		1.038784069e-23
-3.166725395		1.034828028e-23
-3.166725395		9.626836593e-24
-3.166725395		9.383880784e-24
-3.166725395		9.375231592e-24
-3.166725395		9.039224075e-24
-3.166725395		8.776333111e-24
-3.166725395		8.695541768e-24
-3.166725395		8.613178701e-24
-3.166725395		7.699220307e-24
-3.166725395		7.514526466e-24
-3.166725395		7.19755686e-24
-3.166725395		5.843852327e-24
-3.166725395		5.388610201e-24
-3.166725395		4.762210629e-24
-3.166725395		4.688396176e-24
-3.166725395		4.344628353e-24
-3.166725395		4.276576646e-24
-3.166725395		4.263985298e-24
-3.166725395		4.229657337e-24
-3.166725395		4.127971296e-24
-3.166725395		3.757948736e-24
-3.166725395		3.631913233e-24
-3.166725395		3.534155759e-24
-3.166725395		3.49326926e-24
-3.166725395		3.253604147e-24
-3.166725395		3.073836496e-24
-3.166725395		3.062263927e-24
-3.166725395		2.620249595e-24
-3.166725395		2.515412869e-24
-3.166725395		2.213467588e-24
-3.166725395		1.518382657e-24
-3.166725395		1.448369146e-24
-3.166725395		8.223721312e-25
-3.166725395		7.698966154e-25

-3.091327171		3.508283026e-23
-3.091327171		3.497348189e-23
-3.091327171		3.433560832e-23
-3.091327171		3.42208666e-23
-3.091327171		3.410171983e-23
-3.091327171		3.402024674e-23
-3.091327171		3.381987615e-23
-3.091327171		3.368495196e-23
-3.091327171		3.298124724e-23
-3.091327171		3.278386797e-23
-3.091327171		3.255366703e-23
-3.091327171		3.254884276e-23
-3.091327171		3.242960372e-23
-3.091327171		3.212988653e-23
-3.091327171		3.186581255e-23
-3.091327171		3.156070608e-23
-3.091327171		3.131611866e-23
-3.091327171		3.130907795e-23
-3.091327171		3.091154529e-23
-3.091327171		3.087533448e-23
-3.091327171		3.056331328e-23
-3.091327171		3.053086463e-23
-3.091327171		3.050434878e-23
-3.091327171		3.038969369e-23
-3.091327171		3.035589139e-23
-3.091327171		3.007548051e-23
-3.091327171		3.003966721e-23
-3.091327171		3.002012018e-23
-3.091327171		2.97814987e-23
-3.091327171		2.950443846e-23
-3.091327171		2.939654155e-23
-3.091327171		2.931770991e-23
-3.091327171		2.903154357e-23
-3.091327171		2.902097635e-23
-3.091327171		2.875578139e-23
-3.091327171		2.86846465e-23
-3.091327171		2.764314531e-23
-3.091327171		2.7603479e-23
-3.091327171		2.741353588e-23
-3.091327171		2.73265758e-23
-3.091327171		2.702283686e-23
-3.091327171		2.693234532e-23
-3.091327171		2.656109042e-23
-3.091327171		2.571919238e-23
-3.091327171		2.454945463e-23
-3.091327171		1.500606116e-23
-3.091327171		1.449047659e-23
-3.091327171		1.42017451e-23
-3.091327171		1.364921915e-23
-3.091327171		1.305883962e-23
-3.091327171		1.291668428e-23
-3.091327171		1.273767321e-23
-3.091327171		1.269287515e-23
-3.091327171		1.265545124e-23
-3.091327171		1.261048286e-23
-3.091327171		1.24001582e-23
-3.091327171		1.224469167e-23
-3.091327171		1.184816208e-23
-3.091327171		1.173473436e-23
-3.091327171		1.155587445e-23
-3.091327171		1.149996226e-23
-3.091327171		1.083926795e-23
-3.091327171		1.027597605e-23
-3.091327171		1.003356274e-23
-3.091327171		9.818593736e-24
-3.091327171		8.948409876e-24
-3.091327171		8.641134438e-24
-3.091327171		8.332710623e-24
-3.091327171		7.620719261e-24
-3.091327171		7.394003485e-24
-3.091327171		6.642924296e-24
-3.091327171		6.461414509e-24
-3.091327171		6.387420368e-24
-3.091327171		5.544788276e-24
-3.091327171		5.376636288e-24
-3.091327171		5.29566468e-24
-3.091327171		4.772943094e-24
-3.091327171		4.737796748e-24
-3.091327171		4.693797349e-24
-3.091327171		4.271170668e-24
-3.091327171		4.166881664e-24
-3.091327171		3.800979329e-24
-3.091327171		3.64606347e-24
-3.091327171		3.557258326e-24
-3.091327171		3.545831924e-24
-3.091327171		3.093325289e-24
-3.091327171		3.070377486e-24
-3.091327171		2.616780108e-24
-3.091327171		2.051033654e-24
-3.091327171		1.966043315e-24
-3.091327171		1.930019051e-24
-3.091327171		1.8878448e-24
-3.091327171		1.497713435e-24
-3.091327171		3.917003946e-25
-3.091327171		3.064536542e-25

-3.015928947		3.509117559e-23
-3.015928947		3.498594038e-23
-3.015928947		3.435195413e-23
-3.015928947		3.424685969e-23
-3.015928947		3.410914926e-23
-3.015928947		3.40298159e-23
-3.015928947		3.382406862e-23
-3.015928947		3.368164746e-23
-3.015928947		3.299692411e-23
-3.015928947		3.279291928e-23
-3.015928947		3.25609905e-23
-3.015928947		3.254826159e-23
-3.015928947		3.242862525e-23
-3.015928947		3.213059597e-23
-3.015928947		3.185946278e-23
-3.015928947		3.154343565e-23
-3.015928947		3.131712442e-23
-3.015928947		3.13090289e-23
-3.015928947		3.092306242e-23
-3.015928947		3.087514778e-23
-3.015928947		3.056992371e-23
-3.015928947		3.053076341e-23
-3.015928947		3.051088898e-23
-3.015928947		3.039042535e-23
-3.015928947		3.035365147e-23
-3.015928947		3.00761109e-23
-3.015928947		3.003622693e-23
-3.015928947		3.002025559e-23
-3.015928947		2.978090298e-23
-3.015928947		2.950849539e-23
-3.015928947		2.940329307e-23
-3.015928947		2.936215657e-23
-3.015928947		2.903037231e-23
-3.015928947		2.902122674e-23
-3.015928947		2.874665967e-23
-3.015928947		2.869612278e-23
-3.015928947		2.765498543e-23
-3.015928947		2.758142288e-23
-3.015928947		2.740900313e-23
-3.015928947		2.733409501e-23
-3.015928947		2.703421147e-23
-3.015928947		2.693290012e-23
-3.015928947		2.656147223e-23
-3.015928947		2.571973205e-23
-3.015928947		2.454733908e-23
-3.015928947		1.596591724e-23
-3.015928947		1.564690864e-23
-3.015928947		1.521538859e-23
-3.015928947		1.48043829e-23
-3.015928947		1.323973241e-23
-3.015928947		1.287498279e-23
-3.015928947		1.264435099e-23
-3.015928947		1.238209421e-23
-3.015928947		1.198109129e-23
-3.015928947		1.190216406e-23
-3.015928947		1.178118975e-23
-3.015928947		1.176556346e-23
-3.015928947		1.159997756e-23
-3.015928947		1.153603282e-23
-3.015928947		1.125236989e-23
-3.015928947		1.120449712e-23
-3.015928947		1.105741953e-23
-3.015928947		1.096245316e-23
-3.015928947		1.02946433e-23
-3.015928947		1.026989504e-23
-3.015928947		9.658195773e-24
-3.015928947		7.979075266e-24
-3.015928947		7.884592193e-24
-3.015928947		6.817629891e-24
-3.015928947		6.670367629e-24
-3.015928947		6.546562508e-24
-3.015928947		6.514100765e-24
-3.015928947		6.416561348e-24
-3.015928947		6.391786591e-24
-3.015928947		5.912510531e-24
-3.015928947		5.782536446e-24
-3.015928947		5.572521701e-24
-3.015928947		5.352180158e-24
-3.015928947		5.242133514e-24
-3.015928947		5.235374958e-24
-3.015928947		4.783931603e-24
-3.015928947		4.747678559e-24
-3.015928947		3.680126106e-24
-3.015928947		3.043739737e-24
-3.015928947		2.985315357e-24
-3.015928947		2.43856228e-24
-3.015928947		2.433206355e-24
-3.015928947		1.984239815e-24
-3.015928947		1.947368798e-24
-3.015928947		1.485538493e-24
-3.015928947		1.010714214e-24
-3.015928947		9.090636229e-25
-3.015928947		8.230859109e-25
-3.015928947		7.491411878e-25
-3.015928947		3.681083113e-25

-2.940530724		3.510076773e-23
-2.940530724		3.499946835e-23
-2.940530724		3.436839777e-23
-2.940530724		3.427998613e-23
-2.940530724		3.41155157e-23
-2.940530724		3.403754112e-23
-2.940530724		3.38272696e-23
-2.940530724		3.367729314e-23
-2.940530724		3.301566065e-23
-2.940530724		3.280279648e-23
-2.940530724		3.256567719e-23
-2.940530724		3.25476084e-23
-2.940530724		3.242739944e-23
-2.940530724		3.21312207e-23
-2.940530724		3.185258325e-23
-2.940530724		3.152560974e-23
-2.940530724		3.131543184e-23
-2.940530724		3.130906402e-23
-2.940530724		3.093761067e-23
-2.940530724		3.087285339e-23
-2.940530724		3.057804241e-23
-2.940530724		3.053068181e-23
-2.940530724		3.051679225e-23
-2.940530724		3.039143001e-23
-2.940530724		3.035121013e-23
-2.940530724		3.007667654e-23
-2.940530724		3.003162755e-23
-2.940530724		3.002026213e-23
-2.940530724		2.977987744e-23
-2.940530724		2.951570113e-23
-2.940530724		2.94106094e-23
-2.940530724		2.940454344e-23
-2.940530724		2.902881064e-23
-2.940530724		2.902252673e-23
-2.940530724		2.873654545e-23
-2.940530724		2.870714191e-23
-2.940530724		2.766594602e-23
-2.940530724		2.756193245e-23
-2.940530724		2.740417041e-23
-2.940530724		2.734128964e-23
-2.940530724		2.70437994e-23
-2.940530724		2.693337221e-23
-2.940530724		2.656133008e-23
-2.940530724		2.571902578e-23
-2.940530724		2.454318776e-23
-2.940530724		1.706022654e-23
-2.940530724		1.680328594e-23
-2.940530724		1.63359451e-23
-2.940530724		1.595842762e-23
-2.940530724		1.436006699e-23
-2.940530724		1.402737416e-23
-2.940530724		1.379037255e-23
-2.940530724		1.326257169e-23
-2.940530724		1.312795732e-23
-2.940530724		1.211838932e-23
-2.940530724		1.21076438e-23
-2.940530724		1.078110659e-23
-2.940530724		1.074538482e-23
-2.940530724		1.068184567e-23
-2.940530724		1.059829002e-23
-2.940530724		1.047802667e-23
-2.940530724		1.037907319e-23
-2.940530724		1.012864712e-23
-2.940530724		1.003175231e-23
-2.940530724		9.409506468e-24
-2.940530724		9.18493648e-24
-2.940530724		8.958681691e-24
-2.940530724		7.798039087e-24
-2.940530724		7.649658528e-24
-2.940530724		7.536211439e-24
-2.940530724		7.051611598e-24
-2.940530724		6.881688825e-24
-2.940530724		6.808623986e-24
-2.940530724		6.685758753e-24
-2.940530724		6.275875025e-24
-2.940530724		5.924982017e-24
-2.940530724		5.839154257e-24
-2.940530724		5.779837797e-24
-2.940530724		5.233697306e-24
-2.940530724		5.192991792e-24
-2.940530724		4.492708294e-24
-2.940530724		4.274961932e-24
-2.940530724		4.184733711e-24
-2.940530724		4.091748464e-24
-2.940530724		2.389739256e-24
-2.940530724		1.997099154e-24
-2.940530724		1.890791382e-24
-2.940530724		1.322684279e-24
-2.940530724		1.307701866e-24
-2.940530724		8.890457401e-25
-2.940530724		8.179542209e-25
-2.940530724		7.64442978e-25
-2.940530724		3.489738063e-25
-2.940530724		1.917549676e-25
-2.940530724		1.776159334e-26

-2.8651325		3.511142819e-23
-2.8651325		3.501444291e-23
-2.8651325		3.438457433e-23
-2.8651325		3.432036918e-23
-2.8651325		3.412120648e-23
-2.8651325		3.404349205e-23
-2.8651325		3.382929821e-23
-2.8651325		3.367187791e-23
-2.8651325		3.303748628e-23
-2.8651325		3.281338927e-23
-2.8651325		3.256782214e-23
-2.8651325		3.254688311e-23
-2.8651325		3.242592059e-23
-2.8651325		3.213176648e-23
-2.8651325		3.184515284e-23
-2.8651325		3.15076094e-23
-2.8651325		3.131067491e-23
-2.8651325		3.130919054e-23
-2.8651325		3.095444281e-23
-2.8651325		3.086936214e-23
-2.8651325		3.058829614e-23
-2.8651325		3.053062191e-23
-2.8651325		3.052122179e-23
-2.8651325		3.039271146e-23
-2.8651325		3.034856057e-23
-2.8651325		3.007717722e-23
-2.8651325		3.00259465e-23
-2.8651325		3.002013782e-23
-2.8651325		2.977841648e-23
-2.8651325		2.952657476e-23
-2.8651325		2.944423366e-23
-2.8651325		2.941849835e-23
-2.8651325		2.902695485e-23
-2.8651325		2.902502882e-23
-2.8651325		2.872537535e-23
-2.8651325		2.871769332e-23
-2.8651325		2.767604822e-23
-2.8651325		2.754472572e-23
-2.8651325		2.739907769e-23
-2.8651325		2.734813989e-23
-2.8651325		2.705154511e-23
-2.8651325		2.693380688e-23
-2.8651325		2.656066413e-23
-2.8651325		2.571709477e-23
-2.8651325		2.453700202e-23
-2.8651325		1.818450066e-23
-2.8651325		1.795604655e-23
-2.8651325		1.74721874e-23
-2.8651325		1.710851388e-23
-2.8651325		1.549818107e-23
-2.8651325		1.517588361e-23
-2.8651325		1.493357095e-23
-2.8651325		1.432944625e-23
-2.8651325		1.427266522e-23
-2.8651325		1.324989245e-23
-2.8651325		1.311891028e-23
-2.8651325		1.191387319e-23
-2.8651325		1.007251385e-23
-2.8651325		9.592009811e-24
-2.8651325		9.557843768e-24
-2.8651325		9.449897149e-24
-2.8651325		9.339863466e-24
-2.8651325		9.226804088e-24
-2.8651325		9.134772926e-24
-2.8651325		8.986053789e-24
-2.8651325		8.923159715e-24
-2.8651325		8.781640151e-24
-2.8651325		8.652649e-24
-2.8651325		8.337339627e-24
-2.8651325		8.187208043e-24
-2.8651325		8.047752996e-24
-2.8651325		7.98005052e-24
-2.8651325		7.776228295e-24
-2.8651325		7.200421344e-24
-2.8651325		7.062497596e-24
-2.8651325		6.826463343e-24
-2.8651325		5.578992326e-24
-2.8651325		5.394410572e-24
-2.8651325		5.320327611e-24
-2.8651325		4.726879531e-24
-2.8651325		4.121180995e-24
-2.8651325		4.101857352e-24
-2.8651325		3.406446781e-24
-2.8651325		3.174053669e-24
-2.8651325		3.029067739e-24
-2.8651325		2.910046134e-24
-2.8651325		1.895530601e-24
-2.8651325		1.372126914e-24
-2.8651325		1.287437975e-24
-2.8651325		1.066113672e-24
-2.8651325		8.067558741e-25
-2.8651325		3.168959741e-25
-2.8651325		2.644887029e-25
-2.8651325		1.829364568e-25
-2.8651325		1.545236572e-25

-2.789734276		3.512374702e-23
-2.789734276		3.503117998e-23
-2.789734276		3.440020093e-23
-2.789734276		3.436775035e-23
-2.789734276		3.412652552e-23
-2.789734276		3.404806588e-23
-2.789734276		3.382996308e-23
-2.789734276		3.36653861e-23
-2.789734276		3.306244565e-23
-2.789734276		3.282454596e-23
-2.789734276		3.256756971e-23
-2.789734276		3.254608526e-23
-2.789734276		3.24241809e-23
-2.789734276		3.213223863e-23
-2.789734276		3.183714691e-23
-2.789734276		3.148988034e-23
-2.789734276		3.13094171e-23
-2.789734276		3.130243175e-23
-2.789734276		3.097338562e-23
-2.789734276		3.08650739e-23
-2.789734276		3.060095602e-23
-2.789734276		3.05305858e-23
-2.789734276		3.052371289e-23
-2.789734276		3.039427342e-23
-2.789734276		3.034569523e-23
-2.789734276		3.007761163e-23
-2.789734276		3.001987945e-23
-2.789734276		3.001928092e-23
-2.789734276		2.977651186e-23
-2.789734276		2.954210698e-23
-2.789734276		2.948016259e-23
-2.789734276		2.942698284e-23
-2.789734276		2.902888134e-23
-2.789734276		2.902487889e-23
-2.789734276		2.872777256e-23
-2.789734276		2.871312625e-23
-2.789734276		2.768533917e-23
-2.789734276		2.752958088e-23
-2.789734276		2.739379558e-23
-2.789734276		2.735462337e-23
-2.789734276		2.705742139e-23
-2.789734276		2.693423345e-23
-2.789734276		2.655948058e-23
-2.789734276		2.571399509e-23
-2.789734276		2.452879075e-23
-2.789734276		1.931628826e-23
-2.789734276		1.910339434e-23
-2.789734276		1.860944353e-23
-2.789734276		1.825277753e-23
-2.789734276		1.663534818e-23
-2.789734276		1.631858841e-23
-2.789734276		1.607136177e-23
-2.789734276		1.543470155e-23
-2.789734276		1.54119539e-23
-2.789734276		1.438688648e-23
-2.789734276		1.411371073e-23
-2.789734276		1.30468381e-23
-2.789734276		1.119966874e-23
-2.789734276		1.004378331e-23
-2.789734276		9.90862855e-24
-2.789734276		9.764457403e-24
-2.789734276		9.317794404e-24
-2.789734276		9.147659335e-24
-2.789734276		9.074863209e-24
-2.789734276		8.900665514e-24
-2.789734276		8.443806077e-24
-2.789734276		8.425854797e-24
-2.789734276		8.305189609e-24
-2.789734276		8.200036286e-24
-2.789734276		8.195299801e-24
-2.789734276		8.079458183e-24
-2.789734276		7.875618411e-24
-2.789734276		7.84342026e-24
-2.789734276		7.225945501e-24
-2.789734276		7.136552798e-24
-2.789734276		6.894356714e-24
-2.789734276		6.523014006e-24
-2.789734276		6.454362822e-24
-2.789734276		4.454739231e-24
-2.789734276		4.279054369e-24
-2.789734276		4.162826505e-24
-2.789734276		3.604297752e-24
-2.789734276		3.184103576e-24
-2.789734276		2.97593691e-24
-2.789734276		2.846087706e-24
-2.789734276		2.500745352e-24
-2.789734276		2.31651502e-24
-2.789734276		2.110911235e-24
-2.789734276		1.960614731e-24
-2.789734276		1.803319856e-24
-2.789734276		1.440912606e-24
-2.789734276		1.304126735e-24
-2.789734276		9.384455542e-25
-2.789734276		9.073134134e-25
-2.789734276		1.277573697e-25

-2.714336053		3.51378875e-23
-2.714336053		3.504987653e-23
-2.714336053		3.442163063e-23
-2.714336053		3.44150587e-23
-2.714336053		3.413170675e-23
-2.714336053		3.405179142e-23
-2.714336053		3.382906571e-23
-2.714336053		3.365779734e-23
-2.714336053		3.309059875e-23
-2.714336053		3.28361024e-23
-2.714336053		3.256508649e-23
-2.714336053		3.254521405e-23
-2.714336053		3.242217034e-23
-2.714336053		3.213264204e-23
-2.714336053		3.182853724e-23
-2.714336053		3.147287662e-23
-2.714336053		3.130975467e-23
-2.714336053		3.129028699e-23
-2.714336053		3.09945546e-23
-2.714336053		3.086016312e-23
-2.714336053		3.061585494e-23
-2.714336053		3.053057555e-23
-2.714336053		3.052426347e-23
-2.714336053		3.039611936e-23
-2.714336053		3.034260586e-23
-2.714336053		3.007797724e-23
-2.714336053		3.001948251e-23
-2.714336053		3.001175776e-23
-2.714336053		2.977415266e-23
-2.714336053		2.956354688e-23
-2.714336053		2.951102849e-23
-2.714336053		2.943610429e-23
-2.714336053		2.903422579e-23
-2.714336053		2.902266148e-23
-2.714336053		2.873738032e-23
-2.714336053		2.86998341e-23
-2.714336053		2.769390259e-23
-2.714336053		2.751634748e-23
-2.714336053		2.738846616e-23
-2.714336053		2.736069386e-23
-2.714336053		2.706142144e-23
-2.714336053		2.693467553e-23
-2.714336053		2.655779705e-23
-2.714336053		2.5709841e-23
-2.714336053		2.451858902e-23
-2.714336053		2.044743595e-23
-2.714336053		2.02436876e-23
-2.714336053		1.974233392e-23
-2.714336053		1.938940809e-23
-2.714336053		1.776691395e-23
-2.714336053		1.745380827e-23
-2.714336053		1.720166949e-23
-2.714336053		1.654870169e-23
-2.714336053		1.654379233e-23
-2.714336053		1.55166688e-23
-2.714336053		1.509117436e-23
-2.714336053		1.417503938e-23
-2.714336053		1.232590239e-23
-2.714336053		1.115838328e-23
-2.714336053		1.102924414e-23
-2.714336053		1.087031033e-23
-2.714336053		1.044193607e-23
-2.714336053		1.016445141e-23
-2.714336053		1.003625974e-23
-2.714336053		9.990311233e-24
-2.714336053		9.321751768e-24
-2.714336053		8.922922885e-24
-2.714336053		7.648290071e-24
-2.714336053		7.582499291e-24
-2.714336053		7.302314591e-24
-2.714336053		7.294336458e-24
-2.714336053		7.167912486e-24
-2.714336053		7.063702552e-24
-2.714336053		6.93898021e-24
-2.714336053		6.705440948e-24
-2.714336053		6.219435698e-24
-2.714336053		6.104896162e-24
-2.714336053		5.762739661e-24
-2.714336053		5.406954523e-24
-2.714336053		5.290132513e-24
-2.714336053		4.206322429e-24
-2.714336053		3.624384537e-24
-2.714336053		3.306960353e-24
-2.714336053		3.155143292e-24
-2.714336053		3.123893002e-24
-2.714336053		2.560522258e-24
-2.714336053		2.507358474e-24
-2.714336053		2.390568181e-24
-2.714336053		2.05131502e-24
-2.714336053		2.010352651e-24
-2.714336053		1.85532491e-24
-2.714336053		1.812673357e-24
-2.714336053		1.226229938e-24
-2.714336053		9.759674314e-25
-2.714336053		6.764900261e-25

-2.638937829		3.515425384e-23
-2.638937829		3.507070672e-23
-2.638937829		3.448134315e-23
-2.638937829		3.442897637e-23
-2.638937829		3.413693027e-23
-2.638937829		3.405519877e-23
-2.638937829		3.382640858e-23
-2.638937829		3.364908649e-23
-2.638937829		3.312202178e-23
-2.638937829		3.284790788e-23
-2.638937829		3.256053868e-23
-2.638937829		3.254426838e-23
-2.638937829		3.241987649e-23
-2.638937829		3.213298109e-23
-2.638937829		3.181929192e-23
-2.638937829		3.145696528e-23
-2.638937829		3.131021815e-23
-2.638937829		3.127393603e-23
-2.638937829		3.10182231e-23
-2.638937829		3.08547117e-23
-2.638937829		3.063258241e-23
-2.638937829		3.053059329e-23
-2.638937829		3.052315371e-23
-2.638937829		3.039825236e-23
-2.638937829		3.033928361e-23
-2.638937829		3.007827022e-23
-2.638937829		3.001894107e-23
-2.638937829		3.000354997e-23
-2.638937829		2.977132514e-23
-2.638937829		2.959061097e-23
-2.638937829		2.953707132e-23
-2.638937829		2.944592906e-23
-2.638937829		2.90412004e-23
-2.638937829		2.902040959e-23
-2.638937829		2.874652305e-23
-2.638937829		2.868561677e-23
-2.638937829		2.770188078e-23
-2.638937829		2.750496175e-23
-2.638937829		2.738349498e-23
-2.638937829		2.736613839e-23
-2.638937829		2.706355844e-23
-2.638937829		2.693515802e-23
-2.638937829		2.655565592e-23
-2.638937829		2.570486035e-23
-2.638937829		2.450651628e-23
-2.638937829		2.157369365e-23
-2.638937829		2.137522345e-23
-2.638937829		2.086762351e-23
-2.638937829		2.051646713e-23
-2.638937829		1.889025399e-23
-2.638937829		1.857985559e-23
-2.638937829		1.832252867e-23
-2.638937829		1.766633172e-23
-2.638937829		1.766135121e-23
-2.638937829		1.663743564e-23
-2.638937829		1.604653253e-23
-2.638937829		1.529551334e-23
-2.638937829		1.344644389e-23
-2.638937829		1.226554965e-23
-2.638937829		1.214212109e-23
-2.638937829		1.19689086e-23
-2.638937829		1.155822861e-23
-2.638937829		1.124741862e-23
-2.638937829		1.115036828e-23
-2.638937829		1.09983313e-23
-2.638937829		1.044034762e-23
-2.638937829		9.965973122e-24
-2.638937829		8.766739487e-24
-2.638937829		8.702805293e-24
-2.638937829		6.529282744e-24
-2.638937829		6.409822144e-24
-2.638937829		6.16904019e-24
-2.638937829		6.167516814e-24
-2.638937829		6.041538569e-24
-2.638937829		5.933835458e-24
-2.638937829		5.808604502e-24
-2.638937829		5.574759395e-24
-2.638937829		5.353176212e-24
-2.638937829		5.129007955e-24
-2.638937829		4.98431463e-24
-2.638937829		4.740630551e-24
-2.638937829		4.628940686e-24
-2.638937829		4.23831628e-24
-2.638937829		4.195327925e-24
-2.638937829		3.672674132e-24
-2.638937829		3.47103663e-24
-2.638937829		3.157180541e-24
-2.638937829		3.106984395e-24
-2.638937829		2.213417326e-24
-2.638937829		2.192578831e-24
-2.638937829		1.296249084e-24
-2.638937829		8.233658463e-25
-2.638937829		7.355308563e-25
-2.638937829		3.482552417e-25
-2.638937829		1.414612428e-25

-2.563539605		3.517335634e-23
-2.563539605		3.509379368e-23
-2.563539605		3.454602949e-23
-2.563539605		3.44418149e-23
-2.563539605		3.414233571e-23
-2.563539605		3.405875896e-23
-2.563539605		3.382180711e-23
-2.563539605		3.363922347e-23
-2.563539605		3.315680893e-23
-2.563539605		3.285984492e-23
-2.563539605		3.255407751e-23
-2.563539605		3.254324684e-23
-2.563539605		3.241728436e-23
-2.563539605		3.213325973e-23
-2.563539605		3.180937525e-23
-2.563539605		3.144233452e-23
-2.563539605		3.131082947e-23
-2.563539605		3.125329035e-23
-2.563539605		3.104477188e-23
-2.563539605		3.084876279e-23
-2.563539605		3.065069407e-23
-2.563539605		3.053064116e-23
-2.563539605		3.052076167e-23
-2.563539605		3.040067477e-23
-2.563539605		3.033571926e-23
-2.563539605		3.007848519e-23
-2.563539605		3.001824767e-23
-2.563539605		2.999490308e-23
-2.563539605		2.976801269e-23
-2.563539605		2.962071338e-23
-2.563539605		2.956083581e-23
-2.563539605		2.94565598e-23
-2.563539605		2.904995285e-23
-2.563539605		2.90182879e-23
-2.563539605		2.875521648e-23
-2.563539605		2.867070678e-23
-2.563539605		2.770952033e-23
-2.563539605		2.7495466e-23
-2.563539605		2.738074328e-23
-2.563539605		2.736950796e-23
-2.563539605		2.706387149e-23
-2.563539605		2.693571548e-23
-2.563539605		2.655316044e-23
-2.563539605		2.569953773e-23
-2.563539605		2.449302864e-23
-2.563539605		2.269216647e-23
-2.563539605		2.249593389e-23
-2.563539605		2.198260456e-23
-2.563539605		2.163166651e-23
-2.563539605		2.000321169e-23
-2.563539605		1.96949657e-23
-2.563539605		1.943193699e-23
-2.563539605		1.87777216e-23
-2.563539605		1.876762268e-23
-2.563539605		1.774742817e-23
-2.563539605		1.6976722e-23
-2.563539605		1.640560055e-23
-2.563539605		1.455860422e-23
-2.563539605		1.336391729e-23
-2.563539605		1.324590048e-23
-2.563539605		1.305896468e-23
-2.563539605		1.266528279e-23
-2.563539605		1.232246797e-23
-2.563539605		1.226150748e-23
-2.563539605		1.202457412e-23
-2.563539605		1.154965565e-23
-2.563539605		1.100306581e-23
-2.563539605		9.876373249e-24
-2.563539605		9.813753998e-24
-2.563539605		7.642906949e-24
-2.563539605		7.520427662e-24
-2.563539605		6.460894943e-24
-2.563539605		5.847891926e-24
-2.563539605		5.351280963e-24
-2.563539605		5.229671368e-24
-2.563539605		5.048178851e-24
-2.563539605		5.045480804e-24
-2.563539605		4.932526574e-24
-2.563539605		4.81269331e-24
-2.563539605		4.775930165e-24
-2.563539605		4.683003349e-24
-2.563539605		4.543823395e-24
-2.563539605		4.453661991e-24
-2.563539605		4.254400242e-24
-2.563539605		4.195341182e-24
-2.563539605		4.055696553e-24
-2.563539605		3.869559629e-24
-2.563539605		3.511888699e-24
-2.563539605		3.278806303e-24
-2.563539605		1.61081186e-24
-2.563539605		1.131578647e-24
-2.563539605		9.019321918e-25
-2.563539605		6.37339323e-25
-2.563539605		4.461884066e-25
-2.563539605		1.289216901e-26

-2.488141382		3.51959249e-23
-2.488141382		3.511929488e-23
-2.488141382		3.461455635e-23
-2.488141382		3.445345574e-23
-2.488141382		3.414803275e-23
-2.488141382		3.40628645e-23
-2.488141382		3.38151025e-23
-2.488141382		3.362817309e-23
-2.488141382		3.319507544e-23
-2.488141382		3.287184418e-23
-2.488141382		3.254583272e-23
-2.488141382		3.254214775e-23
-2.488141382		3.241437616e-23
-2.488141382		3.213348136e-23
-2.488141382		3.179874762e-23
-2.488141382		3.142897205e-23
-2.488141382		3.131162427e-23
-2.488141382		3.12285196e-23
-2.488141382		3.107467002e-23
-2.488141382		3.084234595e-23
-2.488141382		3.066981658e-23
-2.488141382		3.053072139e-23
-2.488141382		3.051749977e-23
-2.488141382		3.040338794e-23
-2.488141382		3.033190344e-23
-2.488141382		3.007861502e-23
-2.488141382		3.001739318e-23
-2.488141382		2.998617903e-23
-2.488141382		2.976419572e-23
-2.488141382		2.965140458e-23
-2.488141382		2.958473119e-23
-2.488141382		2.946815564e-23
-2.488141382		2.906066825e-23
-2.488141382		2.901656648e-23
-2.488141382		2.876349472e-23
-2.488141382		2.865550674e-23
-2.488141382		2.771727458e-23
-2.488141382		2.74880315e-23
-2.488141382		2.738438611e-23
-2.488141382		2.736758397e-23
-2.488141382		2.706244029e-23
-2.488141382		2.693640861e-23
-2.488141382		2.65505957e-23
-2.488141382		2.569506277e-23
-2.488141382		2.448106867e-23
-2.488141382		2.380036687e-23
-2.488141382		2.360117592e-23
-2.488141382		2.308436056e-23
-2.488141382		2.273180619e-23
-2.488141382		2.110366456e-23
-2.488141382		2.079721991e-23
-2.488141382		2.052774644e-23
-2.488141382		1.987601413e-23
-2.488141382		1.986420436e-23
-2.488141382		1.884487879e-23
-2.488141382		1.788041517e-23
-2.488141382		1.750158382e-23
-2.488141382		1.566036206e-23
-2.488141382		1.445214265e-23
-2.488141382		1.43392285e-23
-2.488141382		1.413919785e-23
-2.488141382		1.376171948e-23
-2.488141382		1.338834616e-23
-2.488141382		1.336269683e-23
-2.488141382		1.304877046e-23
-2.488141382		1.264826617e-23
-2.488141382		1.20327963e-23
-2.488141382		1.097552561e-23
-2.488141382		1.091389413e-23
-2.488141382		8.74617779e-24
-2.488141382		8.62054051e-24
-2.488141382		7.581852091e-24
-2.488141382		6.944738143e-24
-2.488141382		6.455119382e-24
-2.488141382		6.25675636e-24
-2.488141382		5.868909251e-24
-2.488141382		5.607601445e-24
-2.488141382		5.34159112e-24
-2.488141382		5.274034814e-24
-2.488141382		4.377338493e-24
-2.488141382		3.938518037e-24
-2.488141382		3.933164419e-24
-2.488141382		3.873226166e-24
-2.488141382		3.702516099e-24
-2.488141382		3.57284107e-24
-2.488141382		3.344768948e-24
-2.488141382		2.962522518e-24
-2.488141382		2.765092564e-24
-2.488141382		2.70903247e-24
-2.488141382		2.421152716e-24
-2.488141382		1.97187074e-24
-2.488141382		1.56949151e-24
-2.488141382		1.544302147e-24
-2.488141382		9.916847814e-25
-2.488141382		8.280332002e-26

-2.412743158		3.522286934e-23
-2.412743158		3.514734267e-23
-2.412743158		3.468541184e-23
-2.412743158		3.446379211e-23
-2.412743158		3.415410895e-23
-2.412743158		3.406782916e-23
-2.412743158		3.380617168e-23
-2.412743158		3.361589491e-23
-2.412743158		3.323696295e-23
-2.412743158		3.288389816e-23
-2.412743158		3.254096919e-23
-2.412743158		3.253591194e-23
-2.412743158		3.2411131e-23
-2.412743158		3.213364888e-23
-2.412743158		3.178736541e-23
-2.412743158		3.141674021e-23
-2.412743158		3.131266784e-23
-2.412743158		3.120000884e-23
-2.412743158		3.110846936e-23
-2.412743158		3.08354947e-23
-2.412743158		3.068969287e-23
-2.412743158		3.053083622e-23
-2.412743158		3.051383647e-23
-2.412743158		3.040639191e-23
-2.412743158		3.032782705e-23
-2.412743158		3.007865054e-23
-2.412743158		3.001636656e-23
-2.412743158		2.99779312e-23
-2.412743158		2.975985187e-23
-2.412743158		2.968138735e-23
-2.412743158		2.961002211e-23
-2.412743158		2.948097008e-23
-2.412743158		2.907363012e-23
-2.412743158		2.90157111e-23
-2.412743158		2.877143463e-23
-2.412743158		2.86406968e-23
-2.412743158		2.772606476e-23
-2.412743158		2.748299505e-23
-2.412743158		2.739399713e-23
-2.412743158		2.736325865e-23
-2.412743158		2.705941836e-23
-2.412743158		2.69373701e-23
-2.412743158		2.654901824e-23
-2.412743158		2.569531157e-23
-2.412743158		2.489513693e-23
-2.412743158		2.473565661e-23
-2.412743158		2.442398487e-23
-2.412743158		2.416878336e-23
-2.412743158		2.3810643e-23
-2.412743158		2.218925302e-23
-2.412743158		2.188439808e-23
-2.412743158		2.160751941e-23
-2.412743158		2.095906021e-23
-2.412743158		2.094841649e-23
-2.412743158		1.992797172e-23
-2.412743158		1.87653733e-23
-2.412743158		1.857091899e-23
-2.412743158		1.67499612e-23
-2.412743158		1.552889477e-23
-2.412743158		1.542075579e-23
-2.412743158		1.520833235e-23
-2.412743158		1.484616688e-23
-2.412743158		1.44519833e-23
-2.412743158		1.444382144e-23
-2.412743158		1.406251095e-23
-2.412743158		1.373478621e-23
-2.412743158		1.305390427e-23
-2.412743158		1.206268091e-23
-2.412743158		1.20018142e-23
-2.412743158		9.837595994e-24
-2.412743158		9.708769936e-24
-2.412743158		8.697026922e-24
-2.412743158		8.029790522e-24
-2.412743158		7.547645717e-24
-2.412743158		7.275326305e-24
-2.412743158		6.95026357e-24
-2.412743158		6.661124434e-24
-2.412743158		6.417418311e-24
-2.412743158		6.341763569e-24
-2.412743158		5.469493403e-24
-2.412743158		3.804096143e-24
-2.412743158		3.418357627e-24
-2.412743158		2.840290388e-24
-2.412743158		2.833932556e-24
-2.412743158		2.653037787e-24
-2.412743158		2.641146622e-24
-2.412743158		2.604104789e-24
-2.412743158		2.478908664e-24
-2.412743158		2.428713257e-24
-2.412743158		2.252178894e-24
-2.412743158		2.084824568e-24
-2.412743158		1.880645276e-24
-2.412743158		1.676859883e-24
-2.412743158		1.265427173e-24
-2.412743158		1.150849776e-24

-2.337344934		3.525540808e-23
-2.337344934		3.51780759e-23
-2.337344934		3.475663104e-23
-2.337344934		3.447272308e-23
-2.337344934		3.416063538e-23
-2.337344934		3.407389806e-23
-2.337344934		3.379493121e-23
-2.337344934		3.360234307e-23
-2.337344934		3.328264821e-23
-2.337344934		3.289607866e-23
-2.337344934		3.253970909e-23
-2.337344934		3.252440433e-23
-2.337344934		3.240752456e-23
-2.337344934		3.213376458e-23
-2.337344934		3.177518088e-23
-2.337344934		3.140550839e-23
-2.337344934		3.131409984e-23
-2.337344934		3.116827928e-23
-2.337344934		3.114680162e-23
-2.337344934		3.082827101e-23
-2.337344934		3.071022331e-23
-2.337344934		3.053098799e-23
-2.337344934		3.051036463e-23
-2.337344934		3.040968544e-23
-2.337344934		3.032348177e-23
-2.337344934		3.007858016e-23
-2.337344934		3.001515469e-23
-2.337344934		2.997103846e-23
-2.337344934		2.975495756e-23
-2.337344934		2.971008987e-23
-2.337344934		2.963728373e-23
-2.337344934		2.949542804e-23
-2.337344934		2.908936889e-23
-2.337344934		2.901658161e-23
-2.337344934		2.877922852e-23
-2.337344934		2.862747412e-23
-2.337344934		2.773808544e-23
-2.337344934		2.748100491e-23
-2.337344934		2.741377504e-23
-2.337344934		2.735996646e-23
-2.337344934		2.705513787e-23
-2.337344934		2.693898709e-23
-2.337344934		2.655724786e-23
-2.337344934		2.596925839e-23
-2.337344934		2.579308676e-23
-2.337344934		2.571723869e-23
-2.337344934		2.522759663e-23
-2.337344934		2.48437242e-23
-2.337344934		2.442513375e-23
-2.337344934		2.32569377e-23
-2.337344934		2.295361097e-23
-2.337344934		2.26682422e-23
-2.337344934		2.202433402e-23
-2.337344934		2.201772349e-23
-2.337344934		2.09948013e-23
-2.337344934		1.971392221e-23
-2.337344934		1.952658686e-23
-2.337344934		1.782576246e-23
-2.337344934		1.659285127e-23
-2.337344934		1.648913711e-23
-2.337344934		1.62650967e-23
-2.337344934		1.591725917e-23
-2.337344934		1.552775642e-23
-2.337344934		1.548767771e-23
-2.337344934		1.506157858e-23
-2.337344934		1.480783483e-23
-2.337344934		1.406520565e-23
-2.337344934		1.313639512e-23
-2.337344934		1.307612826e-23
-2.337344934		1.091572653e-23
-2.337344934		1.078373837e-23
-2.337344934		9.803717189e-24
-2.337344934		9.101690548e-24
-2.337344934		8.627182141e-24
-2.337344934		8.284205718e-24
-2.337344934		8.018660428e-24
-2.337344934		7.703176675e-24
-2.337344934		7.480568682e-24
-2.337344934		7.397254065e-24
-2.337344934		6.550396199e-24
-2.337344934		4.887804021e-24
-2.337344934		4.322139233e-24
-2.337344934		3.733110294e-24
-2.337344934		3.720363666e-24
-2.337344934		3.144090287e-24
-2.337344934		2.257416029e-24
-2.337344934		1.755516148e-24
-2.337344934		1.748690947e-24
-2.337344934		1.515784841e-24
-2.337344934		1.503501025e-24
-2.337344934		1.402992226e-24
-2.337344934		1.19323416e-24
-2.337344934		8.448944102e-25
-2.337344934		6.267656115e-25
-2.337344934		2.064935864e-25

-2.261946711		3.52948966e-23
-2.261946711		3.521165975e-23
-2.261946711		3.482584933e-23
-2.261946711		3.448014998e-23
-2.261946711		3.416767049e-23
-2.261946711		3.408126441e-23
-2.261946711		3.378133457e-23
-2.261946711		3.358746607e-23
-2.261946711		3.333235761e-23
-2.261946711		3.290856512e-23
-2.261946711		3.253836521e-23
-2.261946711		3.251138741e-23
-2.261946711		3.240352877e-23
-2.261946711		3.213383011e-23
-2.261946711		3.176214223e-23
-2.261946711		3.139529458e-23
-2.261946711		3.131629381e-23
-2.261946711		3.119032533e-23
-2.261946711		3.113393966e-23
-2.261946711		3.082083091e-23
-2.261946711		3.073153073e-23
-2.261946711		3.053117909e-23
-2.261946711		3.050792199e-23
-2.261946711		3.041326672e-23
-2.261946711		3.031886089e-23
-2.261946711		3.007838946e-23
-2.261946711		3.001374199e-23
-2.261946711		2.996696289e-23
-2.261946711		2.974951773e-23
-2.261946711		2.973733704e-23
-2.261946711		2.966680046e-23
-2.261946711		2.951230631e-23
-2.261946711		2.910910439e-23
-2.261946711		2.902096307e-23
-2.261946711		2.878747299e-23
-2.261946711		2.861821921e-23
-2.261946711		2.776017479e-23
-2.261946711		2.748651848e-23
-2.261946711		2.746671544e-23
-2.261946711		2.737016031e-23
-2.261946711		2.708671176e-23
-2.261946711		2.704200628e-23
-2.261946711		2.694226639e-23
-2.261946711		2.683908484e-23
-2.261946711		2.651112712e-23
-2.261946711		2.62322777e-23
-2.261946711		2.606472398e-23
-2.261946711		2.552468893e-23
-2.261946711		2.44099755e-23
-2.261946711		2.429771293e-23
-2.261946711		2.400000513e-23
-2.261946711		2.370517326e-23
-2.261946711		2.306933922e-23
-2.261946711		2.306855255e-23
-2.261946711		2.204331476e-23
-2.261946711		2.074849058e-23
-2.261946711		2.034144392e-23
-2.261946711		1.88861763e-23
-2.261946711		1.764269633e-23
-2.261946711		1.754303114e-23
-2.261946711		1.73082234e-23
-2.261946711		1.69736357e-23
-2.261946711		1.658851074e-23
-2.261946711		1.651870456e-23
-2.261946711		1.604328444e-23
-2.261946711		1.586604085e-23
-2.261946711		1.506555933e-23
-2.261946711		1.419526523e-23
-2.261946711		1.413546993e-23
-2.261946711		1.197916441e-23
-2.261946711		1.184407953e-23
-2.261946711		1.090003529e-23
-2.261946711		1.015909468e-23
-2.261946711		9.692252523e-24
-2.261946711		9.282263901e-24
-2.261946711		9.072778595e-24
-2.261946711		8.732557996e-24
-2.261946711		8.529742887e-24
-2.261946711		8.439247558e-24
-2.261946711		7.617764209e-24
-2.261946711		5.957988974e-24
-2.261946711		5.365512924e-24
-2.261946711		4.80323135e-24
-2.261946711		4.789610193e-24
-2.261946711		4.208485888e-24
-2.261946711		3.315056525e-24
-2.261946711		9.25592028e-25
-2.261946711		6.890769656e-25
-2.261946711		6.55772104e-25
-2.261946711		6.515169843e-25
-2.261946711		5.501644543e-25
-2.261946711		4.621444643e-25
-2.261946711		4.30537553e-25
-2.261946711		4.12908466e-25
-2.261946711		8.99620907e-26

-2.186548487		3.5342184e-23
-2.186548487		3.524825624e-23
-2.186548487		3.489061846e-23
-2.186548487		3.4485975e-23
-2.186548487		3.417526266e-23
-2.186548487		3.409009083e-23
-2.186548487		3.376536498e-23
-2.186548487		3.357120668e-23
-2.186548487		3.338639194e-23
-2.186548487		3.292169515e-23
-2.186548487		3.253693529e-23
-2.186548487		3.249693762e-23
-2.186548487		3.239911132e-23
-2.186548487		3.21338464e-23
-2.186548487		3.174819362e-23
-2.186548487		3.138641711e-23
-2.186548487		3.132068563e-23
-2.186548487		3.123916277e-23
-2.186548487		3.109770963e-23
-2.186548487		3.081371525e-23
-2.186548487		3.075400169e-23
-2.186548487		3.053141201e-23
-2.186548487		3.050782667e-23
-2.186548487		3.041713545e-23
-2.186548487		3.031396046e-23
-2.186548487		3.007806068e-23
-2.186548487		3.001211013e-23
-2.186548487		2.996832941e-23
-2.186548487		2.976367868e-23
-2.186548487		2.974330992e-23
-2.186548487		2.969884858e-23
-2.186548487		2.953326879e-23
-2.186548487		2.913657659e-23
-2.186548487		2.903358139e-23
-2.186548487		2.879925816e-23
-2.186548487		2.861997239e-23
-2.186548487		2.811545073e-23
-2.186548487		2.793136027e-23
-2.186548487		2.782765015e-23
-2.186548487		2.773992824e-23
-2.186548487		2.748909192e-23
-2.186548487		2.731343482e-23
-2.186548487		2.704916757e-23
-2.186548487		2.701619226e-23
-2.186548487		2.700572313e-23
-2.186548487		2.687395852e-23
-2.186548487		2.651739096e-23
-2.186548487		2.561300058e-23
-2.186548487		2.531888321e-23
-2.186548487		2.500636024e-23
-2.186548487		2.47232385e-23
-2.186548487		2.437158833e-23
-2.186548487		2.409848323e-23
-2.186548487		2.408655375e-23
-2.186548487		2.307121947e-23
-2.186548487		2.178039251e-23
-2.186548487		2.109929445e-23
-2.186548487		1.992962358e-23
-2.186548487		1.867711938e-23
-2.186548487		1.858110001e-23
-2.186548487		1.833644862e-23
-2.186548487		1.801394023e-23
-2.186548487		1.763278207e-23
-2.186548487		1.753569991e-23
-2.186548487		1.700559433e-23
-2.186548487		1.690804157e-23
-2.186548487		1.605384962e-23
-2.186548487		1.523791563e-23
-2.186548487		1.517848962e-23
-2.186548487		1.302652389e-23
-2.186548487		1.28884381e-23
-2.186548487		1.198425126e-23
-2.186548487		1.120067213e-23
-2.186548487		1.07414609e-23
-2.186548487		1.026839657e-23
-2.186548487		1.011130688e-23
-2.186548487		9.748077702e-24
-2.186548487		9.563653274e-24
-2.186548487		9.466495565e-24
-2.186548487		8.669932562e-24
-2.186548487		7.012975214e-24
-2.186548487		6.417097425e-24
-2.186548487		5.85922383e-24
-2.186548487		5.844116053e-24
-2.186548487		5.261801626e-24
-2.186548487		4.367468709e-24
-2.186548487		1.94482534e-24
-2.186548487		1.611902134e-24
-2.186548487		1.433530554e-24
-2.186548487		1.059700699e-24
-2.186548487		7.934646041e-25
-2.186548487		6.232587392e-25
-2.186548487		5.862354741e-25
-2.186548487		3.893473503e-25
-2.186548487		3.775116932e-25

-2.111150263		3.539741544e-23
-2.111150263		3.528801532e-23
-2.111150263		3.49490147e-23
-2.111150263		3.449010166e-23
-2.111150263		3.418345161e-23
-2.111150263		3.410053269e-23
-2.111150263		3.374702825e-23
-2.111150263		3.355350178e-23
-2.111150263		3.344516952e-23
-2.111150263		3.293606093e-23
-2.111150263		3.253541711e-23
-2.111150263		3.248114795e-23
-2.111150263		3.23942352e-23
-2.111150263		3.213381356e-23
-2.111150263		3.173327551e-23
-2.111150263		3.137972434e-23
-2.111150263		3.133683103e-23
-2.111150263		3.12865936e-23
-2.111150263		3.106056115e-23
-2.111150263		3.081029529e-23
-2.111150263		3.07769303e-23
-2.111150263		3.053168935e-23
-2.111150263		3.051245201e-23
-2.111150263		3.042129543e-23
-2.111150263		3.030878097e-23
-2.111150263		3.007757224e-23
-2.111150263		3.001023758e-23
-2.111150263		2.998093275e-23
-2.111150263		2.979049706e-23
-2.111150263		2.973660806e-23
-2.111150263		2.9734725e-23
-2.111150263		2.956349125e-23
-2.111150263		2.921606651e-23
-2.111150263		2.912611917e-23
-2.111150263		2.907951564e-23
-2.111150263		2.8990363e-23
-2.111150263		2.876261368e-23
-2.111150263		2.864038729e-23
-2.111150263		2.848990833e-23
-2.111150263		2.820472539e-23
-2.111150263		2.754935144e-23
-2.111150263		2.751673461e-23
-2.111150263		2.731896041e-23
-2.111150263		2.725815591e-23
-2.111150263		2.704048416e-23
-2.111150263		2.693595575e-23
-2.111150263		2.651648966e-23
-2.111150263		2.627572692e-23
-2.111150263		2.605640302e-23
-2.111150263		2.569062089e-23
-2.111150263		2.555760532e-23
-2.111150263		2.510657112e-23
-2.111150263		2.506357533e-23
-2.111150263		2.43434434e-23
-2.111150263		2.407580684e-23
-2.111150263		2.279381278e-23
-2.111150263		2.181059329e-23
-2.111150263		2.095450337e-23
-2.111150263		1.9694814e-23
-2.111150263		1.960200854e-23
-2.111150263		1.934851184e-23
-2.111150263		1.903681976e-23
-2.111150263		1.865912475e-23
-2.111150263		1.853746698e-23
-2.111150263		1.794677898e-23
-2.111150263		1.793248176e-23
-2.111150263		1.70289763e-23
-2.111150263		1.626299129e-23
-2.111150263		1.620385326e-23
-2.111150263		1.40564342e-23
-2.111150263		1.391547018e-23
-2.111150263		1.305466847e-23
-2.111150263		1.222510445e-23
-2.111150263		1.17734571e-23
-2.111150263		1.124151658e-23
-2.111150263		1.113294299e-23
-2.111150263		1.074855157e-23
-2.111150263		1.058102387e-23
-2.111150263		1.047775856e-23
-2.111150263		9.70545782e-24
-2.111150263		8.051345771e-24
-2.111150263		7.462965451e-24
-2.111150263		6.899169052e-24
-2.111150263		6.882300792e-24
-2.111150263		6.300334104e-24
-2.111150263		5.404220512e-24
-2.111150263		2.981345465e-24
-2.111150263		2.640797686e-24
-2.111150263		2.45674569e-24
-2.111150263		2.070921424e-24
-2.111150263		1.810935151e-24
-2.111150263		1.657373066e-24
-2.111150263		1.620450146e-24
-2.111150263		1.419818979e-24
-2.111150263		1.410179442e-24

-2.03575204		3.542912705e-23
-2.03575204		3.533100474e-23
-2.03575204		3.500023691e-23
-2.03575204		3.449243769e-23
-2.03575204		3.419226909e-23
-2.03575204		3.411276217e-23
-2.03575204		3.372635469e-23
-2.03575204		3.353428235e-23
-2.03575204		3.350930208e-23
-2.03575204		3.295270744e-23
-2.03575204		3.253380864e-23
-2.03575204		3.246416299e-23
-2.03575204		3.23888582e-23
-2.03575204		3.213373087e-23
-2.03575204		3.171732527e-23
-2.03575204		3.139731995e-23
-2.03575204		3.137708336e-23
-2.03575204		3.130705457e-23
-2.03575204		3.102420447e-23
-2.03575204		3.083485379e-23
-2.03575204		3.078578579e-23
-2.03575204		3.053201404e-23
-2.03575204		3.052760189e-23
-2.03575204		3.042575389e-23
-2.03575204		3.030332995e-23
-2.03575204		3.017601635e-23
-2.03575204		3.007689825e-23
-2.03575204		3.006076182e-23
-2.03575204		3.000809909e-23
-2.03575204		2.994360543e-23
-2.03575204		2.981491368e-23
-2.03575204		2.975053665e-23
-2.03575204		2.972909643e-23
-2.03575204		2.964346052e-23
-2.03575204		2.952846136e-23
-2.03575204		2.938006872e-23
-2.03575204		2.900656647e-23
-2.03575204		2.894349542e-23
-2.03575204		2.878834194e-23
-2.03575204		2.861008272e-23
-2.03575204		2.768976524e-23
-2.03575204		2.767997926e-23
-2.03575204		2.738738732e-23
-2.03575204		2.730929003e-23
-2.03575204		2.704993563e-23
-2.03575204		2.703023388e-23
-2.03575204		2.7022843e-23
-2.03575204		2.687192159e-23
-2.03575204		2.658696559e-23
-2.03575204		2.650235914e-23
-2.03575204		2.607519545e-23
-2.03575204		2.603491765e-23
-2.03575204		2.553630696e-23
-2.03575204		2.505363305e-23
-2.03575204		2.431225001e-23
-2.03575204		2.378255346e-23
-2.03575204		2.247486415e-23
-2.03575204		2.195915494e-23
-2.03575204		2.069447643e-23
-2.03575204		2.060442292e-23
-2.03575204		2.034315511e-23
-2.03575204		2.004092286e-23
-2.03575204		1.966609527e-23
-2.03575204		1.952281406e-23
-2.03575204		1.893801262e-23
-2.03575204		1.886524154e-23
-2.03575204		1.798984879e-23
-2.03575204		1.726915416e-23
-2.03575204		1.721024174e-23
-2.03575204		1.506753769e-23
-2.03575204		1.492384392e-23
-2.03575204		1.410957839e-23
-2.03575204		1.323108591e-23
-2.03575204		1.278692438e-23
-2.03575204		1.220055317e-23
-2.03575204		1.213638868e-23
-2.03575204		1.173279992e-23
-2.03575204		1.158059154e-23
-2.03575204		1.147180584e-23
-2.03575204		1.072300714e-23
-2.03575204		9.07179362e-24
-2.03575204		8.498563473e-24
-2.03575204		7.92159404e-24
-2.03575204		7.902737243e-24
-2.03575204		7.322018183e-24
-2.03575204		6.423085812e-24
-2.03575204		4.001798582e-24
-2.03575204		3.660853866e-24
-2.03575204		3.477294493e-24
-2.03575204		3.08378168e-24
-2.03575204		2.823537159e-24
-2.03575204		2.674993901e-24
-2.03575204		2.639910636e-24
-2.03575204		2.435416805e-24
-2.03575204		2.427763494e-24

-1.960353816		3.543752072e-23
-1.960353816		3.537668842e-23
-1.960353816		3.504471171e-23
-1.960353816		3.44929009e-23
-1.960353816		3.420173923e-23
-1.960353816		3.412699347e-23
-1.960353816		3.37034584e-23
-1.960353816		3.357970621e-23
-1.960353816		3.351347357e-23
-1.960353816		3.29735999e-23
-1.960353816		3.253210821e-23
-1.960353816		3.244627788e-23
-1.960353816		3.238293234e-23
-1.960353816		3.213359687e-23
-1.960353816		3.170027863e-23
-1.960353816		3.152255878e-23
-1.960353816		3.138312531e-23
-1.960353816		3.131415417e-23
-1.960353816		3.1170644e-23
-1.960353816		3.099377191e-23
-1.960353816		3.09681302e-23
-1.960353816		3.092192762e-23
-1.960353816		3.078038577e-23
-1.960353816		3.055281044e-23
-1.960353816		3.053239311e-23
-1.960353816		3.043064464e-23
-1.960353816		3.041046299e-23
-1.960353816		3.029764132e-23
-1.960353816		3.026781385e-23
-1.960353816		3.007600822e-23
-1.960353816		3.000996693e-23
-1.960353816		3.000566527e-23
-1.960353816		2.985364548e-23
-1.960353816		2.980457705e-23
-1.960353816		2.972091276e-23
-1.960353816		2.959134574e-23
-1.960353816		2.913279182e-23
-1.960353816		2.911403901e-23
-1.960353816		2.880345622e-23
-1.960353816		2.87791562e-23
-1.960353816		2.832707254e-23
-1.960353816		2.794814686e-23
-1.960353816		2.756803645e-23
-1.960353816		2.756068152e-23
-1.960353816		2.747544772e-23
-1.960353816		2.73056318e-23
-1.960353816		2.714863467e-23
-1.960353816		2.709595361e-23
-1.960353816		2.696245198e-23
-1.960353816		2.693274439e-23
-1.960353816		2.680636764e-23
-1.960353816		2.64948037e-23
-1.960353816		2.599937773e-23
-1.960353816		2.553706853e-23
-1.960353816		2.473792843e-23
-1.960353816		2.427735146e-23
-1.960353816		2.309001814e-23
-1.960353816		2.294179849e-23
-1.960353816		2.167480344e-23
-1.960353816		2.158700837e-23
-1.960353816		2.131912172e-23
-1.960353816		2.102489679e-23
-1.960353816		2.065223542e-23
-1.960353816		2.049055427e-23
-1.960353816		1.992329032e-23
-1.960353816		1.975940571e-23
-1.960353816		1.893538264e-23
-1.960353816		1.825508087e-23
-1.960353816		1.81963508e-23
-1.960353816		1.605848886e-23
-1.960353816		1.59122404e-23
-1.960353816		1.514723363e-23
-1.960353816		1.42173242e-23
-1.960353816		1.378057459e-23
-1.960353816		1.314450146e-23
-1.960353816		1.312029713e-23
-1.960353816		1.269964598e-23
-1.960353816		1.256110793e-23
-1.960353816		1.244741588e-23
-1.960353816		1.172131963e-23
-1.960353816		1.007307979e-23
-1.960353816		9.521342577e-24
-1.960353816		8.925201633e-24
-1.960353816		8.904103464e-24
-1.960353816		8.325281824e-24
-1.960353816		7.422497667e-24
-1.960353816		5.003266459e-24
-1.960353816		4.664818785e-24
-1.960353816		4.484020922e-24
-1.960353816		4.08186427e-24
-1.960353816		3.818982905e-24
-1.960353816		3.672922636e-24
-1.960353816		3.641205182e-24
-1.960353816		3.430868159e-24
-1.960353816		3.425597018e-24

-1.884955592		3.54536513e-23
-1.884955592		3.541949773e-23
-1.884955592		3.508363861e-23
-1.884955592		3.449143025e-23
-1.884955592		3.421188039e-23
-1.884955592		3.414351231e-23
-1.884955592		3.368050474e-23
-1.884955592		3.365604564e-23
-1.884955592		3.349099509e-23
-1.884955592		3.300314206e-23
-1.884955592		3.253031479e-23
-1.884955592		3.242869959e-23
-1.884955592		3.237640331e-23
-1.884955592		3.214650092e-23
-1.884955592		3.213341063e-23
-1.884955592		3.203351125e-23
-1.884955592		3.168207378e-23
-1.884955592		3.166101328e-23
-1.884955592		3.141882072e-23
-1.884955592		3.140658408e-23
-1.884955592		3.130670728e-23
-1.884955592		3.121536848e-23
-1.884955592		3.092285587e-23
-1.884955592		3.078064457e-23
-1.884955592		3.074450158e-23
-1.884955592		3.063950503e-23
-1.884955592		3.053280887e-23
-1.884955592		3.043539723e-23
-1.884955592		3.02916981e-23
-1.884955592		3.015637039e-23
-1.884955592		3.007486833e-23
-1.884955592		3.000290217e-23
-1.884955592		2.992718405e-23
-1.884955592		2.985585855e-23
-1.884955592		2.971193218e-23
-1.884955592		2.968879422e-23
-1.884955592		2.944091594e-23
-1.884955592		2.93294222e-23
-1.884955592		2.909808946e-23
-1.884955592		2.890842315e-23
-1.884955592		2.882600843e-23
-1.884955592		2.842169743e-23
-1.884955592		2.821187924e-23
-1.884955592		2.794194058e-23
-1.884955592		2.772217124e-23
-1.884955592		2.762516456e-23
-1.884955592		2.740424984e-23
-1.884955592		2.726872442e-23
-1.884955592		2.716969623e-23
-1.884955592		2.701343816e-23
-1.884955592		2.692762872e-23
-1.884955592		2.689700344e-23
-1.884955592		2.648766806e-23
-1.884955592		2.564409489e-23
-1.884955592		2.55195146e-23
-1.884955592		2.423920073e-23
-1.884955592		2.390041109e-23
-1.884955592		2.36530929e-23
-1.884955592		2.263448874e-23
-1.884955592		2.254842528e-23
-1.884955592		2.227515367e-23
-1.884955592		2.198738278e-23
-1.884955592		2.161604573e-23
-1.884955592		2.143950546e-23
-1.884955592		2.088697365e-23
-1.884955592		2.062761235e-23
-1.884955592		1.986449721e-23
-1.884955592		1.921946117e-23
-1.884955592		1.916089093e-23
-1.884955592		1.702795342e-23
-1.884955592		1.687935455e-23
-1.884955592		1.616582333e-23
-1.884955592		1.51825414e-23
-1.884955592		1.475314662e-23
-1.884955592		1.408414292e-23
-1.884955592		1.407155096e-23
-1.884955592		1.364791431e-23
-1.884955592		1.352134206e-23
-1.884955592		1.340337705e-23
-1.884955592		1.26991918e-23
-1.884955592		1.105401906e-23
-1.884955592		1.052941512e-23
-1.884955592		9.908794432e-24
-1.884955592		9.885156219e-24
-1.884955592		9.308775414e-24
-1.884955592		8.4010748e-24
-1.884955592		5.984085249e-24
-1.884955592		5.649982433e-24
-1.884955592		5.473340411e-24
-1.884955592		5.060928117e-24
-1.884955592		4.793970399e-24
-1.884955592		4.649529798e-24
-1.884955592		4.622481566e-24
-1.884955592		4.404430033e-24
-1.884955592		4.402113589e-24

-1.809557368		3.5496972e-23
-1.809557368		3.544051057e-23
-1.809557368		3.511840266e-23
-1.809557368		3.448800706e-23
-1.809557368		3.422271789e-23
-1.809557368		3.416271975e-23
-1.809557368		3.375080039e-23
-1.809557368		3.364900957e-23
-1.809557368		3.346676174e-23
-1.809557368		3.309817411e-23
-1.809557368		3.307318325e-23
-1.809557368		3.290813142e-23
-1.809557368		3.25284284e-23
-1.809557368		3.251363722e-23
-1.809557368		3.240621796e-23
-1.809557368		3.236920999e-23
-1.809557368		3.213354414e-23
-1.809557368		3.211409719e-23
-1.809557368		3.166262211e-23
-1.809557368		3.163836094e-23
-1.809557368		3.146770416e-23
-1.809557368		3.13156956e-23
-1.809557368		3.097648685e-23
-1.809557368		3.093548684e-23
-1.809557368		3.081992051e-23
-1.809557368		3.075404205e-23
-1.809557368		3.053329447e-23
-1.809557368		3.044280094e-23
-1.809557368		3.042565864e-23
-1.809557368		3.028561552e-23
-1.809557368		3.008340361e-23
-1.809557368		3.007344702e-23
-1.809557368		3.006423498e-23
-1.809557368		2.99997698e-23
-1.809557368		2.991211037e-23
-1.809557368		2.988874799e-23
-1.809557368		2.982490362e-23
-1.809557368		2.970212423e-23
-1.809557368		2.925244581e-23
-1.809557368		2.916345944e-23
-1.809557368		2.892716102e-23
-1.809557368		2.884868114e-23
-1.809557368		2.859067609e-23
-1.809557368		2.855251944e-23
-1.809557368		2.808493935e-23
-1.809557368		2.776613863e-23
-1.809557368		2.766457971e-23
-1.809557368		2.743750224e-23
-1.809557368		2.725908288e-23
-1.809557368		2.717133435e-23
-1.809557368		2.716219136e-23
-1.809557368		2.693576051e-23
-1.809557368		2.64795722e-23
-1.809557368		2.637675931e-23
-1.809557368		2.551390734e-23
-1.809557368		2.483264573e-23
-1.809557368		2.419769435e-23
-1.809557368		2.415945282e-23
-1.809557368		2.357221682e-23
-1.809557368		2.34873224e-23
-1.809557368		2.320998724e-23
-1.809557368		2.292700771e-23
-1.809557368		2.255592663e-23
-1.809557368		2.236848995e-23
-1.809557368		2.182772005e-23
-1.809557368		2.146798779e-23
-1.809557368		2.077611432e-23
-1.809557368		2.016099613e-23
-1.809557368		2.010258731e-23
-1.809557368		1.797460708e-23
-1.809557368		1.782389605e-23
-1.809557368		1.71634442e-23
-1.809557368		1.612547503e-23
-1.809557368		1.570340602e-23
-1.809557368		1.502522826e-23
-1.809557368		1.49820786e-23
-1.809557368		1.45764293e-23
-1.809557368		1.446008326e-23
-1.809557368		1.433848844e-23
-1.809557368		1.365547272e-23
-1.809557368		1.201347536e-23
-1.809557368		1.152117794e-23
-1.809557368		1.087124966e-23
-1.809557368		1.084471812e-23
-1.809557368		1.027128032e-23
-1.809557368		9.357521793e-24
-1.809557368		6.942882778e-24
-1.809557368		6.614659067e-24
-1.809557368		6.443281341e-24
-1.809557368		6.018777119e-24
-1.809557368		5.746587052e-24
-1.809557368		5.603443088e-24
-1.809557368		5.582296644e-24
-1.809557368		5.356002861e-24
-1.809557368		5.354676874e-24

-1.734159145		3.555742605e-23
-1.734159145		3.545070316e-23
-1.734159145		3.515020384e-23
-1.734159145		3.448270804e-23
-1.734159145		3.423442234e-23
-1.734159145		3.418530742e-23
-1.734159145		3.403586805e-23
-1.734159145		3.38550922e-23
-1.734159145		3.385152227e-23
-1.734159145		3.36193773e-23
-1.734159145		3.344069469e-23
-1.734159145		3.342177255e-23
-1.734159145		3.309591812e-23
-1.734159145		3.300910263e-23
-1.734159145		3.252644955e-23
-1.734159145		3.239392668e-23
-1.734159145		3.236128378e-23
-1.734159145		3.21328431e-23
-1.734159145		3.187240817e-23
-1.734159145		3.165803951e-23
-1.734159145		3.164188934e-23
-1.734159145		3.160617933e-23
-1.734159145		3.131763976e-23
-1.734159145		3.105149941e-23
-1.734159145		3.099872433e-23
-1.734159145		3.075043067e-23
-1.734159145		3.070472233e-23
-1.734159145		3.065197987e-23
-1.734159145		3.053382757e-23
-1.734159145		3.044504824e-23
-1.734159145		3.040480577e-23
-1.734159145		3.027945878e-23
-1.734159145		3.021711678e-23
-1.734159145		3.018611522e-23
-1.734159145		3.007169317e-23
-1.734159145		2.999619539e-23
-1.734159145		2.996368694e-23
-1.734159145		2.96914728e-23
-1.734159145		2.948015125e-23
-1.734159145		2.920815786e-23
-1.734159145		2.91994818e-23
-1.734159145		2.918682565e-23
-1.734159145		2.88207041e-23
-1.734159145		2.872110123e-23
-1.734159145		2.845458799e-23
-1.734159145		2.820805949e-23
-1.734159145		2.785144909e-23
-1.734159145		2.754761628e-23
-1.734159145		2.74507446e-23
-1.734159145		2.724252706e-23
-1.734159145		2.716169905e-23
-1.734159145		2.694157285e-23
-1.734159145		2.66850866e-23
-1.734159145		2.646896133e-23
-1.734159145		2.573491369e-23
-1.734159145		2.551416646e-23
-1.734159145		2.459969513e-23
-1.734159145		2.448665034e-23
-1.734159145		2.440232466e-23
-1.734159145		2.415288703e-23
-1.734159145		2.412234464e-23
-1.734159145		2.384236864e-23
-1.734159145		2.346998979e-23
-1.734159145		2.327633414e-23
-1.734159145		2.274417894e-23
-1.734159145		2.227823551e-23
-1.734159145		2.166915732e-23
-1.734159145		2.107839589e-23
-1.734159145		2.10201794e-23
-1.734159145		1.889713361e-23
-1.734159145		1.874459011e-23
-1.734159145		1.81380613e-23
-1.734159145		1.70448792e-23
-1.734159145		1.663014512e-23
-1.734159145		1.594332853e-23
-1.734159145		1.587400315e-23
-1.734159145		1.548401439e-23
-1.734159145		1.537614382e-23
-1.734159145		1.525156083e-23
-1.734159145		1.458906366e-23
-1.734159145		1.295036136e-23
-1.734159145		1.249517544e-23
-1.734159145		1.181151102e-23
-1.734159145		1.178167245e-23
-1.734159145		1.121167254e-23
-1.734159145		1.029059708e-23
-1.734159145		7.878405244e-24
-1.734159145		7.557534707e-24
-1.734159145		7.392430758e-24
-1.734159145		6.953823941e-24
-1.734159145		6.675319449e-24
-1.734159145		6.533387484e-24
-1.734159145		6.519399781e-24
-1.734159145		6.286043435e-24
-1.734159145		6.280273717e-24

-1.658760921		3.562734507e-23
-1.658760921		3.545928709e-23
-1.658760921		3.517995895e-23
-1.658760921		3.49343804e-23
-1.658760921		3.474413834e-23
-1.658760921		3.44758716e-23
-1.658760921		3.430540605e-23
-1.658760921		3.424339799e-23
-1.658760921		3.42121966e-23
-1.658760921		3.405014859e-23
-1.658760921		3.382573748e-23
-1.658760921		3.358623216e-23
-1.658760921		3.341267584e-23
-1.658760921		3.32483533e-23
-1.658760921		3.252438323e-23
-1.658760921		3.243113498e-23
-1.658760921		3.240018874e-23
-1.658760921		3.235254939e-23
-1.658760921		3.213319554e-23
-1.658760921		3.212613302e-23
-1.658760921		3.212325042e-23
-1.658760921		3.16199527e-23
-1.658760921		3.150717497e-23
-1.658760921		3.14609183e-23
-1.658760921		3.131961897e-23
-1.658760921		3.087885888e-23
-1.658760921		3.086316882e-23
-1.658760921		3.080358801e-23
-1.658760921		3.073611478e-23
-1.658760921		3.0567245e-23
-1.658760921		3.053440264e-23
-1.658760921		3.044978181e-23
-1.658760921		3.038711661e-23
-1.658760921		3.027337345e-23
-1.658760921		3.006962572e-23
-1.658760921		3.00191846e-23
-1.658760921		2.999218028e-23
-1.658760921		2.967999015e-23
-1.658760921		2.962515775e-23
-1.658760921		2.936520594e-23
-1.658760921		2.934591606e-23
-1.658760921		2.929055453e-23
-1.658760921		2.922527115e-23
-1.658760921		2.875276634e-23
-1.658760921		2.86621165e-23
-1.658760921		2.855047066e-23
-1.658760921		2.826042714e-23
-1.658760921		2.761568257e-23
-1.658760921		2.745972693e-23
-1.658760921		2.722348252e-23
-1.658760921		2.715165955e-23
-1.658760921		2.694558966e-23
-1.658760921		2.673956259e-23
-1.658760921		2.660115342e-23
-1.658760921		2.645977186e-23
-1.658760921		2.554848284e-23
-1.658760921		2.537642082e-23
-1.658760921		2.529200934e-23
-1.658760921		2.501091773e-23
-1.658760921		2.494974385e-23
-1.658760921		2.473198544e-23
-1.658760921		2.435489929e-23
-1.658760921		2.416186739e-23
-1.658760921		2.410457742e-23
-1.658760921		2.363497988e-23
-1.658760921		2.305525455e-23
-1.658760921		2.254255063e-23
-1.658760921		2.197037603e-23
-1.658760921		2.191241981e-23
-1.658760921		1.979422155e-23
-1.658760921		1.964017798e-23
-1.658760921		1.908745064e-23
-1.658760921		1.793952576e-23
-1.658760921		1.753218302e-23
-1.658760921		1.683702858e-23
-1.658760921		1.674644906e-23
-1.658760921		1.636949261e-23
-1.658760921		1.626836047e-23
-1.658760921		1.614141775e-23
-1.658760921		1.549891999e-23
-1.658760921		1.386363989e-23
-1.658760921		1.345003897e-23
-1.658760921		1.27285874e-23
-1.658760921		1.269496223e-23
-1.658760921		1.212890739e-23
-1.658760921		1.119909972e-23
-1.658760921		8.789468035e-24
-1.658760921		8.477484586e-24
-1.658760921		8.319643276e-24
-1.658760921		7.864733469e-24
-1.658760921		7.578817419e-24
-1.658760921		7.438146001e-24
-1.658760921		7.432661783e-24
-1.658760921		7.191073257e-24
-1.658760921		7.179929722e-24

-1.583362697		3.571212366e-23
-1.583362697		3.569112955e-23
-1.583362697		3.560430421e-23
-1.583362697		3.546751929e-23
-1.583362697		3.520803393e-23
-1.583362697		3.516666642e-23
-1.583362697		3.476987812e-23
-1.583362697		3.44674981e-23
-1.583362697		3.425980718e-23
-1.583362697		3.424513571e-23
-1.583362697		3.413868052e-23
-1.583362697		3.356675388e-23
-1.583362697		3.355232416e-23
-1.583362697		3.338261576e-23
-1.583362697		3.320978145e-23
-1.583362697		3.27740173e-23
-1.583362697		3.256499186e-23
-1.583362697		3.2522236e-23
-1.583362697		3.234292304e-23
-1.583362697		3.230143632e-23
-1.583362697		3.213357811e-23
-1.583362697		3.20951583e-23
-1.583362697		3.208524883e-23
-1.583362697		3.159659665e-23
-1.583362697		3.133066672e-23
-1.583362697		3.121796526e-23
-1.583362697		3.10672133e-23
-1.583362697		3.087318714e-23
-1.583362697		3.076013169e-23
-1.583362697		3.07279644e-23
-1.583362697		3.054548881e-23
-1.583362697		3.053514566e-23
-1.583362697		3.045160205e-23
-1.583362697		3.02676555e-23
-1.583362697		3.007622803e-23
-1.583362697		3.006727445e-23
-1.583362697		2.998762807e-23
-1.583362697		2.986404068e-23
-1.583362697		2.966775882e-23
-1.583362697		2.954691087e-23
-1.583362697		2.943499638e-23
-1.583362697		2.940810817e-23
-1.583362697		2.927450329e-23
-1.583362697		2.925164236e-23
-1.583362697		2.877191315e-23
-1.583362697		2.869641813e-23
-1.583362697		2.830258081e-23
-1.583362697		2.762625176e-23
-1.583362697		2.746785065e-23
-1.583362697		2.741948133e-23
-1.583362697		2.720182454e-23
-1.583362697		2.713441013e-23
-1.583362697		2.694892139e-23
-1.583362697		2.674107927e-23
-1.583362697		2.645156089e-23
-1.583362697		2.624006215e-23
-1.583362697		2.615485448e-23
-1.583362697		2.58743335e-23
-1.583362697		2.566927973e-23
-1.583362697		2.559429597e-23
-1.583362697		2.524908632e-23
-1.583362697		2.511438477e-23
-1.583362697		2.502391952e-23
-1.583362697		2.449871072e-23
-1.583362697		2.405262685e-23
-1.583362697		2.37943219e-23
-1.583362697		2.339521943e-23
-1.583362697		2.283565104e-23
-1.583362697		2.277807191e-23
-1.583362697		2.066455918e-23
-1.583362697		2.050941703e-23
-1.583362697		2.000911052e-23
-1.583362697		1.880820539e-23
-1.583362697		1.840836495e-23
-1.583362697		1.77051061e-23
-1.583362697		1.759836342e-23
-1.583362697		1.723168984e-23
-1.583362697		1.713559365e-23
-1.583362697		1.700689658e-23
-1.583362697		1.63840545e-23
-1.583362697		1.475232642e-23
-1.583362697		1.438445409e-23
-1.583362697		1.362155474e-23
-1.583362697		1.358359174e-23
-1.583362697		1.302201349e-23
-1.583362697		1.208186248e-23
-1.583362697		9.674937988e-24
-1.583362697		9.373510042e-24
-1.583362697		9.223939005e-24
-1.583362697		8.750305191e-24
-1.583362697		8.455818991e-24
-1.583362697		8.321046573e-24
-1.583362697		8.316546936e-24
-1.583362697		8.06998296e-24
-1.583362697		8.052384158e-24

-1.507964474		3.582528531e-23
-1.507964474		3.579389568e-23
-1.507964474		3.576962895e-23
-1.507964474		3.570118985e-23
-1.507964474		3.555089164e-23
-1.507964474		3.547560915e-23
-1.507964474		3.523475161e-23
-1.507964474		3.44633859e-23
-1.507964474		3.445738662e-23
-1.507964474		3.428937136e-23
-1.507964474		3.427689397e-23
-1.507964474		3.413480849e-23
-1.507964474		3.390832457e-23
-1.507964474		3.351651412e-23
-1.507964474		3.338569922e-23
-1.507964474		3.335047958e-23
-1.507964474		3.296506328e-23
-1.507964474		3.269952658e-23
-1.507964474		3.265835517e-23
-1.507964474		3.252001608e-23
-1.507964474		3.233231207e-23
-1.507964474		3.228369118e-23
-1.507964474		3.213125425e-23
-1.507964474		3.160049212e-23
-1.507964474		3.157239122e-23
-1.507964474		3.132709642e-23
-1.507964474		3.13168547e-23
-1.507964474		3.10087424e-23
-1.507964474		3.085975513e-23
-1.507964474		3.072159994e-23
-1.507964474		3.065327912e-23
-1.507964474		3.053598154e-23
-1.507964474		3.045467725e-23
-1.507964474		3.026275897e-23
-1.507964474		3.013530682e-23
-1.507964474		3.006484088e-23
-1.507964474		3.004230821e-23
-1.507964474		2.998253762e-23
-1.507964474		2.991285327e-23
-1.507964474		2.965514592e-23
-1.507964474		2.958274927e-23
-1.507964474		2.945254944e-23
-1.507964474		2.94509617e-23
-1.507964474		2.92805258e-23
-1.507964474		2.881288508e-23
-1.507964474		2.871424275e-23
-1.507964474		2.83509709e-23
-1.507964474		2.813236112e-23
-1.507964474		2.763349123e-23
-1.507964474		2.747371579e-23
-1.507964474		2.717940214e-23
-1.507964474		2.71151974e-23
-1.507964474		2.707593768e-23
-1.507964474		2.698909588e-23
-1.507964474		2.695237883e-23
-1.507964474		2.672997245e-23
-1.507964474		2.671107146e-23
-1.507964474		2.644678701e-23
-1.507964474		2.642771856e-23
-1.507964474		2.606309309e-23
-1.507964474		2.586131939e-23
-1.507964474		2.584787955e-23
-1.507964474		2.533387424e-23
-1.507964474		2.520611973e-23
-1.507964474		2.448667748e-23
-1.507964474		2.422608961e-23
-1.507964474		2.399688019e-23
-1.507964474		2.36729214e-23
-1.507964474		2.361590394e-23
-1.507964474		2.150682653e-23
-1.507964474		2.135107977e-23
-1.507964474		2.09001169e-23
-1.507964474		1.964972856e-23
-1.507964474		1.92575604e-23
-1.507964474		1.854636638e-23
-1.507964474		1.842868153e-23
-1.507964474		1.806944088e-23
-1.507964474		1.797672402e-23
-1.507964474		1.784684974e-23
-1.507964474		1.724354124e-23
-1.507964474		1.561549212e-23
-1.507964474		1.529713802e-23
-1.507964474		1.448955967e-23
-1.507964474		1.444662935e-23
-1.507964474		1.38900912e-23
-1.507964474		1.293774697e-23
-1.507964474		1.053372587e-23
-1.507964474		1.024471456e-23
-1.507964474		1.010446239e-23
-1.507964474		9.609426887e-24
-1.507964474		9.30512359e-24
-1.507964474		9.18359785e-24
-1.507964474		9.167458939e-24
-1.507964474		8.921715013e-24
-1.507964474		8.896400888e-24

-1.43256625		3.608965889e-23
-1.43256625		3.592058796e-23
-1.43256625		3.581449135e-23
-1.43256625		3.575786039e-23
-1.43256625		3.569651378e-23
-1.43256625		3.548361307e-23
-1.43256625		3.526159463e-23
-1.43256625		3.493682125e-23
-1.43256625		3.49097958e-23
-1.43256625		3.45345996e-23
-1.43256625		3.444189008e-23
-1.43256625		3.433156176e-23
-1.43256625		3.426366281e-23
-1.43256625		3.389212765e-23
-1.43256625		3.366559184e-23
-1.43256625		3.348080506e-23
-1.43256625		3.331613181e-23
-1.43256625		3.321957774e-23
-1.43256625		3.286925625e-23
-1.43256625		3.251776002e-23
-1.43256625		3.233085182e-23
-1.43256625		3.232063181e-23
-1.43256625		3.213101761e-23
-1.43256625		3.202430528e-23
-1.43256625		3.155308251e-23
-1.43256625		3.149043857e-23
-1.43256625		3.140649325e-23
-1.43256625		3.132330885e-23
-1.43256625		3.089106227e-23
-1.43256625		3.072554016e-23
-1.43256625		3.069746341e-23
-1.43256625		3.053697028e-23
-1.43256625		3.045636155e-23
-1.43256625		3.026077746e-23
-1.43256625		3.024508824e-23
-1.43256625		3.019654604e-23
-1.43256625		3.012168489e-23
-1.43256625		3.006293403e-23
-1.43256625		2.997663997e-23
-1.43256625		2.964321613e-23
-1.43256625		2.960821515e-23
-1.43256625		2.957531432e-23
-1.43256625		2.948508683e-23
-1.43256625		2.930757083e-23
-1.43256625		2.901035558e-23
-1.43256625		2.873083347e-23
-1.43256625		2.850862188e-23
-1.43256625		2.841548185e-23
-1.43256625		2.788196641e-23
-1.43256625		2.779239897e-23
-1.43256625		2.764825653e-23
-1.43256625		2.751922464e-23
-1.43256625		2.748009265e-23
-1.43256625		2.722970692e-23
-1.43256625		2.715508636e-23
-1.43256625		2.709145097e-23
-1.43256625		2.695655205e-23
-1.43256625		2.684911025e-23
-1.43256625		2.672158802e-23
-1.43256625		2.667286363e-23
-1.43256625		2.644475779e-23
-1.43256625		2.613879215e-23
-1.43256625		2.604055933e-23
-1.43256625		2.524293373e-23
-1.43256625		2.508706932e-23
-1.43256625		2.503408784e-23
-1.43256625		2.448084075e-23
-1.43256625		2.442468375e-23
-1.43256625		2.393716997e-23
-1.43256625		2.231968307e-23
-1.43256625		2.216395075e-23
-1.43256625		2.175687421e-23
-1.43256625		2.04629261e-23
-1.43256625		2.007865916e-23
-1.43256625		1.93596325e-23
-1.43256625		1.923633661e-23
-1.43256625		1.888159813e-23
-1.43256625		1.879064674e-23
-1.43256625		1.866014584e-23
-1.43256625		1.807651973e-23
-1.43256625		1.645226785e-23
-1.43256625		1.618681905e-23
-1.43256625		1.533182388e-23
-1.43256625		1.528321131e-23
-1.43256625		1.473231326e-23
-1.43256625		1.376563891e-23
-1.43256625		1.136478266e-23
-1.43256625		1.109029499e-23
-1.43256625		1.096046422e-23
-1.43256625		1.044105384e-23
-1.43256625		1.012558616e-23
-1.43256625		1.001942858e-23
-1.43256625		9.989788584e-24
-1.43256625		9.745264507e-24
-1.43256625		9.710765461e-24

