# phi		B		eigenvalue
3.141592654		0		1.111189153e-24
3.141592654		0		5.261521548e-25
3.141592654		0		5.252376496e-25
3.141592654		0		3.564605574e-25
3.141592654		0		3.531543145e-25

3.141592654		0.005025125628		1.051316506e-24
3.141592654		0.005025125628		5.253437266e-25
3.141592654		0.005025125628		5.222002642e-25
3.141592654		0.005025125628		3.568413471e-25
3.141592654		0.005025125628		3.552710708e-25

3.141592654		0.01005025126		9.868149128e-25
3.141592654		0.01005025126		5.252195924e-25
3.141592654		0.01005025126		5.188801002e-25
3.141592654		0.01005025126		3.60076492e-25
3.141592654		0.01005025126		3.54399173e-25

3.141592654		0.01507537688		9.205110648e-25
3.141592654		0.01507537688		5.253602443e-25
3.141592654		0.01507537688		5.157242813e-25
3.141592654		0.01507537688		3.633570969e-25
3.141592654		0.01507537688		3.53343714e-25

3.141592654		0.02010050251		8.528652149e-25
3.141592654		0.02010050251		5.257762123e-25
3.141592654		0.02010050251		5.127457783e-25
3.141592654		0.02010050251		3.665876285e-25
3.141592654		0.02010050251		3.521959124e-25

