# phi		energy
-3.769911184		3.001386414e-23
-3.769911184		2.969930837e-23
-3.769911184		2.867486719e-23
-3.769911184		1.88720554e-23
-3.769911184		1.877969343e-23
-3.769911184		1.872209515e-23
-3.769911184		1.860545361e-23
-3.769911184		1.850246184e-23
-3.769911184		1.834176052e-23
-3.769911184		1.81111159e-23
-3.769911184		1.712953101e-23
-3.769911184		1.673205423e-23
-3.769911184		1.648632351e-23
-3.769911184		1.493188202e-23
-3.769911184		1.492121388e-23
-3.769911184		1.470059138e-23
-3.769911184		1.46253963e-23
-3.769911184		1.446241823e-23
-3.769911184		1.434763229e-23
-3.769911184		1.388867278e-23
-3.769911184		1.333350237e-23
-3.769911184		1.279792744e-23
-3.769911184		1.267523222e-23
-3.769911184		1.190313949e-23
-3.769911184		1.099543212e-23
-3.769911184		1.06720547e-23
-3.769911184		1.024319955e-23
-3.769911184		9.930358636e-24
-3.769911184		9.240469548e-24
-3.769911184		8.673430014e-24
-3.769911184		8.226757245e-24
-3.769911184		7.890178516e-24
-3.769911184		7.307953385e-24
-3.769911184		7.122710166e-24
-3.769911184		6.499141749e-24
-3.769911184		5.791805782e-24
-3.769911184		5.762158403e-24
-3.769911184		5.178292267e-24
-3.769911184		4.647510094e-24
-3.769911184		4.204638585e-24
-3.769911184		4.065653806e-24
-3.769911184		3.94925521e-24
-3.769911184		3.842470423e-24
-3.769911184		3.583634946e-24
-3.769911184		3.532720182e-24
-3.769911184		3.45848395e-24
-3.769911184		1.979886075e-24
-3.769911184		1.24722093e-24
-3.769911184		1.225464528e-24
-3.769911184		1.116860519e-24
-3.769911184		9.270809793e-25
-3.769911184		4.111032353e-25
-3.769911184		3.940083365e-25

-3.642117585		3.00319237e-23
-3.642117585		2.973025967e-23
-3.642117585		2.870747454e-23
-3.642117585		1.698313128e-23
-3.642117585		1.688434761e-23
-3.642117585		1.683303482e-23
-3.642117585		1.671349796e-23
-3.642117585		1.660968067e-23
-3.642117585		1.645093185e-23
-3.642117585		1.622359809e-23
-3.642117585		1.525880658e-23
-3.642117585		1.485584671e-23
-3.642117585		1.460383983e-23
-3.642117585		1.304656426e-23
-3.642117585		1.303682747e-23
-3.642117585		1.281857571e-23
-3.642117585		1.274576729e-23
-3.642117585		1.257711569e-23
-3.642117585		1.24686559e-23
-3.642117585		1.201169305e-23
-3.642117585		1.145957287e-23
-3.642117585		1.092046974e-23
-3.642117585		1.080560827e-23
-3.642117585		1.004002644e-23
-3.642117585		9.141716786e-24
-3.642117585		8.824365639e-24
-3.642117585		8.489429589e-24
-3.642117585		8.09140253e-24
-3.642117585		7.422904599e-24
-3.642117585		6.860694913e-24
-3.642117585		6.383615865e-24
-3.642117585		5.984234717e-24
-3.642117585		5.450384457e-24
-3.642117585		5.373674299e-24
-3.642117585		4.632017872e-24
-3.642117585		3.91740652e-24
-3.642117585		3.87983796e-24
-3.642117585		3.298807961e-24
-3.642117585		2.763785108e-24
-3.642117585		2.320354144e-24
-3.642117585		2.189297473e-24
-3.642117585		2.086188188e-24
-3.642117585		1.958908144e-24
-3.642117585		1.701902218e-24
-3.642117585		1.649932796e-24
-3.642117585		1.578351504e-24
-3.642117585		1.506361887e-24
-3.642117585		1.478596434e-24
-3.642117585		1.002091987e-24
-3.642117585		7.936523803e-25
-3.642117585		7.433743286e-25
-3.642117585		6.847924724e-25
-3.642117585		4.622047624e-26

-3.514323985		3.004591613e-23
-3.514323985		2.975560492e-23
-3.514323985		2.873251293e-23
-3.514323985		1.507628358e-23
-3.514323985		1.496335291e-23
-3.514323985		1.492013287e-23
-3.514323985		1.479348938e-23
-3.514323985		1.468847738e-23
-3.514323985		1.453080164e-23
-3.514323985		1.430741716e-23
-3.514323985		1.33602619e-23
-3.514323985		1.295033644e-23
-3.514323985		1.269195544e-23
-3.514323985		1.113466361e-23
-3.514323985		1.112465402e-23
-3.514323985		1.090906465e-23
-3.514323985		1.083777796e-23
-3.514323985		1.066584844e-23
-3.514323985		1.056276708e-23
-3.514323985		1.010788187e-23
-3.514323985		9.559036813e-24
-3.514323985		9.018477616e-24
-3.514323985		8.909641828e-24
-3.514323985		8.151234073e-24
-3.514323985		7.26298002e-24
-3.514323985		6.945726306e-24
-3.514323985		6.719210209e-24
-3.514323985		6.228608958e-24
-3.514323985		5.582618317e-24
-3.514323985		5.025671311e-24
-3.514323985		4.516175253e-24
-3.514323985		4.072491459e-24
-3.514323985		3.608336297e-24
-3.514323985		3.567901245e-24
-3.514323985		3.426934507e-24
-3.514323985		3.386343122e-24
-3.514323985		2.917845482e-24
-3.514323985		2.739815332e-24
-3.514323985		2.712056695e-24
-3.514323985		2.62033167e-24
-3.514323985		2.590745556e-24
-3.514323985		2.100947295e-24
-3.514323985		2.017590921e-24
-3.514323985		1.765726816e-24
-3.514323985		1.39441562e-24
-3.514323985		8.559592132e-25
-3.514323985		5.704488402e-25
-3.514323985		4.632472744e-25
-3.514323985		4.027043749e-25
-3.514323985		3.620770849e-25
-3.514323985		2.616448271e-25
-3.514323985		1.747025072e-25
-3.514323985		2.692527018e-26

-3.386530386		3.005593499e-23
-3.386530386		2.977537804e-23
-3.386530386		2.875023909e-23
-3.386530386		1.317231752e-23
-3.386530386		1.302724673e-23
-3.386530386		1.299733264e-23
-3.386530386		1.285417429e-23
-3.386530386		1.274692177e-23
-3.386530386		1.258911354e-23
-3.386530386		1.237170003e-23
-3.386530386		1.144587651e-23
-3.386530386		1.102441459e-23
-3.386530386		1.075920365e-23
-3.386530386		9.205517062e-24
-3.386530386		9.192159786e-24
-3.386530386		8.979847651e-24
-3.386530386		8.910898425e-24
-3.386530386		8.739237307e-24
-3.386530386		8.638353317e-24
-3.386530386		8.185051659e-24
-3.386530386		7.639203021e-24
-3.386530386		7.108202343e-24
-3.386530386		6.994137711e-24
-3.386530386		6.243501366e-24
-3.386530386		5.365709686e-24
-3.386530386		5.364480275e-24
-3.386530386		5.289923605e-24
-3.386530386		5.070247188e-24
-3.386530386		4.942893155e-24
-3.386530386		4.857368049e-24
-3.386530386		4.627217769e-24
-3.386530386		4.542298516e-24
-3.386530386		4.519568143e-24
-3.386530386		4.348422207e-24
-3.386530386		3.803086688e-24
-3.386530386		3.726269301e-24
-3.386530386		3.17527379e-24
-3.386530386		2.630967629e-24
-3.386530386		2.526787365e-24
-3.386530386		2.335670695e-24
-3.386530386		2.184068032e-24
-3.386530386		1.917705614e-24
-3.386530386		1.861111088e-24
-3.386530386		1.837157161e-24
-3.386530386		1.815865981e-24
-3.386530386		1.73697197e-24
-3.386530386		1.66842097e-24
-3.386530386		1.537070091e-24
-3.386530386		1.077559973e-24
-3.386530386		8.305636471e-25
-3.386530386		5.342922263e-25
-3.386530386		9.738903909e-26
-3.386530386		1.339291828e-26

-3.258736786		3.00620467e-23
-3.258736786		2.978962626e-23
-3.258736786		2.876083302e-23
-3.258736786		1.134287262e-23
-3.258736786		1.110124679e-23
-3.258736786		1.110084927e-23
-3.258736786		1.090913168e-23
-3.258736786		1.079593653e-23
-3.258736786		1.063451734e-23
-3.258736786		1.043078479e-23
-3.258736786		9.539557678e-24
-3.258736786		9.090437344e-24
-3.258736786		8.818141901e-24
-3.258736786		7.289970478e-24
-3.258736786		7.279506052e-24
-3.258736786		7.24844437e-24
-3.258736786		7.119210288e-24
-3.258736786		7.041977652e-24
-3.258736786		6.997080971e-24
-3.258736786		6.828382079e-24
-3.258736786		6.804521387e-24
-3.258736786		6.709674625e-24
-3.258736786		6.519762065e-24
-3.258736786		6.517505528e-24
-3.258736786		6.47010726e-24
-3.258736786		6.254856659e-24
-3.258736786		5.713352245e-24
-3.258736786		5.709470642e-24
-3.258736786		5.308805653e-24
-3.258736786		5.066480907e-24
-3.258736786		4.324490305e-24
-3.258736786		4.23848816e-24
-3.258736786		4.175569776e-24
-3.258736786		4.0877282e-24
-3.258736786		3.846147228e-24
-3.258736786		3.743397147e-24
-3.258736786		3.594758651e-24
-3.258736786		3.468465209e-24
-3.258736786		3.456859779e-24
-3.258736786		3.193718111e-24
-3.258736786		3.101663789e-24
-3.258736786		3.013225482e-24
-3.258736786		2.463995103e-24
-3.258736786		2.458366857e-24
-3.258736786		1.997002319e-24
-3.258736786		1.864415096e-24
-3.258736786		1.8317882e-24
-3.258736786		1.322572463e-24
-3.258736786		1.09993883e-24
-3.258736786		7.393168413e-25
-3.258736786		2.484053381e-25
-3.258736786		9.571010062e-26
-3.258736786		6.8532219e-26

-3.130943187		3.006430628e-23
-3.130943187		2.979838031e-23
-3.130943187		2.876440044e-23
-3.130943187		1.028060182e-23
-3.130943187		9.716983815e-24
-3.130943187		9.615420866e-24
-3.130943187		9.111936782e-24
-3.130943187		9.048415418e-24
-3.130943187		8.749898248e-24
-3.130943187		8.673805254e-24
-3.130943187		8.615108701e-24
-3.130943187		8.566463929e-24
-3.130943187		8.423452338e-24
-3.130943187		8.276629488e-24
-3.130943187		8.180835411e-24
-3.130943187		7.999406274e-24
-3.130943187		7.758233249e-24
-3.130943187		7.582754278e-24
-3.130943187		7.140411097e-24
-3.130943187		6.859019899e-24
-3.130943187		6.367583804e-24
-3.130943187		6.237161203e-24
-3.130943187		6.189964623e-24
-3.130943187		5.927520647e-24
-3.130943187		5.72800846e-24
-3.130943187		5.549869423e-24
-3.130943187		5.500619098e-24
-3.130943187		5.250149381e-24
-3.130943187		5.162931245e-24
-3.130943187		5.041265625e-24
-3.130943187		4.994844392e-24
-3.130943187		4.979416579e-24
-3.130943187		4.766063841e-24
-3.130943187		4.68031641e-24
-3.130943187		4.330113764e-24
-3.130943187		4.309458452e-24
-3.130943187		3.918768968e-24
-3.130943187		3.776627248e-24
-3.130943187		3.721451806e-24
-3.130943187		3.123702343e-24
-3.130943187		3.067273029e-24
-3.130943187		3.010201808e-24
-3.130943187		2.385734055e-24
-3.130943187		2.181701708e-24
-3.130943187		2.173434659e-24
-3.130943187		1.829960225e-24
-3.130943187		1.532767965e-24
-3.130943187		1.178016842e-24
-3.130943187		1.176872292e-24
-3.130943187		9.278206834e-25
-3.130943187		7.148703509e-25
-3.130943187		4.770639523e-25
-3.130943187		9.491939666e-26

-3.003149587		3.006270053e-23
-3.003149587		2.980164169e-23
-3.003149587		2.876097442e-23
-3.003149587		1.157672792e-23
-3.003149587		1.13529139e-23
-3.003149587		1.077548665e-23
-3.003149587		1.074445216e-23
-3.003149587		1.047161211e-23
-3.003149587		1.045851731e-23
-3.003149587		9.761830795e-24
-3.003149587		8.243664049e-24
-3.003149587		8.141518062e-24
-3.003149587		8.095488551e-24
-3.003149587		7.981516301e-24
-3.003149587		7.795520718e-24
-3.003149587		7.633933264e-24
-3.003149587		7.407452974e-24
-3.003149587		7.037738015e-24
-3.003149587		6.92800045e-24
-3.003149587		6.91436488e-24
-3.003149587		6.884194546e-24
-3.003149587		6.861097862e-24
-3.003149587		6.836109826e-24
-3.003149587		6.694349185e-24
-3.003149587		6.423691486e-24
-3.003149587		6.378112422e-24
-3.003149587		5.982568182e-24
-3.003149587		5.728314614e-24
-3.003149587		5.282791619e-24
-3.003149587		5.260240847e-24
-3.003149587		4.975095923e-24
-3.003149587		4.798665337e-24
-3.003149587		4.092274036e-24
-3.003149587		3.893426143e-24
-3.003149587		3.691247889e-24
-3.003149587		3.33239441e-24
-3.003149587		3.284135235e-24
-3.003149587		3.118149383e-24
-3.003149587		3.079044839e-24
-3.003149587		2.940456644e-24
-3.003149587		2.815226347e-24
-3.003149587		2.765252571e-24
-3.003149587		2.453969627e-24
-3.003149587		2.328111242e-24
-3.003149587		1.914132529e-24
-3.003149587		1.806742901e-24
-3.003149587		1.348411527e-24
-3.003149587		1.196627574e-24
-3.003149587		1.166791467e-24
-3.003149587		7.078215549e-25
-3.003149587		5.981014507e-25
-3.003149587		4.708951727e-25
-3.003149587		3.751175153e-25

-2.875355988		3.005724359e-23
-2.875355988		2.979937259e-23
-2.875355988		2.875051603e-23
-2.875355988		1.342584605e-23
-2.875355988		1.328365631e-23
-2.875355988		1.272213907e-23
-2.875355988		1.261435399e-23
-2.875355988		1.241988442e-23
-2.875355988		1.239541865e-23
-2.875355988		1.168858736e-23
-2.875355988		1.017881009e-23
-2.875355988		1.00868929e-23
-2.875355988		1.002931119e-23
-2.875355988		9.789218803e-24
-2.875355988		9.733103308e-24
-2.875355988		9.573237339e-24
-2.875355988		9.343703076e-24
-2.875355988		8.864738847e-24
-2.875355988		8.307671887e-24
-2.875355988		7.859811253e-24
-2.875355988		7.65324147e-24
-2.875355988		6.892710319e-24
-2.875355988		6.003880647e-24
-2.875355988		5.756474731e-24
-2.875355988		5.452484611e-24
-2.875355988		5.106881419e-24
-2.875355988		5.034365925e-24
-2.875355988		4.985167351e-24
-2.875355988		4.976023463e-24
-2.875355988		4.973945369e-24
-2.875355988		4.886381269e-24
-2.875355988		4.740515601e-24
-2.875355988		4.493960422e-24
-2.875355988		4.311023057e-24
-2.875355988		3.778320237e-24
-2.875355988		3.749602246e-24
-2.875355988		3.473052783e-24
-2.875355988		3.235146904e-24
-2.875355988		2.926202756e-24
-2.875355988		2.363226568e-24
-2.875355988		2.285745531e-24
-2.875355988		2.20875131e-24
-2.875355988		1.45733623e-24
-2.875355988		1.411691967e-24
-2.875355988		1.372785408e-24
-2.875355988		1.195643327e-24
-2.875355988		1.078415037e-24
-2.875355988		9.176347533e-25
-2.875355988		8.470412371e-25
-2.875355988		7.392013753e-25
-2.875355988		7.331601547e-25
-2.875355988		4.044470778e-25
-2.875355988		1.159620744e-25

-2.747562389		3.004787581e-23
-2.747562389		2.979149344e-23
-2.747562389		2.873291395e-23
-2.747562389		1.53310071e-23
-2.747562389		1.521804946e-23
-2.747562389		1.466090944e-23
-2.747562389		1.452350284e-23
-2.747562389		1.435883969e-23
-2.747562389		1.432755554e-23
-2.747562389		1.361965536e-23
-2.747562389		1.210639883e-23
-2.747562389		1.201836034e-23
-2.747562389		1.195622328e-23
-2.747562389		1.168780948e-23
-2.747562389		1.166078847e-23
-2.747562389		1.150292251e-23
-2.747562389		1.126947113e-23
-2.747562389		1.07888053e-23
-2.747562389		1.022709839e-23
-2.747562389		9.779560902e-24
-2.747562389		9.567949857e-24
-2.747562389		8.800270144e-24
-2.747562389		7.902449967e-24
-2.747562389		7.648348936e-24
-2.747562389		7.225350375e-24
-2.747562389		6.856775152e-24
-2.747562389		6.160233785e-24
-2.747562389		5.633773039e-24
-2.747562389		5.111333429e-24
-2.747562389		4.894806371e-24
-2.747562389		4.180284584e-24
-2.747562389		4.140098029e-24
-2.747562389		3.361120727e-24
-2.747562389		3.172368091e-24
-2.747562389		3.12856263e-24
-2.747562389		3.067768164e-24
-2.747562389		3.042456788e-24
-2.747562389		2.948236054e-24
-2.747562389		2.801317475e-24
-2.747562389		2.714293983e-24
-2.747562389		2.649905468e-24
-2.747562389		2.567979794e-24
-2.747562389		2.043239121e-24
-2.747562389		1.583226481e-24
-2.747562389		1.525857791e-24
-2.747562389		1.19229072e-24
-2.747562389		1.131189916e-24
-2.747562389		1.103617902e-24
-2.747562389		1.072798466e-24
-2.747562389		7.957953937e-25
-2.747562389		6.942666015e-25
-2.747562389		6.270102624e-25
-2.747562389		6.104208735e-25

-2.619768789		3.003451474e-23
-2.619768789		2.977790841e-23
-2.619768789		2.870798339e-23
-2.619768789		1.723479385e-23
-2.619768789		1.713544779e-23
-2.619768789		1.65788788e-23
-2.619768789		1.642391741e-23
-2.619768789		1.627645446e-23
-2.619768789		1.624014779e-23
-2.619768789		1.553294707e-23
-2.619768789		1.401397252e-23
-2.619768789		1.39274274e-23
-2.619768789		1.386339358e-23
-2.619768789		1.358354652e-23
-2.619768789		1.356778446e-23
-2.619768789		1.341203732e-23
-2.619768789		1.317450562e-23
-2.619768789		1.269170275e-23
-2.619768789		1.212622485e-23
-2.619768789		1.168225304e-23
-2.619768789		1.146262536e-23
-2.619768789		1.068818934e-23
-2.619768789		9.781172073e-24
-2.619768789		9.522729745e-24
-2.619768789		8.988982717e-24
-2.619768789		8.720534052e-24
-2.619768789		7.992663115e-24
-2.619768789		7.472113951e-24
-2.619768789		6.968752705e-24
-2.619768789		6.746369785e-24
-2.619768789		6.055262987e-24
-2.619768789		5.907588382e-24
-2.619768789		5.246432939e-24
-2.619768789		4.62158468e-24
-2.619768789		4.543033999e-24
-2.619768789		3.941382712e-24
-2.619768789		3.428736163e-24
-2.619768789		3.017016058e-24
-2.619768789		2.977894729e-24
-2.619768789		2.820962614e-24
-2.619768789		2.682995806e-24
-2.619768789		2.506205066e-24
-2.619768789		2.484081741e-24
-2.619768789		1.256206586e-24
-2.619768789		1.225718424e-24
-2.619768789		1.215623292e-24
-2.619768789		1.187997687e-24
-2.619768789		1.154151383e-24
-2.619768789		1.021471037e-24
-2.619768789		8.905251286e-25
-2.619768789		7.554592539e-25
-2.619768789		5.686317899e-25
-2.619768789		2.886317213e-25

-2.49197519		3.001707152e-23
-2.49197519		2.975839543e-23
-2.49197519		2.867546486e-23
-2.49197519		1.911855178e-23
-2.49197519		1.902586816e-23
-2.49197519		1.84679385e-23
-2.49197519		1.830015129e-23
-2.49197519		1.816490049e-23
-2.49197519		1.812432881e-23
-2.49197519		1.741852529e-23
-2.49197519		1.589289759e-23
-2.49197519		1.580644311e-23
-2.49197519		1.574219845e-23
-2.49197519		1.54565943e-23
-2.49197519		1.544614833e-23
-2.49197519		1.529232165e-23
-2.49197519		1.505104032e-23
-2.49197519		1.456612173e-23
-2.49197519		1.399755713e-23
-2.49197519		1.355704927e-23
-2.49197519		1.332998876e-23
-2.49197519		1.254934189e-23
-2.49197519		1.163352239e-23
-2.49197519		1.136451585e-23
-2.49197519		1.073467584e-23
-2.49197519		1.055885454e-23
-2.49197519		9.801786355e-24
-2.49197519		9.286870257e-24
-2.49197519		8.801001693e-24
-2.49197519		8.628850181e-24
-2.49197519		7.904252559e-24
-2.49197519		7.656866073e-24
-2.49197519		7.10545764e-24
-2.49197519		6.506426664e-24
-2.49197519		6.409597025e-24
-2.49197519		5.813414339e-24
-2.49197519		5.305219134e-24
-2.49197519		4.894173076e-24
-2.49197519		4.860972969e-24
-2.49197519		4.698061292e-24
-2.49197519		4.562319928e-24
-2.49197519		4.38691182e-24
-2.49197519		4.363862355e-24
-2.49197519		2.909296954e-24
-2.49197519		2.699915527e-24
-2.49197519		2.245576486e-24
-2.49197519		1.292809298e-24
-2.49197519		1.040307192e-24
-2.49197519		8.92872979e-25
-2.49197519		7.998420482e-25
-2.49197519		7.406808941e-25
-2.49197519		6.643716944e-25
-2.49197519		6.418925071e-25

-2.36418159		2.999542704e-23
-2.36418159		2.973284132e-23
-2.36418159		2.863502498e-23
-2.36418159		2.097137493e-23
-2.36418159		2.088128037e-23
-2.36418159		2.032056966e-23
-2.36418159		2.014248574e-23
-2.36418159		2.00167461e-23
-2.36418159		1.997244411e-23
-2.36418159		1.926828721e-23
-2.36418159		1.773540264e-23
-2.36418159		1.76479259e-23
-2.36418159		1.758490237e-23
-2.36418159		1.729621795e-23
-2.36418159		1.728846921e-23
-2.36418159		1.713616535e-23
-2.36418159		1.689176029e-23
-2.36418159		1.640495849e-23
-2.36418159		1.583404164e-23
-2.36418159		1.539606973e-23
-2.36418159		1.516316899e-23
-2.36418159		1.437699762e-23
-2.36418159		1.345306568e-23
-2.36418159		1.316546769e-23
-2.36418159		1.245607542e-23
-2.36418159		1.236549242e-23
-2.36418159		1.158153927e-23
-2.36418159		1.107192041e-23
-2.36418159		1.06019347e-23
-2.36418159		1.049525371e-23
-2.36418159		9.720883024e-24
-2.36418159		9.381567655e-24
-2.36418159		8.931574127e-24
-2.36418159		8.358487316e-24
-2.36418159		8.242863107e-24
-2.36418159		7.652121401e-24
-2.36418159		7.148231083e-24
-2.36418159		6.740424023e-24
-2.36418159		6.710966263e-24
-2.36418159		6.550233168e-24
-2.36418159		6.409972501e-24
-2.36418159		6.236868683e-24
-2.36418159		6.212742335e-24
-2.36418159		4.754495343e-24
-2.36418159		4.540571103e-24
-2.36418159		4.099123567e-24
-2.36418159		3.140156873e-24
-2.36418159		2.88764398e-24
-2.36418159		2.739426417e-24
-2.36418159		2.648820527e-24
-2.36418159		2.593337062e-24
-2.36418159		2.51686301e-24
-2.36418159		2.495998449e-24

-2.236387991		2.996954769e-23
-2.236387991		2.970106811e-23
-2.236387991		2.858626613e-23
-2.236387991		2.278480319e-23
-2.236387991		2.269421397e-23
-2.236387991		2.212934627e-23
-2.236387991		2.194284947e-23
-2.236387991		2.182459414e-23
-2.236387991		2.177716134e-23
-2.236387991		2.10745644e-23
-2.236387991		1.953397253e-23
-2.236387991		1.944441949e-23
-2.236387991		1.938398522e-23
-2.236387991		1.909393682e-23
-2.236387991		1.908745537e-23
-2.236387991		1.893615819e-23
-2.236387991		1.868944133e-23
-2.236387991		1.820113062e-23
-2.236387991		1.7628742e-23
-2.236387991		1.719213025e-23
-2.236387991		1.695542629e-23
-2.236387991		1.616456529e-23
-2.236387991		1.523342758e-23
-2.236387991		1.491854303e-23
-2.236387991		1.414753237e-23
-2.236387991		1.413426748e-23
-2.236387991		1.332601029e-23
-2.236387991		1.282125564e-23
-2.236387991		1.236551198e-23
-2.236387991		1.233034072e-23
-2.236387991		1.149887747e-23
-2.236387991		1.107602351e-23
-2.236387991		1.071836146e-23
-2.236387991		1.017016976e-23
-2.236387991		1.003635071e-23
-2.236387991		9.450893689e-24
-2.236387991		8.951135216e-24
-2.236387991		8.547713385e-24
-2.236387991		8.519993523e-24
-2.236387991		8.36426446e-24
-2.236387991		8.217768624e-24
-2.236387991		8.047004852e-24
-2.236387991		8.021708423e-24
-2.236387991		6.570040237e-24
-2.236387991		6.35522694e-24
-2.236387991		5.91858232e-24
-2.236387991		4.955720501e-24
-2.236387991		4.702430953e-24
-2.236387991		4.553203611e-24
-2.236387991		4.46335082e-24
-2.236387991		4.408832598e-24
-2.236387991		4.331610374e-24
-2.236387991		4.31049907e-24

-2.108594391		2.993927711e-23
-2.108594391		2.966306116e-23
-2.108594391		2.852877549e-23
-2.108594391		2.455141511e-23
-2.108594391		2.445725889e-23
-2.108594391		2.388668731e-23
-2.108594391		2.369372086e-23
-2.108594391		2.358087944e-23
-2.108594391		2.353114671e-23
-2.108594391		2.282965818e-23
-2.108594391		2.128113703e-23
-2.108594391		2.118844881e-23
-2.108594391		2.113185907e-23
-2.108594391		2.084199466e-23
-2.108594391		2.083577246e-23
-2.108594391		2.068491185e-23
-2.108594391		2.043680275e-23
-2.108594391		1.994748144e-23
-2.108594391		1.93747347e-23
-2.108594391		1.893831032e-23
-2.108594391		1.8700079e-23
-2.108594391		1.790553252e-23
-2.108594391		1.696829224e-23
-2.108594391		1.661718122e-23
-2.108594391		1.585905517e-23
-2.108594391		1.580366131e-23
-2.108594391		1.502936318e-23
-2.108594391		1.452892547e-23
-2.108594391		1.412414078e-23
-2.108594391		1.408576769e-23
-2.108594391		1.323203459e-23
-2.108594391		1.273482789e-23
-2.108594391		1.245952088e-23
-2.108594391		1.193444717e-23
-2.108594391		1.178372469e-23
-2.108594391		1.12033438e-23
-2.108594391		1.070751811e-23
-2.108594391		1.030918647e-23
-2.108594391		1.028118153e-23
-2.108594391		1.013218875e-23
-2.108594391		9.978833981e-24
-2.108594391		9.810165373e-24
-2.108594391		9.783653741e-24
-2.108594391		8.342635373e-24
-2.108594391		8.12948642e-24
-2.108594391		7.694289785e-24
-2.108594391		6.725821819e-24
-2.108594391		6.470081662e-24
-2.108594391		6.319679037e-24
-2.108594391		6.230878482e-24
-2.108594391		6.177558457e-24
-2.108594391		6.100008221e-24
-2.108594391		6.076486101e-24

-1.980800792		2.990512003e-23
-1.980800792		2.961945772e-23
-1.980800792		2.846241669e-23
-1.980800792		2.626430888e-23
-1.980800792		2.616225339e-23
-1.980800792		2.558446267e-23
-1.980800792		2.538749602e-23
-1.980800792		2.527750879e-23
-1.980800792		2.522668017e-23
-1.980800792		2.452539111e-23
-1.980800792		2.296933976e-23
-1.980800792		2.287255783e-23
-1.980800792		2.282056341e-23
-1.980800792		2.253278976e-23
-1.980800792		2.252589147e-23
-1.980800792		2.237491736e-23
-1.980800792		2.212636173e-23
-1.980800792		2.163666018e-23
-1.980800792		2.106502713e-23
-1.980800792		2.062780215e-23
-1.980800792		2.03904618e-23
-1.980800792		1.959344308e-23
-1.980800792		1.865140632e-23
-1.980800792		1.825513388e-23
-1.980800792		1.753378964e-23
-1.980800792		1.741918704e-23
-1.980800792		1.668581435e-23
-1.980800792		1.618902838e-23
-1.980800792		1.586808672e-23
-1.980800792		1.575680145e-23
-1.980800792		1.491423813e-23
-1.980800792		1.435268607e-23
-1.980800792		1.41488752e-23
-1.980800792		1.364456999e-23
-1.980800792		1.347879769e-23
-1.980800792		1.290327443e-23
-1.980800792		1.241117079e-23
-1.980800792		1.201828733e-23
-1.980800792		1.198819731e-23
-1.980800792		1.184711413e-23
-1.980800792		1.168673305e-23
-1.980800792		1.151975667e-23
-1.980800792		1.149199858e-23
-1.980800792		1.006442067e-23
-1.980800792		9.855054485e-24
-1.980800792		9.419339538e-24
-1.980800792		8.442852861e-24
-1.980800792		8.183162415e-24
-1.980800792		8.031336766e-24
-1.980800792		7.944000701e-24
-1.980800792		7.89258458e-24
-1.980800792		7.815233347e-24
-1.980800792		7.787104326e-24

-1.853007192		2.986875593e-23
-1.853007192		2.957463209e-23
-1.853007192		2.839233947e-23
-1.853007192		2.79166354e-23
-1.853007192		2.779271007e-23
-1.853007192		2.721293793e-23
-1.853007192		2.701518321e-23
-1.853007192		2.690476375e-23
-1.853007192		2.685452609e-23
-1.853007192		2.615212579e-23
-1.853007192		2.459078893e-23
-1.853007192		2.448953013e-23
-1.853007192		2.444117886e-23
-1.853007192		2.4158442e-23
-1.853007192		2.414983587e-23
-1.853007192		2.399833184e-23
-1.853007192		2.375019218e-23
-1.853007192		2.326090608e-23
-1.853007192		2.269243322e-23
-1.853007192		2.225380536e-23
-1.853007192		2.20198706e-23
-1.853007192		2.122187688e-23
-1.853007192		2.027658426e-23
-1.853007192		1.982642099e-23
-1.853007192		1.915247066e-23
-1.853007192		1.89888818e-23
-1.853007192		1.828962751e-23
-1.853007192		1.779571814e-23
-1.853007192		1.755398412e-23
-1.853007192		1.737277713e-23
-1.853007192		1.653947374e-23
-1.853007192		1.59243517e-23
-1.853007192		1.578038805e-23
-1.853007192		1.529401155e-23
-1.853007192		1.511555539e-23
-1.853007192		1.454469779e-23
-1.853007192		1.405611036e-23
-1.853007192		1.366871189e-23
-1.853007192		1.363505907e-23
-1.853007192		1.350262572e-23
-1.853007192		1.333531909e-23
-1.853007192		1.316950986e-23
-1.853007192		1.314045332e-23
-1.853007192		1.172893998e-23
-1.853007192		1.152536267e-23
-1.853007192		1.10876325e-23
-1.853007192		1.010028114e-23
-1.853007192		9.835075434e-24
-1.853007192		9.681512113e-24
-1.853007192		9.596126467e-24
-1.853007192		9.547554249e-24
-1.853007192		9.471033339e-24
-1.853007192		9.43584049e-24

