# ky		B		eigenvalue
-99499749.87		0.0101010101		2.210972526e-24

-246573286.6		0.1414141414		1.314632091e-23

-186393196.6		0.0404040404		2.0569797e-24

-221060530.3		0.1616161616		6.192100538e-25

-33316658.33		0.1616161616		3.788607426e-24

-209504752.4		0.1212121212		2.086388877e-24

-36918459.23		0.0101010101		4.589828066e-24

-49674837.42		0		1.378799411e-24

-132966483.2		0.1818181818		2.169890923e-24

-261730865.4		0.0303030303		1.571552135e-23

-244172086		0.2424242424		1.002377255e-23

-211905953		0.0202020202		4.65260993e-24

-19359679.84		0.2222222222		3.35809597e-24

-286043021.5		0.06060606061		1.595203268e-23

-95897948.97		0.1616161616		4.450906281e-24

-10205102.55		0.08080808081		1.72679502e-24

-86743371.69		0.0202020202		6.482788177e-24

-158479239.6		0.1616161616		1.882704474e-24

-145722861.4		0.1717171717		2.056006579e-24

-21760880.44		0.1212121212		5.136967901e-24

-24162081.04		0.0202020202		4.781501214e-24

-162081040.5		0.0101010101		4.733183502e-24

-136568284.1		0.0303030303		1.11504595e-24

-173636818.4		0.05050505051		4.268458251e-24

-174837418.7		0		5.30644927e-24

-274487243.6		0.0202020202		1.683868822e-23

-247773886.9		0.09090909091		1.493099545e-23

-170035017.5		0.202020202		7.563978343e-24

-199149574.8		0.0303030303		6.282776821e-24

-210705352.7		0.07070707071		2.120299882e-24

-11405702.85		0.0303030303		7.65967729e-25

-112256128.1		0		1.014682464e-23

-237418709.4		0		5.298567973e-24

-149324662.3		0.0202020202		8.424172684e-24

-287243621.8		0.0101010101		1.623421539e-23

-224662331.2		0.0101010101		6.337655295e-24

-236218109.1		0.05050505051		1.035782323e-23

-111055527.8		0.05050505051		2.893014356e-24

-197948974.5		0.08080808081		3.132122349e-24

-35717858.93		0.06060606061		9.143601155e-24

-160880440.2		0.06060606061		6.660043713e-24

-98299149.57		0.06060606061		2.20761702e-24

-83141570.79		0.1717171717		2.095600908e-24

-273286643.3		0.07070707071		1.617298547e-23

-248974487.2		0.0404040404		1.690803236e-23

-135367683.8		0.08080808081		1.510256496e-24

-22961480.74		0.07070707071		3.259792548e-25

-48474237.12		0.05050505051		9.972356465e-24

-223461730.9		0.06060606061		5.375254421e-24

-222261130.6		0.1111111111		3.393095637e-24

-73986993.5		0.0303030303		9.194169971e-24

-60030015.01		0.09090909091		7.463564248e-24

-122611305.7		0.09090909091		5.062956087e-24

-272086043		0.1212121212		1.590877263e-23

-185192596.3		0.09090909091		3.700080654e-24

-159679839.9		0.1111111111		4.170066213e-24

-97098549.27		0.1111111111		4.788189123e-24

-259329664.8		0.1313131313		1.77161467e-23

-134167083.5		0.1313131313		5.692604492e-24

-172436218.1		0.101010101		1.760565116e-24

-20560280.14		0.1717171717		4.446002342e-24

-84342171.09		0.1212121212		3.319520356e-24

-57628814.41		0.1919191919		6.84340506e-24

-71585792.9		0.1313131313		4.552009692e-24

-9004502.251		0.1313131313		3.644372814e-25

-235017508.8		0.101010101		5.846928206e-24

-72786393.2		0.08080808081		8.79475255e-24

-171235617.8		0.1515151515		2.756682052e-24

-183991996		0.1414141414		4.824862213e-24

-270885442.7		0.1717171717		1.592310624e-23

-196748374.2		0.1313131313		1.64273483e-24

-146923461.7		0.1212121212		3.689610805e-24

-219859930		0.2121212121		1.728391078e-24

-34517258.63		0.1111111111		4.740503551e-24

-58829414.71		0.1414141414		2.577555764e-24

-121410705.4		0.1414141414		4.047926846e-24

-232616308.2		0.202020202		3.95890955e-24

-148124062		0.07070707071		6.484342479e-24

-283641820.9		0.1616161616		1.596549924e-23

-233816908.5		0.1515151515		3.993193581e-24

-85542771.39		0.07070707071		4.986963623e-24

-61230615.31		0.0404040404		8.271873534e-25

-284842421.2		0.1111111111		1.667020617e-23

-208304152.1		0.1717171717		2.797589011e-24

-44872436.22		0.202020202		5.117244063e-24

-108654327.2		0.1515151515		5.640749462e-24

-282441220.6		0.2121212121		1.568806507e-23

-245372686.3		0.1919191919		1.481944621e-23

-32116058.03		0.2121212121		9.62940592e-25

-47273636.82		0.101010101		2.156699945e-24

-107453726.9		0.202020202		2.426338559e-24

-260530265.1		0.08080808081		1.632125048e-23

-123811906		0.0404040404		8.162327788e-24

-131765882.9		0.2323232323		5.74031934e-24

-182791395.7		0.1919191919		3.838491337e-24

-269684842.4		0.2222222222		1.562171257e-23

-46073036.52		0.1515151515		4.583972905e-24

-258129064.5		0.1818181818		1.767660786e-23

-207103551.8		0.2222222222		3.584909359e-24

-94697348.67		0.2121212121		1.328334081e-24

-144522261.1		0.2222222222		6.19934956e-24

-181590795.4		0.2424242424		5.017167432e-24

-56428214.11		0.2424242424		1.389895619e-24

-81940970.49		0.2222222222		1.572427457e-24

-6603301.651		0.2323232323		1.31447253e-25

-194347173.6		0.2323232323		4.620881036e-24

-70385192.6		0.1818181818		3.109608343e-24

-109854927.5		0.101010101		1.080101829e-24

-120210105.1		0.1919191919		8.301629423e-24

-195547773.9		0.1818181818		3.592252483e-24

-157278639.3		0.2121212121		6.488691565e-24

-7803901.951		0.1818181818		2.881781337e-25

-256928464.2		0.2323232323		1.574844805e-23

-69184592.3		0.2323232323		8.566407955e-24

-119009504.8		0.2424242424		5.065667251e-25

-298799399.7		0.05050505051		1.1875498e-21

-246423211.6		0.1414141414		1.162617379e-23

-220910455.2		0.1616161616		4.557462958e-24

-33166583.29		0.1616161616		4.618185471e-24

-132816408.2		0.1818181818		4.397600058e-24

-244022011		0.2424242424		1.168599673e-23

-297598799.4		0.101010101		1.045703908e-21

-300000000		0		1.329978843e-21

-21610805.4		0.1212121212		5.805361221e-24

-173486743.4		0.05050505051		6.704354673e-25

-296398199.1		0.1515151515		9.044295346e-22

-99349674.84		0.0101010101		2.524593866e-24

-186243121.6		0.0404040404		3.300108193e-24

-295197598.8		0.202020202		7.63755516e-22

-209354677.3		0.1212121212		3.296814549e-24

-49524762.38		0		5.682318317e-26

-121260630.3		0.1414141414		7.712889024e-25

-36768384.19		0.0101010101		6.305509108e-24

-19209604.8		0.2222222222		4.234260594e-24

-211755877.9		0.0202020202		4.923376278e-25

-95747873.94		0.1616161616		3.058474684e-24

-174687343.7		0		7.901588161e-24

-283491745.9		0.1616161616		1.601377376e-23

-261580790.4		0.0303030303		1.811371979e-23

-136418209.1		0.0303030303		5.09369328e-24

-10055027.51		0.08080808081		1.229304184e-24

-158329164.6		0.1616161616		6.761357024e-24

-86593296.65		0.0202020202		2.548733174e-24

-161930965.5		0.0101010101		8.74409147e-24

-145572786.4		0.1717171717		4.17503137e-24

-285892946.5		0.06060606061		1.668738177e-23

-24012006		0.0202020202		3.646920783e-24

-247623811.9		0.09090909091		1.529487157e-23

-11255627.81		0.0303030303		2.105268594e-25

-169884942.5		0.202020202		1.366806755e-24

-274337168.6		0.0202020202		1.657869084e-23

-198999499.7		0.0303030303		1.045924278e-24

-149174587.3		0.0202020202		7.737197874e-24

-210555277.6		0.07070707071		4.263368244e-24

-160730365.2		0.06060606061		4.117784049e-24

-248824412.2		0.0404040404		1.303686378e-23

-35567783.89		0.06060606061		8.206996795e-24

-112106053		0		8.510052033e-24

-237268634.3		0		1.108451481e-23

-110905452.7		0.05050505051		2.34740528e-24

-236068034		0.05050505051		5.008579388e-24

-197798899.4		0.08080808081		4.575736117e-24

-82991495.75		0.1717171717		1.745385587e-24

-273136568.3		0.07070707071		1.983238606e-23

-98149074.54		0.06060606061		6.300015241e-24

-222111055.5		0.1111111111		4.001760172e-24

-224512256.1		0.0101010101		2.907656529e-24

-73836918.46		0.0303030303		6.497549846e-24

-135217608.8		0.08080808081		3.115290823e-24

-22811405.7		0.07070707071		7.906579098e-25

-48324162.08		0.05050505051		9.040224929e-24

-59879939.97		0.09090909091		5.648567268e-24

-223311655.8		0.06060606061		3.96722742e-24

-122461230.6		0.09090909091		6.510605037e-25

-134017008.5		0.1313131313		2.591956414e-24

-84192096.05		0.1212121212		6.400333317e-25

-96948474.24		0.1111111111		6.605145953e-24

-259179589.8		0.1313131313		1.518032901e-23

-159529764.9		0.1111111111		2.524559162e-24

-185042521.3		0.09090909091		1.931575628e-24

-57478739.37		0.1919191919		7.900345192e-24

-71435717.86		0.1313131313		6.305681445e-24

-171085542.8		0.1515151515		4.48775543e-24

-172286143.1		0.101010101		5.442895726e-24

-196598299.1		0.1313131313		4.776758653e-24

-20410205.1		0.1717171717		4.027936088e-24

-72636318.16		0.08080808081		7.972726555e-24

-8854427.214		0.1313131313		8.079202713e-26

-234867433.7		0.101010101		2.629503356e-24

-183841921		0.1414141414		2.417695436e-24

-146773386.7		0.1212121212		5.965838311e-24

-34367183.59		0.1111111111		4.17948823e-24

-33016508.25		0.1616161616		5.133235587e-24

-219709854.9		0.2121212121		5.114005731e-24

-58679339.67		0.1414141414		4.582290277e-24

-220760380.2		0.1616161616		5.648998807e-24

-147973987		0.07070707071		7.026906719e-24

-232466233.1		0.202020202		5.006621634e-24

-85392696.35		0.07070707071		1.249233991e-24

-284692346.2		0.1111111111		1.694385589e-23

-61080540.27		0.0404040404		2.194122843e-24

-287093546.8		0.0101010101		1.638305668e-23

-31965982.99		0.2121212121		2.307503554e-24

-108504252.1		0.1515151515		4.354872712e-24

-47123561.78		0.101010101		1.792826613e-25

-233666833.4		0.1515151515		3.228671602e-24

-44722361.18		0.202020202		3.031257943e-24

-107303651.8		0.202020202		6.44642509e-24

-123661830.9		0.0404040404		4.7984196e-24

-208154077		0.1717171717		2.419730201e-24

-282291145.6		0.2121212121		1.590218195e-23

-70235117.56		0.1818181818		1.274158952e-24

-45922961.48		0.1515151515		3.203112983e-24

-245222611.3		0.1919191919		1.501934052e-23

-131615807.9		0.2323232323		5.895846498e-24

-270735367.7		0.1717171717		1.579721564e-23

-271935968		0.1212121212		1.593001599e-23

-206953476.7		0.2222222222		4.475152554e-24

-182641320.7		0.1919191919		4.064186604e-24

-81790895.45		0.2222222222		2.748476588e-24

-56278139.07		0.2424242424		1.25715016e-24

-257978989.5		0.1818181818		1.452223344e-23

-132666333.2		0.1818181818		3.625514616e-24

-109704852.4		0.101010101		5.115713169e-24

-243871936		0.2424242424		1.361989544e-23

-181440720.4		0.2424242424		5.888773235e-24

-144372186.1		0.2222222222		2.242334053e-24

-94547273.64		0.2121212121		2.258911059e-24

-269534767.4		0.2222222222		1.57725796e-23

-194197098.5		0.2323232323		4.728875935e-24

-260380190.1		0.08080808081		1.738486183e-23

-120060030		0.1919191919		2.934391864e-24

-6453226.613		0.2323232323		3.134616415e-25

-195397698.8		0.1818181818		5.032581757e-24

-7653826.913		0.1818181818		5.975268505e-25

-157128564.3		0.2121212121		5.525341017e-24

-173336668.3		0.05050505051		6.263031278e-24

-69034517.26		0.2323232323		8.437854372e-24

-118859429.7		0.2424242424		2.056390028e-24

-256778389.2		0.2323232323		1.495869637e-23

-21460730.37		0.1212121212		6.363490396e-24

-246273136.6		0.1414141414		1.697624447e-23

-121110555.3		0.1414141414		4.63764448e-24

-283341670.8		0.1616161616		1.602464698e-23

-298649324.7		0.05050505051		1.169804701e-21

-99199599.8		0.0101010101		6.981438068e-24

-186093046.5		0.0404040404		4.845306543e-24

-196448224.1		0.1313131313		1.112366792e-24

-49374687.34		0		2.368777773e-24

-209204602.3		0.1212121212		1.985358653e-24

-32866433.22		0.1616161616		5.287245921e-24

-220610305.2		0.1616161616		3.403580415e-24

-36618309.15		0.0101010101		7.921152665e-24

-19059529.76		0.2222222222		5.125812458e-24

-174537268.6		0		1.731117803e-24

-95597798.9		0.1616161616		7.922526732e-25

-132516258.1		0.1818181818		3.018037901e-24

-211605802.9		0.0202020202		4.620590381e-24

-161780890.4		0.0101010101		3.892085586e-24

-243721860.9		0.2424242424		1.099370879e-23

-136268134.1		0.0303030303		8.562341496e-24

-158179089.5		0.1616161616		1.278438221e-24

-86443221.61		0.0202020202		1.606019904e-24

-9904952.476		0.08080808081		7.413824593e-25

-145422711.4		0.1717171717		2.75029998e-24

-11105552.78		0.0303030303		3.404690826e-25

-173186593.3		0.05050505051		5.393028622e-24

-261430715.4		0.0303030303		1.604756258e-23

-23861930.97		0.0202020202		2.497651413e-24

-285742871.4		0.06060606061		1.612786166e-23

-247473736.9		0.09090909091		1.249075146e-23

-296248124.1		0.1515151515		8.868259013e-22

-297448724.4		0.101010101		1.028022357e-21

-299849925		0		1.312153716e-21

-149024512.3		0.0202020202		1.948899021e-24

-169734867.4		0.202020202		9.779062606e-25

-160580290.1		0.06060606061		3.017544107e-24

-35417708.85		0.06060606061		6.998650274e-24

-248674337.2		0.0404040404		1.518100171e-23

-274187093.5		0.0202020202		1.912959546e-23

-198849424.7		0.0303030303		3.510466353e-24

-110755377.7		0.05050505051		2.00689808e-24

-235917959		0.05050505051		1.978456865e-24

-210405202.6		0.07070707071		1.035301435e-24

-272986493.2		0.07070707071		1.581585659e-23

-197648824.4		0.08080808081		3.052286049e-24

-82841420.71		0.1717171717		5.430519344e-24

-224362181.1		0.0101010101		3.730562662e-24

-237118559.3		0		5.479122953e-24

-111955978		0		3.8499546e-24

-135067533.8		0.08080808081		3.163693428e-24

-221960980.5		0.1111111111		2.739621363e-24

-22661330.67		0.07070707071		1.874542549e-24

-48174087.04		0.05050505051		7.489754037e-24

-59729864.93		0.09090909091		3.251155281e-24

-73686843.42		0.0303030303		3.221516207e-24

-97998999.5		0.06060606061		8.608646729e-24

-122311155.6		0.09090909091		5.219575582e-24

-84042021.01		0.1212121212		4.324244925e-24

-159379689.8		0.1111111111		1.99140734e-24

-133866933.5		0.1313131313		3.910525291e-24

-72486243.12		0.08080808081		5.761978549e-24

-295047523.8		0.202020202		7.462295057e-22

-223161580.8		0.06060606061		1.67315659e-24

-96798399.2		0.1111111111		5.145104988e-24

-184892446.2		0.09090909091		5.162434033e-24

-259029514.8		0.1313131313		1.623321257e-23

-170935467.7		0.1515151515		1.505805707e-24

-183691845.9		0.1414141414		2.488740437e-24

-71285642.82		0.1313131313		6.551272898e-24

-57328664.33		0.1919191919		5.142567435e-24

-172136068		0.101010101		1.359493537e-24

-8704352.176		0.1313131313		4.608542262e-25

-234717358.7		0.101010101		5.334493683e-24

-146623311.7		0.1212121212		2.361572292e-24

-34217108.55		0.1111111111		2.49861105e-24

-20260130.07		0.1717171717		3.503449868e-24

-58529264.63		0.1414141414		5.835256004e-24

-60930465.23		0.0404040404		5.207055003e-25

-286943471.7		0.0101010101		1.652015786e-23

-284542271.1		0.1111111111		1.642875559e-23

-85242621.31		0.07070707071		2.85049809e-24

-232316158.1		0.202020202		9.070579842e-24

-147823912		0.07070707071		2.117135353e-24

-46973486.74		0.101010101		2.279265896e-24

-219559779.9		0.2121212121		6.550567961e-24

-31815907.95		0.2121212121		3.736799469e-24

-120960480.2		0.1414141414		4.558689664e-24

-108354177.1		0.1515151515		1.492330943e-24

-107153576.8		0.202020202		4.949701826e-24

-70085042.52		0.1818181818		3.073295066e-24

-123511755.9		0.0404040404		8.734026078e-25

-208004002		0.1717171717		5.911061645e-24

-44572286.14		0.202020202		1.090938045e-24

-233516758.4		0.1515151515		6.776712416e-24

-45772886.44		0.1515151515		1.45940872e-24

-282141070.5		0.2121212121		1.631613388e-23

-271785892.9		0.1212121212		1.601817224e-23

-245072536.3		0.1919191919		9.578100449e-24

-131465732.9		0.2323232323		3.065456739e-24

-194047023.5		0.2323232323		3.767462307e-24

-56128064.03		0.2424242424		3.032466081e-24

-81640820.41		0.2222222222		6.220252766e-24

-109554777.4		0.101010101		7.31838803e-24

-257828914.5		0.1818181818		1.906048138e-23

-270585292.6		0.1717171717		1.581472485e-23

-182491245.6		0.1919191919		3.326534053e-24

-206803401.7		0.2222222222		4.190585598e-24

-119909955		0.1919191919		1.306202093e-24

-181290645.3		0.2424242424		3.030505254e-24

-7503751.876		0.1818181818		8.979732223e-25

-195247623.8		0.1818181818		1.477724914e-24

-94397198.6		0.2121212121		6.451659309e-24

-260230115.1		0.08080808081		1.568436561e-23

-283191595.8		0.1616161616		1.599483572e-23

-144222111.1		0.2222222222		2.719650801e-24

-156978489.2		0.2121212121		8.686116314e-25

-6303151.576		0.2323232323		5.036922785e-25

-269384692.3		0.2222222222		1.597113804e-23

-68884442.22		0.2323232323		5.25073276e-24

-118709354.7		0.2424242424		6.841268365e-24

-256628314.2		0.2323232323		1.598256066e-23

-21310655.33		0.1212121212		6.795781892e-24

-246123061.5		0.1414141414		1.399594453e-23

-196298149.1		0.1313131313		4.330344562e-24

-32716358.18		0.1616161616		5.068191824e-24

-220460230.1		0.1616161616		5.28978985e-25

-132366183.1		0.1818181818		5.174321939e-24

-243571785.9		0.2424242424		1.030339348e-23

-173036518.3		0.05050505051		1.755095725e-24

