#		ky		phi		B		E		time
-2.52547e+08		-3.14159		0.3		0.307295		0.345508
-2.47445e+08		-3.14159		0.3		0.338243		0.692717
-2.42343e+08		-3.14159		0.3		0.329012		1.03847
-2.37241e+08		-3.14159		0.3		0.327744		1.38466
-2.32139e+08		-3.14159		0.3		0.361022		1.74919
-2.27037e+08		-3.14159		0.3		0.353323		2.09523
-2.21935e+08		-3.14159		0.3		0.343588		2.44119
-2.16833e+08		-3.14159		0.3		0.383511		2.78709
-2.11731e+08		-3.14159		0.3		0.370099		3.13244
-2.06629e+08		-3.14159		0.3		0.408248		3.47816
-2.01527e+08		-3.14159		0.3		0.378148		3.8239
-1.96425e+08		-3.14159		0.3		0.376383		4.17008
-1.91323e+08		-3.14159		0.3		0.434319		4.51639
-1.86221e+08		-3.14159		0.3		0.353493		4.86191
-1.81119e+08		-3.14159		0.3		0.387907		5.20764
-1.76017e+08		-3.14159		0.3		0.399801		5.55393
-1.70915e+08		-3.14159		0.3		0.366422		5.89916
-1.65813e+08		-3.14159		0.3		0.428839		6.24459
-1.60712e+08		-3.14159		0.3		0.363362		6.58986
-1.5561e+08		-3.14159		0.3		0.44045		6.93516
-1.50508e+08		-3.14159		0.3		0.381613		7.28056
-1.45406e+08		-3.14159		0.3		0.521497		7.6263
-1.40304e+08		-3.14159		0.3		0.427977		7.9727
-1.35202e+08		-3.14159		0.3		0.599301		8.31816
-1.301e+08		-3.14159		0.3		0.56376		8.66463
-1.24998e+08		-3.14159		0.3		0.427008		9.01129
-1.19896e+08		-3.14159		0.3		0.534811		9.35542
-1.14794e+08		-3.14159		0.3		0.421976		9.70112
-1.09692e+08		-3.14159		0.3		0.569175		10.0464
-1.0459e+08		-3.14159		0.3		0.555767		10.3921
-9.94881e+07		-3.14159		0.3		0.463115		10.756
-9.43861e+07		-3.14159		0.3		0.440985		11.1009
-8.92842e+07		-3.14159		0.3		0.530613		11.4466
-8.41822e+07		-3.14159		0.3		0.459871		11.7924
-7.90803e+07		-3.14159		0.3		0.463362		12.1386
-7.39783e+07		-3.14159		0.3		0.548671		12.4847
-6.88764e+07		-3.14159		0.3		0.457482		12.8305
-6.37744e+07		-3.14159		0.3		0.507806		13.1765
-5.86725e+07		-3.14159		0.3		0.629863		13.5221
-5.35705e+07		-3.14159		0.3		0.739458		13.8672
-4.84686e+07		-3.14159		0.3		0.510914		14.2123
-4.33666e+07		-3.14159		0.3		0.815268		14.5573
-3.82646e+07		-3.14159		0.3		0.824487		14.903
-3.31627e+07		-3.14159		0.3		0.501373		15.2487
-2.80607e+07		-3.14159		0.3		0.682459		15.5939
-2.29588e+07		-3.14159		0.3		0.566244		15.9392
-1.78568e+07		-3.14159		0.3		0.652119		16.2841
-1.27549e+07		-3.14159		0.3		0.555685		16.6293
-7.65293e+06		-3.14159		0.3		0.797708		16.9737
-2.55098e+06		-3.14159		0.3		0.496486		17.3193
2.55098e+06		-3.14159		0.3		0.496486		17.6646
7.65293e+06		-3.14159		0.3		0.797708		18.0094
1.27549e+07		-3.14159		0.3		0.555685		18.355
1.78568e+07		-3.14159		0.3		0.652119		18.7001
2.29588e+07		-3.14159		0.3		0.566244		19.0474
2.80607e+07		-3.14159		0.3		0.682459		19.3929
3.31627e+07		-3.14159		0.3		0.501373		19.7391
3.82646e+07		-3.14159		0.3		0.824487		20.103
4.33666e+07		-3.14159		0.3		0.815268		20.4482
4.84686e+07		-3.14159		0.3		0.510914		20.7938
5.35705e+07		-3.14159		0.3		0.739458		21.1386
5.86725e+07		-3.14159		0.3		0.629863		21.4832
6.37744e+07		-3.14159		0.3		0.507806		21.829
6.88764e+07		-3.14159		0.3		0.457482		22.1741
7.39783e+07		-3.14159		0.3		0.548671		22.52
7.90803e+07		-3.14159		0.3		0.463362		22.8657
8.41822e+07		-3.14159		0.3		0.459871		23.2112
8.92842e+07		-3.14159		0.3		0.530613		23.5568
9.43861e+07		-3.14159		0.3		0.440985		23.9013
9.94881e+07		-3.14159		0.3		0.463115		24.2464
1.0459e+08		-3.14159		0.3		0.555767		24.5923
1.09692e+08		-3.14159		0.3		0.569175		24.9379
1.14794e+08		-3.14159		0.3		0.421976		25.2832
1.19896e+08		-3.14159		0.3		0.534811		25.6286
1.24998e+08		-3.14159		0.3		0.427008		25.9734
1.301e+08		-3.14159		0.3		0.56376		26.3195
1.35202e+08		-3.14159		0.3		0.599301		26.666
1.40304e+08		-3.14159		0.3		0.427977		27.0116
1.45406e+08		-3.14159		0.3		0.521497		27.3562
1.50508e+08		-3.14159		0.3		0.381613		27.7104
1.5561e+08		-3.14159		0.3		0.44045		28.0612
1.60712e+08		-3.14159		0.3		0.363362		28.4033
1.65813e+08		-3.14159		0.3		0.428839		28.7446
1.70915e+08		-3.14159		0.3		0.366422		29.0852
1.76017e+08		-3.14159		0.3		0.399801		29.4459
1.81119e+08		-3.14159		0.3		0.387907		29.7866
1.86221e+08		-3.14159		0.3		0.353493		30.1274
1.91323e+08		-3.14159		0.3		0.434319		30.4688
1.96425e+08		-3.14159		0.3		0.376383		30.8103
2.01527e+08		-3.14159		0.3		0.378148		31.1522
2.06629e+08		-3.14159		0.3		0.408248		31.4947
2.11731e+08		-3.14159		0.3		0.370099		31.8367
2.16833e+08		-3.14159		0.3		0.383511		32.1794
2.21935e+08		-3.14159		0.3		0.343588		32.5219
2.27037e+08		-3.14159		0.3		0.353323		32.8647
2.32139e+08		-3.14159		0.3		0.361022		33.2078
2.37241e+08		-3.14159		0.3		0.327744		33.5506
2.42343e+08		-3.14159		0.3		0.329012		33.8935
2.47445e+08		-3.14159		0.3		0.338243		34.2359
2.52547e+08		-3.14159		0.3		0.307295		34.5792

-2.52547e+08		-3.07813		0.3		0.285192		34.9219
-2.47445e+08		-3.07813		0.3		0.316124		35.2641
-2.42343e+08		-3.07813		0.3		0.31101		35.6071
-2.37241e+08		-3.07813		0.3		0.32197		35.9496
-2.32139e+08		-3.07813		0.3		0.34446		36.2917
-2.27037e+08		-3.07813		0.3		0.34386		36.6349
-2.21935e+08		-3.07813		0.3		0.335038		36.9772
-2.16833e+08		-3.07813		0.3		0.382259		37.3192
-2.11731e+08		-3.07813		0.3		0.367673		37.6627
-2.06629e+08		-3.07813		0.3		0.39702		38.0057
-2.01527e+08		-3.07813		0.3		0.373852		38.3694
-1.96425e+08		-3.07813		0.3		0.374886		38.712
-1.91323e+08		-3.07813		0.3		0.437698		39.055
-1.86221e+08		-3.07813		0.3		0.353355		39.3971
-1.81119e+08		-3.07813		0.3		0.387585		39.7388
-1.76017e+08		-3.07813		0.3		0.403345		40.0821
-1.70915e+08		-3.07813		0.3		0.363922		40.4248
-1.65813e+08		-3.07813		0.3		0.432254		40.7688
-1.60712e+08		-3.07813		0.3		0.360817		41.1115
-1.5561e+08		-3.07813		0.3		0.443715		41.4535
-1.50508e+08		-3.07813		0.3		0.378634		41.7962
-1.45406e+08		-3.07813		0.3		0.524494		42.1405
-1.40304e+08		-3.07813		0.3		0.423652		42.4838
-1.35202e+08		-3.07813		0.3		0.59538		42.8291
-1.301e+08		-3.07813		0.3		0.556482		43.1715
-1.24998e+08		-3.07813		0.3		0.422326		43.5144
-1.19896e+08		-3.07813		0.3		0.534437		43.8582
-1.14794e+08		-3.07813		0.3		0.421154		44.2006
-1.09692e+08		-3.07813		0.3		0.563084		44.5432
-1.0459e+08		-3.07813		0.3		0.553073		44.8873
-9.94881e+07		-3.07813		0.3		0.459067		45.2301
-9.43861e+07		-3.07813		0.3		0.439869		45.5742
-8.92842e+07		-3.07813		0.3		0.532016		45.9195
-8.41822e+07		-3.07813		0.3		0.458546		46.2618
-7.90803e+07		-3.07813		0.3		0.463637		46.6061
-7.39783e+07		-3.07813		0.3		0.546346		46.9521
-6.88764e+07		-3.07813		0.3		0.456636		47.2971
-6.37744e+07		-3.07813		0.3		0.507916		47.6596
-5.86725e+07		-3.07813		0.3		0.62781		48.0054
-5.35705e+07		-3.07813		0.3		0.737182		48.351
-4.84686e+07		-3.07813		0.3		0.510577		48.6958
-4.33666e+07		-3.07813		0.3		0.797985		49.0381
-3.82646e+07		-3.07813		0.3		0.80629		49.3824
-3.31627e+07		-3.07813		0.3		0.500011		49.724
-2.80607e+07		-3.07813		0.3		0.679886		50.0689
-2.29588e+07		-3.07813		0.3		0.564683		50.4131
-1.78568e+07		-3.07813		0.3		0.650614		50.7582
-1.27549e+07		-3.07813		0.3		0.554513		51.1021
-7.65293e+06		-3.07813		0.3		0.792973		51.4466
-2.55098e+06		-3.07813		0.3		0.495417		51.7884
2.55098e+06		-3.07813		0.3		0.495417		52.1335
7.65293e+06		-3.07813		0.3		0.792973		52.4774
1.27549e+07		-3.07813		0.3		0.554513		52.8226
1.78568e+07		-3.07813		0.3		0.650614		53.1672
2.29588e+07		-3.07813		0.3		0.564683		53.5102
2.80607e+07		-3.07813		0.3		0.679886		53.8523
3.31627e+07		-3.07813		0.3		0.500011		54.197
3.82646e+07		-3.07813		0.3		0.80629		54.5422
4.33666e+07		-3.07813		0.3		0.797985		54.8868
4.84686e+07		-3.07813		0.3		0.510577		55.2319
5.35705e+07		-3.07813		0.3		0.737182		55.5765
5.86725e+07		-3.07813		0.3		0.62781		55.9207
6.37744e+07		-3.07813		0.3		0.507916		56.2662
6.88764e+07		-3.07813		0.3		0.456636		56.6362
7.39783e+07		-3.07813		0.3		0.546346		56.981
7.90803e+07		-3.07813		0.3		0.463637		57.3263
8.41822e+07		-3.07813		0.3		0.458546		57.6713
8.92842e+07		-3.07813		0.3		0.532016		58.0172
9.43861e+07		-3.07813		0.3		0.439869		58.3624
9.94881e+07		-3.07813		0.3		0.459067		58.708
1.0459e+08		-3.07813		0.3		0.553073		59.0531
1.09692e+08		-3.07813		0.3		0.563084		59.3985
1.14794e+08		-3.07813		0.3		0.421154		59.7443
1.19896e+08		-3.07813		0.3		0.534437		60.0914
1.24998e+08		-3.07813		0.3		0.422326		60.4362
1.301e+08		-3.07813		0.3		0.556482		60.7814
1.35202e+08		-3.07813		0.3		0.59538		61.1263
1.40304e+08		-3.07813		0.3		0.423652		61.4717
1.45406e+08		-3.07813		0.3		0.524494		61.8162
1.50508e+08		-3.07813		0.3		0.378634		62.1609
1.5561e+08		-3.07813		0.3		0.443715		62.5059
1.60712e+08		-3.07813		0.3		0.360817		62.8507
1.65813e+08		-3.07813		0.3		0.432254		63.1945
1.70915e+08		-3.07813		0.3		0.363922		63.5403
1.76017e+08		-3.07813		0.3		0.403345		63.8865
1.81119e+08		-3.07813		0.3		0.387585		64.2326
1.86221e+08		-3.07813		0.3		0.353355		64.5779
1.91323e+08		-3.07813		0.3		0.437698		64.9241
1.96425e+08		-3.07813		0.3		0.374886		65.2702
2.01527e+08		-3.07813		0.3		0.373852		65.6163
2.06629e+08		-3.07813		0.3		0.39702		65.9788
2.11731e+08		-3.07813		0.3		0.367673		66.3249
2.16833e+08		-3.07813		0.3		0.382259		66.6705
2.21935e+08		-3.07813		0.3		0.335038		67.0162
2.27037e+08		-3.07813		0.3		0.34386		67.3616
2.32139e+08		-3.07813		0.3		0.34446		67.7076
2.37241e+08		-3.07813		0.3		0.32197		68.0532
2.42343e+08		-3.07813		0.3		0.31101		68.3983
2.47445e+08		-3.07813		0.3		0.316124		68.7438
2.52547e+08		-3.07813		0.3		0.285192		69.089

-2.52547e+08		-3.01466		0.3		0.262961		69.4368
-2.47445e+08		-3.01466		0.3		0.293682		69.7823
-2.42343e+08		-3.01466		0.3		0.290582		70.1285
-2.37241e+08		-3.01466		0.3		0.310232		70.4736
-2.32139e+08		-3.01466		0.3		0.325		70.8189
-2.27037e+08		-3.01466		0.3		0.330141		71.1648
-2.21935e+08		-3.01466		0.3		0.3219		71.5106
-2.16833e+08		-3.01466		0.3		0.373443		71.8565
-2.11731e+08		-3.01466		0.3		0.360932		72.2024
-2.06629e+08		-3.01466		0.3		0.380716		72.5477
-2.01527e+08		-3.01466		0.3		0.366387		72.894
-1.96425e+08		-3.01466		0.3		0.370234		73.2405
-1.91323e+08		-3.01466		0.3		0.435321		73.5861
-1.86221e+08		-3.01466		0.3		0.34931		73.9293
-1.81119e+08		-3.01466		0.3		0.384199		74.2754
-1.76017e+08		-3.01466		0.3		0.403059		74.6215
-1.70915e+08		-3.01466		0.3		0.358438		74.967
-1.65813e+08		-3.01466		0.3		0.431768		75.3303
-1.60712e+08		-3.01466		0.3		0.355296		75.675
-1.5561e+08		-3.01466		0.3		0.443286		76.0203
-1.50508e+08		-3.01466		0.3		0.372965		76.3649
-1.45406e+08		-3.01466		0.3		0.522396		76.7107
-1.40304e+08		-3.01466		0.3		0.416672		77.0568
-1.35202e+08		-3.01466		0.3		0.585321		77.4028
-1.301e+08		-3.01466		0.3		0.543889		77.7485
-1.24998e+08		-3.01466		0.3		0.415162		78.0909
-1.19896e+08		-3.01466		0.3		0.530142		78.4367
-1.14794e+08		-3.01466		0.3		0.418063		78.7817
-1.09692e+08		-3.01466		0.3		0.553071		79.1274
-1.0459e+08		-3.01466		0.3		0.546749		79.473
-9.94881e+07		-3.01466		0.3		0.452549		79.819
-9.43861e+07		-3.01466		0.3		0.436591		80.1646
-8.92842e+07		-3.01466		0.3		0.530337		80.5103
-8.41822e+07		-3.01466		0.3		0.454613		80.8561
-7.90803e+07		-3.01466		0.3		0.461481		81.2017
-7.39783e+07		-3.01466		0.3		0.541199		81.5485
-6.88764e+07		-3.01466		0.3		0.453616		81.8948
-6.37744e+07		-3.01466		0.3		0.50548		82.2408
-5.86725e+07		-3.01466		0.3		0.622147		82.5873
-5.35705e+07		-3.01466		0.3		0.727793		82.9326
-4.84686e+07		-3.01466		0.3		0.507876		83.2779
-4.33666e+07		-3.01466		0.3		0.773913		83.6231
-3.82646e+07		-3.01466		0.3		0.781831		83.967
-3.31627e+07		-3.01466		0.3		0.496459		84.329
-2.80607e+07		-3.01466		0.3		0.673476		84.6734
-2.29588e+07		-3.01466		0.3		0.560615		85.0193
-1.78568e+07		-3.01466		0.3		0.645802		85.3645
-1.27549e+07		-3.01466		0.3		0.550918		85.7093
-7.65293e+06		-3.01466		0.3		0.780267		86.0536
-2.55098e+06		-3.01466		0.3		0.492226		86.3989
2.55098e+06		-3.01466		0.3		0.492226		86.7435
7.65293e+06		-3.01466		0.3		0.780267		87.0878
1.27549e+07		-3.01466		0.3		0.550918		87.4329
1.78568e+07		-3.01466		0.3		0.645802		87.7779
2.29588e+07		-3.01466		0.3		0.560615		88.1232
2.80607e+07		-3.01466		0.3		0.673476		88.4682
3.31627e+07		-3.01466		0.3		0.496459		88.8129
3.82646e+07		-3.01466		0.3		0.781831		89.1584
4.33666e+07		-3.01466		0.3		0.773913		89.5029
4.84686e+07		-3.01466		0.3		0.507876		89.8489
5.35705e+07		-3.01466		0.3		0.727793		90.1942
5.86725e+07		-3.01466		0.3		0.622147		90.5399
6.37744e+07		-3.01466		0.3		0.50548		90.8862
6.88764e+07		-3.01466		0.3		0.453616		91.2324
7.39783e+07		-3.01466		0.3		0.541199		91.578
7.90803e+07		-3.01466		0.3		0.461481		91.9256
8.41822e+07		-3.01466		0.3		0.454613		92.2709
8.92842e+07		-3.01466		0.3		0.530337		92.6173
9.43861e+07		-3.01466		0.3		0.436591		92.9627
9.94881e+07		-3.01466		0.3		0.452549		93.3083
1.0459e+08		-3.01466		0.3		0.546749		93.6727
1.09692e+08		-3.01466		0.3		0.553071		94.0157
1.14794e+08		-3.01466		0.3		0.418063		94.3613
1.19896e+08		-3.01466		0.3		0.530142		94.7064
