#		ky		phi		B		E		time
-2.52547e+08		-3.14159		0.2		0.208464		0.332226
-2.47445e+08		-3.14159		0.2		0.231598		0.677849
-2.42343e+08		-3.14159		0.2		0.212648		1.0279
-2.37241e+08		-3.14159		0.2		0.204114		1.36013
-2.32139e+08		-3.14159		0.2		0.234208		1.69202
-2.27037e+08		-3.14159		0.2		0.225822		2.0245
-2.21935e+08		-3.14159		0.2		0.20063		2.35667
-2.16833e+08		-3.14159		0.2		0.24254		2.68883
-2.11731e+08		-3.14159		0.2		0.233793		3.02038
-2.06629e+08		-3.14159		0.2		0.261084		3.35254
-2.01527e+08		-3.14159		0.2		0.241464		3.68704
-1.96425e+08		-3.14159		0.2		0.236807		4.02007
-1.91323e+08		-3.14159		0.2		0.270589		4.35216
-1.86221e+08		-3.14159		0.2		0.177814		4.6844
-1.81119e+08		-3.14159		0.2		0.234387		5.01586
-1.76017e+08		-3.14159		0.2		0.222772		5.34765
-1.70915e+08		-3.14159		0.2		0.194493		5.67919
-1.65813e+08		-3.14159		0.2		0.250127		6.01112
-1.60712e+08		-3.14159		0.2		0.175981		6.34347
-1.5561e+08		-3.14159		0.2		0.253589		6.6756
-1.50508e+08		-3.14159		0.2		0.193267		7.00754
-1.45406e+08		-3.14159		0.2		0.323246		7.34012
-1.40304e+08		-3.14159		0.2		0.236059		7.67297
-1.35202e+08		-3.14159		0.2		0.387911		8.01776
-1.301e+08		-3.14159		0.2		0.36196		8.36395
-1.24998e+08		-3.14159		0.2		0.216139		8.69607
-1.19896e+08		-3.14159		0.2		0.307879		9.0428
-1.14794e+08		-3.14159		0.2		0.212969		9.3754
-1.09692e+08		-3.14159		0.2		0.349137		9.70779
-1.0459e+08		-3.14159		0.2		0.315912		10.0607
-9.94881e+07		-3.14159		0.2		0.227433		10.3931
-9.43861e+07		-3.14159		0.2		0.212856		10.7252
-8.92842e+07		-3.14159		0.2		0.287043		11.0576
-8.41822e+07		-3.14159		0.2		0.201778		11.3897
-7.90803e+07		-3.14159		0.2		0.209414		11.7221
-7.39783e+07		-3.14159		0.2		0.301003		12.0546
-6.88764e+07		-3.14159		0.2		0.201331		12.3865
-6.37744e+07		-3.14159		0.2		0.241657		12.7184
-5.86725e+07		-3.14159		0.2		0.358369		13.063
-5.35705e+07		-3.14159		0.2		0.469697		13.4075
-4.84686e+07		-3.14159		0.2		0.237928		13.7391
-4.33666e+07		-3.14159		0.2		0.547959		14.0844
-3.82646e+07		-3.14159		0.2		0.553511		14.429
-3.31627e+07		-3.14159		0.2		0.220489		14.7617
-2.80607e+07		-3.14159		0.2		0.400739		15.1071
-2.29588e+07		-3.14159		0.2		0.280549		15.4403
-1.78568e+07		-3.14159		0.2		0.364923		15.7715
-1.27549e+07		-3.14159		0.2		0.267193		16.1042
-7.65293e+06		-3.14159		0.2		0.508699		16.4503
-2.55098e+06		-3.14159		0.2		0.2071		16.7834
2.55098e+06		-3.14159		0.2		0.2071		17.1159
7.65293e+06		-3.14159		0.2		0.508699		17.461
1.27549e+07		-3.14159		0.2		0.267193		17.7932
1.78568e+07		-3.14159		0.2		0.364923		18.125
2.29588e+07		-3.14159		0.2		0.280549		18.4574
2.80607e+07		-3.14159		0.2		0.400739		18.8191
3.31627e+07		-3.14159		0.2		0.220489		19.1508
3.82646e+07		-3.14159		0.2		0.553511		19.4952
4.33666e+07		-3.14159		0.2		0.547959		19.8401
4.84686e+07		-3.14159		0.2		0.237928		20.1718
5.35705e+07		-3.14159		0.2		0.469697		20.5164
5.86725e+07		-3.14159		0.2		0.358369		20.8477
6.37744e+07		-3.14159		0.2		0.241657		21.179
6.88764e+07		-3.14159		0.2		0.201331		21.5107
7.39783e+07		-3.14159		0.2		0.301003		21.8429
7.90803e+07		-3.14159		0.2		0.209414		22.1753
8.41822e+07		-3.14159		0.2		0.201778		22.5076
8.92842e+07		-3.14159		0.2		0.287043		22.8399
9.43861e+07		-3.14159		0.2		0.212856		23.1724
9.94881e+07		-3.14159		0.2		0.227433		23.5048
1.0459e+08		-3.14159		0.2		0.315912		23.8373
1.09692e+08		-3.14159		0.2		0.349137		24.1827
1.14794e+08		-3.14159		0.2		0.212969		24.5147
1.19896e+08		-3.14159		0.2		0.307879		24.8469
1.24998e+08		-3.14159		0.2		0.216139		25.1793
1.301e+08		-3.14159		0.2		0.36196		25.5249
1.35202e+08		-3.14159		0.2		0.387911		25.8711
1.40304e+08		-3.14159		0.2		0.236059		26.2046
1.45406e+08		-3.14159		0.2		0.323246		26.5378
1.50508e+08		-3.14159		0.2		0.193267		26.8712
1.5561e+08		-3.14159		0.2		0.253589		27.204
1.60712e+08		-3.14159		0.2		0.175981		27.5373
1.65813e+08		-3.14159		0.2		0.250127		27.888
1.70915e+08		-3.14159		0.2		0.194493		28.2205
1.76017e+08		-3.14159		0.2		0.222772		28.5534
1.81119e+08		-3.14159		0.2		0.234387		28.8865
1.86221e+08		-3.14159		0.2		0.177814		29.2176
1.91323e+08		-3.14159		0.2		0.270589		29.5508
1.96425e+08		-3.14159		0.2		0.236807		29.8834
2.01527e+08		-3.14159		0.2		0.241464		30.2155
2.06629e+08		-3.14159		0.2		0.261084		30.5474
2.11731e+08		-3.14159		0.2		0.233793		30.8793
2.16833e+08		-3.14159		0.2		0.24254		31.2117
2.21935e+08		-3.14159		0.2		0.20063		31.5435
2.27037e+08		-3.14159		0.2		0.225822		31.8765
2.32139e+08		-3.14159		0.2		0.234208		32.2089
2.37241e+08		-3.14159		0.2		0.204114		32.5407
2.42343e+08		-3.14159		0.2		0.212648		32.8732
2.47445e+08		-3.14159		0.2		0.231598		33.2192
2.52547e+08		-3.14159		0.2		0.208464		33.5644

-2.52547e+08		-3.07813		0.2		0.186973		33.8972
-2.47445e+08		-3.07813		0.2		0.210557		34.23
-2.42343e+08		-3.07813		0.2		0.194989		34.5625
-2.37241e+08		-3.07813		0.2		0.200812		34.8954
-2.32139e+08		-3.07813		0.2		0.218076		35.2281
-2.27037e+08		-3.07813		0.2		0.216679		35.5601
-2.21935e+08		-3.07813		0.2		0.192649		35.893
-2.16833e+08		-3.07813		0.2		0.243105		36.2256
-2.11731e+08		-3.07813		0.2		0.232457		36.5586
-2.06629e+08		-3.07813		0.2		0.249569		36.9093
-2.01527e+08		-3.07813		0.2		0.237639		37.2417
-1.96425e+08		-3.07813		0.2		0.236115		37.5737
-1.91323e+08		-3.07813		0.2		0.274859		37.9053
-1.86221e+08		-3.07813		0.2		0.17886		38.2376
-1.81119e+08		-3.07813		0.2		0.234883		38.5698
-1.76017e+08		-3.07813		0.2		0.22756		38.9028
-1.70915e+08		-3.07813		0.2		0.192403		39.2348
-1.65813e+08		-3.07813		0.2		0.254477		39.567
-1.60712e+08		-3.07813		0.2		0.173678		39.8998
-1.5561e+08		-3.07813		0.2		0.25757		40.2323
-1.50508e+08		-3.07813		0.2		0.190464		40.564
-1.45406e+08		-3.07813		0.2		0.325966		40.8962
-1.40304e+08		-3.07813		0.2		0.231591		41.2282
-1.35202e+08		-3.07813		0.2		0.384741		41.5729
-1.301e+08		-3.07813		0.2		0.354914		41.9185
-1.24998e+08		-3.07813		0.2		0.211345		42.2519
-1.19896e+08		-3.07813		0.2		0.307534		42.5851
-1.14794e+08		-3.07813		0.2		0.2125		42.9182
-1.09692e+08		-3.07813		0.2		0.343568		43.2633
-1.0459e+08		-3.07813		0.2		0.313713		43.5956
-9.94881e+07		-3.07813		0.2		0.22356		43.9275
-9.43861e+07		-3.07813		0.2		0.211987		44.2589
-8.92842e+07		-3.07813		0.2		0.28797		44.5909
-8.41822e+07		-3.07813		0.2		0.200593		44.9238
-7.90803e+07		-3.07813		0.2		0.209694		45.2563
-7.39783e+07		-3.07813		0.2		0.29881		45.6064
-6.88764e+07		-3.07813		0.2		0.200601		45.9379
-6.37744e+07		-3.07813		0.2		0.241525		46.27
-5.86725e+07		-3.07813		0.2		0.356521		46.6017
-5.35705e+07		-3.07813		0.2		0.466627		46.9465
-4.84686e+07		-3.07813		0.2		0.237403		47.278
-4.33666e+07		-3.07813		0.2		0.529807		47.6226
-3.82646e+07		-3.07813		0.2		0.534393		47.9673
-3.31627e+07		-3.07813		0.2		0.219218		48.2996
-2.80607e+07		-3.07813		0.2		0.398441		48.6452
-2.29588e+07		-3.07813		0.2		0.279115		48.9769
-1.78568e+07		-3.07813		0.2		0.363326		49.322
-1.27549e+07		-3.07813		0.2		0.266002		49.6534
-7.65293e+06		-3.07813		0.2		0.503952		49.9976
-2.55098e+06		-3.07813		0.2		0.206031		50.3288
2.55098e+06		-3.07813		0.2		0.206031		50.6603
7.65293e+06		-3.07813		0.2		0.503952		51.0053
1.27549e+07		-3.07813		0.2		0.266002		51.337
1.78568e+07		-3.07813		0.2		0.363326		51.6685
2.29588e+07		-3.07813		0.2		0.279115		52.0008
2.80607e+07		-3.07813		0.2		0.398441		52.347
3.31627e+07		-3.07813		0.2		0.219218		52.6791
3.82646e+07		-3.07813		0.2		0.534393		53.0244
4.33666e+07		-3.07813		0.2		0.529807		53.3694
4.84686e+07		-3.07813		0.2		0.237403		53.7027
5.35705e+07		-3.07813		0.2		0.466627		54.0483
5.86725e+07		-3.07813		0.2		0.356521		54.3809
6.37744e+07		-3.07813		0.2		0.241525		54.7316
6.88764e+07		-3.07813		0.2		0.200601		55.064
7.39783e+07		-3.07813		0.2		0.29881		55.3961
7.90803e+07		-3.07813		0.2		0.209694		55.728
8.41822e+07		-3.07813		0.2		0.200593		56.0603
8.92842e+07		-3.07813		0.2		0.28797		56.3933
9.43861e+07		-3.07813		0.2		0.211987		56.7252
9.94881e+07		-3.07813		0.2		0.22356		57.0581
1.0459e+08		-3.07813		0.2		0.313713		57.3898
1.09692e+08		-3.07813		0.2		0.343568		57.7354
1.14794e+08		-3.07813		0.2		0.2125		58.0678
1.19896e+08		-3.07813		0.2		0.307534		58.3997
1.24998e+08		-3.07813		0.2		0.211345		58.7308
1.301e+08		-3.07813		0.2		0.354914		59.0753
1.35202e+08		-3.07813		0.2		0.384741		59.4201
1.40304e+08		-3.07813		0.2		0.231591		59.7519
1.45406e+08		-3.07813		0.2		0.325966		60.0848
1.50508e+08		-3.07813		0.2		0.190464		60.4171
1.5561e+08		-3.07813		0.2		0.25757		60.7495
1.60712e+08		-3.07813		0.2		0.173678		61.0816
1.65813e+08		-3.07813		0.2		0.254477		61.414
1.70915e+08		-3.07813		0.2		0.192403		61.7473
1.76017e+08		-3.07813		0.2		0.22756		62.0795
1.81119e+08		-3.07813		0.2		0.234883		62.4112
1.86221e+08		-3.07813		0.2		0.17886		62.7444
1.91323e+08		-3.07813		0.2		0.274859		63.077
1.96425e+08		-3.07813		0.2		0.236115		63.4275
2.01527e+08		-3.07813		0.2		0.237639		63.7622
2.06629e+08		-3.07813		0.2		0.249569		64.0954
2.11731e+08		-3.07813		0.2		0.232457		64.4273
2.16833e+08		-3.07813		0.2		0.243105		64.7596
2.21935e+08		-3.07813		0.2		0.192649		65.0921
2.27037e+08		-3.07813		0.2		0.216679		65.4241
2.32139e+08		-3.07813		0.2		0.218076		65.7558
2.37241e+08		-3.07813		0.2		0.200812		66.0884
2.42343e+08		-3.07813		0.2		0.194989		66.4207
2.47445e+08		-3.07813		0.2		0.210557		66.7532
2.52547e+08		-3.07813		0.2		0.186973		67.0857

-2.52547e+08		-3.01466		0.2		0.165346		67.4188
-2.47445e+08		-3.01466		0.2		0.189089		67.7515
-2.42343e+08		-3.01466		0.2		0.174692		68.084
-2.37241e+08		-3.01466		0.2		0.191881		68.4165
-2.32139e+08		-3.01466		0.2		0.199052		68.7488
-2.27037e+08		-3.01466		0.2		0.20375		69.0815
-2.21935e+08		-3.01466		0.2		0.18045		69.4142
-2.16833e+08		-3.01466		0.2		0.236378		69.7472
-2.11731e+08		-3.01466		0.2		0.227534		70.0791
-2.06629e+08		-3.01466		0.2		0.232886		70.4122
-2.01527e+08		-3.01466		0.2		0.231536		70.7448
-1.96425e+08		-3.01466		0.2		0.233234		71.0777
-1.91323e+08		-3.01466		0.2		0.274402		71.4112
-1.86221e+08		-3.01466		0.2		0.176654		71.7435
-1.81119e+08		-3.01466		0.2		0.233083		72.0761
-1.76017e+08		-3.01466		0.2		0.229203		72.4319
-1.70915e+08		-3.01466		0.2		0.188098		72.7652
-1.65813e+08		-3.01466		0.2		0.255317		73.0985
-1.60712e+08		-3.01466		0.2		0.16901		73.4318
-1.5561e+08		-3.01466		0.2		0.258207		73.7641
-1.50508e+08		-3.01466		0.2		0.185628		74.0971
-1.45406e+08		-3.01466		0.2		0.324213		74.4301
-1.40304e+08		-3.01466		0.2		0.224774		74.7632
-1.35202e+08		-3.01466		0.2		0.376395		75.1083
-1.301e+08		-3.01466		0.2		0.342081		75.441
-1.24998e+08		-3.01466		0.2		0.204357		75.7737
-1.19896e+08		-3.01466		0.2		0.303923		76.1062
-1.14794e+08		-3.01466		0.2		0.210384		76.4394
-1.09692e+08		-3.01466		0.2		0.333799		76.7708
-1.0459e+08		-3.01466		0.2		0.308345		77.1026
-9.94881e+07		-3.01466		0.2		0.217356		77.4344
-9.43861e+07		-3.01466		0.2		0.209436		77.767
-8.92842e+07		-3.01466		0.2		0.285996		78.1001
-8.41822e+07		-3.01466		0.2		0.19704		78.4315
-7.90803e+07		-3.01466		0.2		0.207794		78.7642
-7.39783e+07		-3.01466		0.2		0.293675		79.0968
-6.88764e+07		-3.01466		0.2		0.197967		79.4289
-6.37744e+07		-3.01466		0.2		0.239012		79.7612
-5.86725e+07		-3.01466		0.2		0.351278		80.0936
-5.35705e+07		-3.01466		0.2		0.456801		80.4393
-4.84686e+07		-3.01466		0.2		0.234598		80.7709
-4.33666e+07		-3.01466		0.2		0.504698		81.1153
-3.82646e+07		-3.01466		0.2		0.509006		81.4784
-3.31627e+07		-3.01466		0.2		0.215788		81.8096
-2.80607e+07		-3.01466		0.2		0.392216		82.1539
-2.29588e+07		-3.01466		0.2		0.275177		82.4857
-1.78568e+07		-3.01466		0.2		0.358445		82.8177
-1.27549e+07		-3.01466		0.2		0.2624		83.1497
-7.65293e+06		-3.01466		0.2		0.491246		83.4948
-2.55098e+06		-3.01466		0.2		0.202841		83.8272
2.55098e+06		-3.01466		0.2		0.202841		84.1588
7.65293e+06		-3.01466		0.2		0.491246		84.5031
1.27549e+07		-3.01466		0.2		0.2624		84.8347
1.78568e+07		-3.01466		0.2		0.358445		85.1665
2.29588e+07		-3.01466		0.2		0.275177		85.4989
2.80607e+07		-3.01466		0.2		0.392216		85.844
3.31627e+07		-3.01466		0.2		0.215788		86.1763
3.82646e+07		-3.01466		0.2		0.509006		86.5214
4.33666e+07		-3.01466		0.2		0.504698		86.8667
4.84686e+07		-3.01466		0.2		0.234598		87.1993
5.35705e+07		-3.01466		0.2		0.456801		87.5442
5.86725e+07		-3.01466		0.2		0.351278		87.8772
6.37744e+07		-3.01466		0.2		0.239012		88.2103
6.88764e+07		-3.01466		0.2		0.197967		88.5431
7.39783e+07		-3.01466		0.2		0.293675		88.8753
7.90803e+07		-3.01466		0.2		0.207794		89.2077
8.41822e+07		-3.01466		0.2		0.19704		89.5414
8.92842e+07		-3.01466		0.2		0.285996		89.8744
9.43861e+07		-3.01466		0.2		0.209436		90.2241
9.94881e+07		-3.01466		0.2		0.217356		90.5559
1.0459e+08		-3.01466		0.2		0.308345		90.8879
1.09692e+08		-3.01466		0.2		0.333799		91.2198
1.14794e+08		-3.01466		0.2		0.210384		91.5515
1.19896e+08		-3.01466		0.2		0.303923		91.8839
1.24998e+08		-3.01466		0.2		0.204357		92.2154
1.301e+08		-3.01466		0.2		0.342081		92.5472
1.35202e+08		-3.01466		0.2		0.376395		92.8919
1.40304e+08		-3.01466		0.2		0.224774		93.2233
1.45406e+08		-3.01466		0.2		0.324213		93.5549
1.50508e+08		-3.01466		0.2		0.185628		93.8864
1.5561e+08		-3.01466		0.2		0.258207		94.2183
1.60712e+08		-3.01466		0.2		0.16901		94.5496
1.65813e+08		-3.01466		0.2		0.255317		94.8812
1.70915e+08		-3.01466		0.2		0.188098		95.2127
1.76017e+08		-3.01466		0.2		0.229203		95.5457
1.81119e+08		-3.01466		0.2		0.233083		95.8781
1.86221e+08		-3.01466		0.2		0.176654		96.2105
1.91323e+08		-3.01466		0.2		0.274402		96.5429
1.96425e+08		-3.01466		0.2		0.233234		96.8755
2.01527e+08		-3.01466		0.2		0.231536		97.2081
2.06629e+08		-3.01466		0.2		0.232886		97.5407
2.11731e+08		-3.01466		0.2		0.227534		97.8736
2.16833e+08		-3.01466		0.2		0.236378		98.2065
2.21935e+08		-3.01466		0.2		0.18045		98.5385
2.27037e+08		-3.01466		0.2		0.20375		98.8717
2.32139e+08		-3.01466		0.2		0.199052		99.2218
2.37241e+08		-3.01466		0.2		0.191881		99.5536
2.42343e+08		-3.01466		0.2		0.174692		99.8861
2.47445e+08		-3.01466		0.2		0.189089		100.217
2.52547e+08		-3.01466		0.2		0.165346		100.549

-2.52547e+08		-2.95119		0.2		0.143979		100.88
-2.47445e+08		-2.95119		0.2		0.167925		101.212
-2.42343e+08		-2.95119		0.2		0.153074		101.542
-2.37241e+08		-2.95119		0.2		0.179372		101.873
-2.32139e+08		-2.95119		0.2		0.178513		102.206
-2.27037e+08		-2.95119		0.2		0.188396		102.537
-2.21935e+08		-2.95119		0.2		0.165146		102.868
-2.16833e+08		-2.95119		0.2		0.224546		103.2
-2.11731e+08		-2.95119		0.2		0.219742		103.532
-2.06629e+08		-2.95119		0.2		0.21317		103.864
-2.01527e+08		-2.95119		0.2		0.223617		104.195
-1.96425e+08		-2.95119		0.2		0.2285		104.528
-1.91323e+08		-2.95119		0.2		0.269716		104.86
-1.86221e+08		-2.95119		0.2		0.171549		105.192
-1.81119e+08		-2.95119		0.2		0.22925		105.525
-1.76017e+08		-2.95119		0.2		0.227922		105.857
-1.70915e+08		-2.95119		0.2		0.181831		106.192
-1.65813e+08		-2.95119		0.2		0.252873		106.524
-1.60712e+08		-2.95119		0.2		0.16219		106.857
-1.5561e+08		-2.95119		0.2		0.255704		107.191
-1.50508e+08		-2.95119		0.2		0.17895		107.524
-1.45406e+08		-2.95119		0.2		0.318397		107.875
-1.40304e+08		-2.95119		0.2		0.215825		108.207
-1.35202e+08		-2.95119		0.2		0.364137		108.553
-1.301e+08		-2.95119		0.2		0.325233		108.886
-1.24998e+08		-2.95119		0.2		0.195319		109.218
-1.19896e+08		-2.95119		0.2		0.297332		109.551
-1.14794e+08		-2.95119		0.2		0.206744		109.881
-1.09692e+08		-2.95119		0.2		0.320557		110.214
-1.0459e+08		-2.95119		0.2		0.300107		110.546
-9.94881e+07		-2.95119		0.2		0.20894		110.878
-9.43861e+07		-2.95119		0.2		0.205308		111.211
-8.92842e+07		-2.95119		0.2		0.281273		111.543
-8.41822e+07		-2.95119		0.2		0.191215		111.875
-7.90803e+07		-2.95119		0.2		0.203816		112.207
-7.39783e+07		-2.95119		0.2		0.285787		112.539
-6.88764e+07		-2.95119		0.2		0.193515		112.871
-6.37744e+07		-2.95119		0.2		0.23422		113.203
-5.86725e+07		-2.95119		0.2		0.342919		113.535
-5.35705e+07		-2.95119		0.2		0.441988		113.881
-4.84686e+07		-2.95119		0.2		0.229599		114.215
-4.33666e+07		-2.95119		0.2		0.479062		114.561
-3.82646e+07		-2.95119		0.2		0.483236		114.906
-3.31627e+07		-2.95119		0.2		0.210269		115.24
-2.80607e+07		-2.95119		0.2		0.382467		115.585
-2.29588e+07		-2.95119		0.2		0.268837		115.918
-1.78568e+07		-2.95119		0.2		0.350505		116.251
-1.27549e+07		-2.95119		0.2		0.256476		116.583
-7.65293e+06		-2.95119		0.2		0.473459		116.947
-2.55098e+06		-2.95119		0.2		0.197589		117.279
2.55098e+06		-2.95119		0.2		0.197589		117.611
7.65293e+06		-2.95119		0.2		0.473459		117.956
1.27549e+07		-2.95119		0.2		0.256476		118.288
1.78568e+07		-2.95119		0.2		0.350505		118.633
2.29588e+07		-2.95119		0.2		0.268837		118.967
2.80607e+07		-2.95119		0.2		0.382467		119.313
3.31627e+07		-2.95119		0.2		0.210269		119.646
3.82646e+07		-2.95119		0.2		0.483236		119.99
4.33666e+07		-2.95119		0.2		0.479062		120.335
4.84686e+07		-2.95119		0.2		0.229599		120.667
5.35705e+07		-2.95119		0.2		0.441988		121.012
5.86725e+07		-2.95119		0.2		0.342919		121.345
6.37744e+07		-2.95119		0.2		0.23422		121.678
6.88764e+07		-2.95119		0.2		0.193515		122.01
7.39783e+07		-2.95119		0.2		0.285787		122.343
7.90803e+07		-2.95119		0.2		0.203816		122.676
8.41822e+07		-2.95119		0.2		0.191215		123.007
8.92842e+07		-2.95119		0.2		0.281273		123.34
9.43861e+07		-2.95119		0.2		0.205308		123.672
9.94881e+07		-2.95119		0.2		0.20894		124.007
1.0459e+08		-2.95119		0.2		0.300107		124.34
1.09692e+08		-2.95119		0.2		0.320557		124.672
1.14794e+08		-2.95119		0.2		0.206744		125.005
1.19896e+08		-2.95119		0.2		0.297332		125.338
1.24998e+08		-2.95119		0.2		0.195319		125.671
1.301e+08		-2.95119		0.2		0.325233		126.028
1.35202e+08		-2.95119		0.2		0.364137		126.373
1.40304e+08		-2.95119		0.2		0.215825		126.705
1.45406e+08		-2.95119		0.2		0.318397		127.037
1.50508e+08		-2.95119		0.2		0.17895		127.369
1.5561e+08		-2.95119		0.2		0.255704		127.701
1.60712e+08		-2.95119		0.2		0.16219		128.033
1.65813e+08		-2.95119		0.2		0.252873		128.364
1.70915e+08		-2.95119		0.2		0.181831		128.695
1.76017e+08		-2.95119		0.2		0.227922		129.027
1.81119e+08		-2.95119		0.2		0.22925		129.358
1.86221e+08		-2.95119		0.2		0.171549		129.69
1.91323e+08		-2.95119		0.2		0.269716		130.022
1.96425e+08		-2.95119		0.2		0.2285		130.354
2.01527e+08		-2.95119		0.2		0.223617		130.685
2.06629e+08		-2.95119		0.2		0.21317		131.016
2.11731e+08		-2.95119		0.2		0.219742		131.348
2.16833e+08		-2.95119		0.2		0.224546		131.68
2.21935e+08		-2.95119		0.2		0.165146		132.012
2.27037e+08		-2.95119		0.2		0.188396		132.344
2.32139e+08		-2.95119		0.2		0.178513		132.676
2.37241e+08		-2.95119		0.2		0.179372		133.008
2.42343e+08		-2.95119		0.2		0.153074		133.34
2.47445e+08		-2.95119		0.2		0.167925		133.673
2.52547e+08		-2.95119		0.2		0.143979		134.005

-2.52547e+08		-2.88773		0.2		0.123115		134.338
-2.47445e+08		-2.88773		0.2		0.147392		134.688
-2.42343e+08		-2.88773		0.2		0.130739		135.02
-2.37241e+08		-2.88773		0.2		0.165095		135.352
-2.32139e+08		-2.88773		0.2		0.157229		135.684
-2.27037e+08		-2.88773		0.2		0.171736		136.015
-2.21935e+08		-2.88773		0.2		0.147727		136.347
-2.16833e+08		-2.88773		0.2		0.209892		136.679
-2.11731e+08		-2.88773		0.2		0.210002		137.011
-2.06629e+08		-2.88773		0.2		0.191697		137.342
-2.01527e+08		-2.88773		0.2		0.214466		137.673
-1.96425e+08		-2.88773		0.2		0.2224		138.004
-1.91323e+08		-2.88773		0.2		0.261818		138.335
-1.86221e+08		-2.88773		0.2		0.164084		138.666
-1.81119e+08		-2.88773		0.2		0.223798		138.999
-1.76017e+08		-2.88773		0.2		0.224162		139.331
-1.70915e+08		-2.88773		0.2		0.173983		139.661
-1.65813e+08		-2.88773		0.2		0.247631		139.993
-1.60712e+08		-2.88773		0.2		0.153538		140.324
-1.5561e+08		-2.88773		0.2		0.250488		140.656
-1.50508e+08		-2.88773		0.2		0.170717		140.989
-1.45406e+08		-2.88773		0.2		0.309304		141.322
-1.40304e+08		-2.88773		0.2		0.205038		141.654
-1.35202e+08		-2.88773		0.2		0.349274		141.987
-1.301e+08		-2.88773		0.2		0.30579		142.319
-1.24998e+08		-2.88773		0.2		0.184439		142.653
-1.19896e+08		-2.88773		0.2		0.288201		142.987
-1.14794e+08		-2.88773		0.2		0.20178		143.321
-1.09692e+08		-2.88773		0.2		0.304611		143.672
-1.0459e+08		-2.88773		0.2		0.289411		144.004
-9.94881e+07		-2.88773		0.2		0.198486		144.338
-9.43861e+07		-2.88773		0.2		0.199773		144.67
-8.92842e+07		-2.88773		0.2		0.274064		145.003
-8.41822e+07		-2.88773		0.2		0.18327		145.336
-7.90803e+07		-2.88773		0.2		0.197921		145.668
-7.39783e+07		-2.88773		0.2		0.275419		146.001
-6.88764e+07		-2.88773		0.2		0.187383		146.333
-6.37744e+07		-2.88773		0.2		0.227307		146.665
-5.86725e+07		-2.88773		0.2		0.33184		146.997
-5.35705e+07		-2.88773		0.2		0.423909		147.341
-4.84686e+07		-2.88773		0.2		0.222544		147.672
-4.33666e+07		-2.88773		0.2		0.453323		148.017
-3.82646e+07		-2.88773		0.2		0.457404		148.36
-3.31627e+07		-2.88773		0.2		0.202768		148.692
-2.80607e+07		-2.88773		0.2		0.369724		149.024
-2.29588e+07		-2.88773		0.2		0.260253		149.356
-1.78568e+07		-2.88773		0.2		0.339838		149.689
-1.27549e+07		-2.88773		0.2		0.248368		150.021
-7.65293e+06		-2.88773		0.2		0.452768		150.367
-2.55098e+06		-2.88773		0.2		0.190369		150.697
2.55098e+06		-2.88773		0.2		0.190369		151.026
7.65293e+06		-2.88773		0.2		0.452768		151.369
1.27549e+07		-2.88773		0.2		0.248368		151.701
1.78568e+07		-2.88773		0.2		0.339838		152.034
2.29588e+07		-2.88773		0.2		0.260253		152.384
2.80607e+07		-2.88773		0.2		0.369724		152.728
3.31627e+07		-2.88773		0.2		0.202768		153.06
3.82646e+07		-2.88773		0.2		0.457404		153.404
4.33666e+07		-2.88773		0.2		0.453323		153.748
4.84686e+07		-2.88773		0.2		0.222544		154.08
5.35705e+07		-2.88773		0.2		0.423909		154.423
5.86725e+07		-2.88773		0.2		0.33184		154.753
6.37744e+07		-2.88773		0.2		0.227307		155.085
6.88764e+07		-2.88773		0.2		0.187383		155.416
7.39783e+07		-2.88773		0.2		0.275419		155.747
7.90803e+07		-2.88773		0.2		0.197921		156.078
8.41822e+07		-2.88773		0.2		0.18327		156.41
8.92842e+07		-2.88773		0.2		0.274064		156.742
9.43861e+07		-2.88773		0.2		0.199773		157.073
9.94881e+07		-2.88773		0.2		0.198486		157.406
1.0459e+08		-2.88773		0.2		0.289411		157.737
1.09692e+08		-2.88773		0.2		0.304611		158.07
1.14794e+08		-2.88773		0.2		0.20178		158.401
1.19896e+08		-2.88773		0.2		0.288201		158.734
1.24998e+08		-2.88773		0.2		0.184439		159.067
1.301e+08		-2.88773		0.2		0.30579		159.399
1.35202e+08		-2.88773		0.2		0.349274		159.745
1.40304e+08		-2.88773		0.2		0.205038		160.077
1.45406e+08		-2.88773		0.2		0.309304		160.409
1.50508e+08		-2.88773		0.2		0.170717		160.741
1.5561e+08		-2.88773		0.2		0.250488		161.074
1.60712e+08		-2.88773		0.2		0.153538		161.425
1.65813e+08		-2.88773		0.2		0.247631		161.757
1.70915e+08		-2.88773		0.2		0.173983		162.088
1.76017e+08		-2.88773		0.2		0.224162		162.42
1.81119e+08		-2.88773		0.2		0.223798		162.752
1.86221e+08		-2.88773		0.2		0.164084		163.085
1.91323e+08		-2.88773		0.2		0.261818		163.417
1.96425e+08		-2.88773		0.2		0.2224		163.749
2.01527e+08		-2.88773		0.2		0.214466		164.078
2.06629e+08		-2.88773		0.2		0.191697		164.41
2.11731e+08		-2.88773		0.2		0.210002		164.741
2.16833e+08		-2.88773		0.2		0.209892		165.073
2.21935e+08		-2.88773		0.2		0.147727		165.404
2.27037e+08		-2.88773		0.2		0.171736		165.736
2.32139e+08		-2.88773		0.2		0.157229		166.068
2.37241e+08		-2.88773		0.2		0.165095		166.4
2.42343e+08		-2.88773		0.2		0.130739		166.733
2.47445e+08		-2.88773		0.2		0.147392		167.065
2.52547e+08		-2.88773		0.2		0.123115		167.398

-2.52547e+08		-2.82426		0.2		0.103101		167.73
-2.47445e+08		-2.82426		0.2		0.127864		168.063
-2.42343e+08		-2.82426		0.2		0.107988		168.394
-2.37241e+08		-2.82426		0.2		0.150409		168.727
-2.32139e+08		-2.82426		0.2		0.13569		169.058
-2.27037e+08		-2.82426		0.2		0.154656		169.391
-2.21935e+08		-2.82426		0.2		0.128982		169.724
-2.16833e+08		-2.82426		0.2		0.194051		170.056
-2.11731e+08		-2.82426		0.2		0.199245		170.406
-2.06629e+08		-2.82426		0.2		0.169174		170.738
-2.01527e+08		-2.82426		0.2		0.204717		171.069
-1.96425e+08		-2.82426		0.2		0.215511		171.402
-1.91323e+08		-2.82426		0.2		0.25187		171.733
-1.86221e+08		-2.82426		0.2		0.154919		172.065
-1.81119e+08		-2.82426		0.2		0.217243		172.396
-1.76017e+08		-2.82426		0.2		0.218522		172.728
-1.70915e+08		-2.82426		0.2		0.165028		173.061
-1.65813e+08		-2.82426		0.2		0.240238		173.392
-1.60712e+08		-2.82426		0.2		0.143472		173.725
-1.5561e+08		-2.82426		0.2		0.243132		174.057
-1.50508e+08		-2.82426		0.2		0.161302		174.389
-1.45406e+08		-2.82426		0.2		0.297845		174.72
-1.40304e+08		-2.82426		0.2		0.19276		175.052
-1.35202e+08		-2.82426		0.2		0.332856		175.384
-1.301e+08		-2.82426		0.2		0.284698		175.716
-1.24998e+08		-2.82426		0.2		0.171969		176.048
-1.19896e+08		-2.82426		0.2		0.277047		176.381
-1.14794e+08		-2.82426		0.2		0.195761		176.713
-1.09692e+08		-2.82426		0.2		0.286631		177.046
-1.0459e+08		-2.82426		0.2		0.276717		177.379
-9.94881e+07		-2.82426		0.2		0.186201		177.711
-9.43861e+07		-2.82426		0.2		0.193063		178.042
-8.92842e+07		-2.82426		0.2		0.264706		178.376
-8.41822e+07		-2.82426		0.2		0.173396		178.708
-7.90803e+07		-2.82426		0.2		0.190322		179.058
-7.39783e+07		-2.82426		0.2		0.262883		179.39
-6.88764e+07		-2.82426		0.2		0.179759		179.722
-6.37744e+07		-2.82426		0.2		0.218482		180.055
-5.86725e+07		-2.82426		0.2		0.318481		180.386
-5.35705e+07		-2.82426		0.2		0.403791		180.731
-4.84686e+07		-2.82426		0.2		0.213612		181.063
-4.33666e+07		-2.82426		0.2		0.427585		181.407
-3.82646e+07		-2.82426		0.2		0.431589		181.752
-3.31627e+07		-2.82426		0.2		0.193427		182.085
-2.80607e+07		-2.82426		0.2		0.354544		182.417
-2.29588e+07		-2.82426		0.2		0.249619		182.749
-1.78568e+07		-2.82426		0.2		0.32682		183.081
-1.27549e+07		-2.82426		0.2		0.23825		183.413
-7.65293e+06		-2.82426		0.2		0.43043		183.758
-2.55098e+06		-2.82426		0.2		0.181299		184.093
2.55098e+06		-2.82426		0.2		0.181299		184.426
7.65293e+06		-2.82426		0.2		0.43043		184.77
1.27549e+07		-2.82426		0.2		0.23825		185.102
1.78568e+07		-2.82426		0.2		0.32682		185.434
2.29588e+07		-2.82426		0.2		0.249619		185.766
2.80607e+07		-2.82426		0.2		0.354544		186.098
3.31627e+07		-2.82426		0.2		0.193427		186.43
3.82646e+07		-2.82426		0.2		0.431589		186.774
4.33666e+07		-2.82426		0.2		0.427585		187.119
4.84686e+07		-2.82426		0.2		0.213612		187.451
5.35705e+07		-2.82426		0.2		0.403791		187.796
5.86725e+07		-2.82426		0.2		0.318481		188.159
6.37744e+07		-2.82426		0.2		0.218482		188.49
6.88764e+07		-2.82426		0.2		0.179759		188.822
7.39783e+07		-2.82426		0.2		0.262883		189.154
7.90803e+07		-2.82426		0.2		0.190322		189.485
8.41822e+07		-2.82426		0.2		0.173396		189.817
8.92842e+07		-2.82426		0.2		0.264706		190.147
9.43861e+07		-2.82426		0.2		0.193063		190.479
9.94881e+07		-2.82426		0.2		0.186201		190.811
1.0459e+08		-2.82426		0.2		0.276717		191.143
1.09692e+08		-2.82426		0.2		0.286631		191.474
1.14794e+08		-2.82426		0.2		0.195761		191.806
1.19896e+08		-2.82426		0.2		0.277047		192.142
1.24998e+08		-2.82426		0.2		0.171969		192.473
1.301e+08		-2.82426		0.2		0.284698		192.806
1.35202e+08		-2.82426		0.2		0.332856		193.138
1.40304e+08		-2.82426		0.2		0.19276		193.472
1.45406e+08		-2.82426		0.2		0.297845		193.803
1.50508e+08		-2.82426		0.2		0.161302		194.135
1.5561e+08		-2.82426		0.2		0.243132		194.467
1.60712e+08		-2.82426		0.2		0.143472		194.799
1.65813e+08		-2.82426		0.2		0.240238		195.132
1.70915e+08		-2.82426		0.2		0.165028		195.463
1.76017e+08		-2.82426		0.2		0.218522		195.795
1.81119e+08		-2.82426		0.2		0.217243		196.133
1.86221e+08		-2.82426		0.2		0.154919		196.465
1.91323e+08		-2.82426		0.2		0.25187		196.815
1.96425e+08		-2.82426		0.2		0.215511		197.146
2.01527e+08		-2.82426		0.2		0.204717		197.479
2.06629e+08		-2.82426		0.2		0.169174		197.811
2.11731e+08		-2.82426		0.2		0.199245		198.147
2.16833e+08		-2.82426		0.2		0.194051		198.478
2.21935e+08		-2.82426		0.2		0.128982		198.81
2.27037e+08		-2.82426		0.2		0.154656		199.141
2.32139e+08		-2.82426		0.2		0.13569		199.473
2.37241e+08		-2.82426		0.2		0.150409		199.804
2.42343e+08		-2.82426		0.2		0.107988		200.135
2.47445e+08		-2.82426		0.2		0.127864		200.466
2.52547e+08		-2.82426		0.2		0.103101		200.798

-2.52547e+08		-2.76079		0.2		0.0845544		201.131
-2.47445e+08		-2.76079		0.2		0.109907		201.463
-2.42343e+08		-2.76079		0.2		0.0849876		201.795
-2.37241e+08		-2.76079		0.2		0.13641		202.132
-2.32139e+08		-2.76079		0.2		0.114313		202.464
-2.27037e+08		-2.76079		0.2		0.137945		202.797
-2.21935e+08		-2.76079		0.2		0.10956		203.129
-2.16833e+08		-2.76079		0.2		0.178145		203.461
-2.11731e+08		-2.76079		0.2		0.188345		203.794
-2.06629e+08		-2.76079		0.2		0.146001		204.127
-2.01527e+08		-2.76079		0.2		0.195016		204.46
-1.96425e+08		-2.76079		0.2		0.208443		204.793
-1.91323e+08		-2.76079		0.2		0.240932		205.126
-1.86221e+08		-2.76079		0.2		0.144792		205.459
-1.81119e+08		-2.76079		0.2		0.210153		205.809
-1.76017e+08		-2.76079		0.2		0.211685		206.142
-1.70915e+08		-2.76079		0.2		0.155525		206.474
-1.65813e+08		-2.76079		0.2		0.231404		206.806
-1.60712e+08		-2.76079		0.2		0.132494		207.138
-1.5561e+08		-2.76079		0.2		0.234275		207.47
-1.50508e+08		-2.76079		0.2		0.151159		207.803
-1.45406e+08		-2.76079		0.2		0.284876		208.136
-1.40304e+08		-2.76079		0.2		0.179374		208.468
-1.35202e+08		-2.76079		0.2		0.315651		208.8
-1.301e+08		-2.76079		0.2		0.262556		209.132
-1.24998e+08		-2.76079		0.2		0.158193		209.464
-1.19896e+08		-2.76079		0.2		0.2644		209.797
-1.14794e+08		-2.76079		0.2		0.189016		210.13
-1.09692e+08		-2.76079		0.2		0.267155		210.461
-1.0459e+08		-2.76079		0.2		0.262484		210.793
-9.94881e+07		-2.76079		0.2		0.17231		211.125
-9.43861e+07		-2.76079		0.2		0.185464		211.458
-8.92842e+07		-2.76079		0.2		0.253579		211.79
-8.41822e+07		-2.76079		0.2		0.161815		212.124
-7.90803e+07		-2.76079		0.2		0.181279		212.457
-7.39783e+07		-2.76079		0.2		0.248504		212.79
-6.88764e+07		-2.76079		0.2		0.170875		213.123
-6.37744e+07		-2.76079		0.2		0.207987		213.455
-5.86725e+07		-2.76079		0.2		0.303275		213.789
-5.35705e+07		-2.76079		0.2		0.382426		214.136
-4.84686e+07		-2.76079		0.2		0.203012		214.468
-4.33666e+07		-2.76079		0.2		0.401899		214.831
-3.82646e+07		-2.76079		0.2		0.405832		215.176
-3.31627e+07		-2.76079		0.2		0.182407		215.508
-2.80607e+07		-2.76079		0.2		0.337435		215.842
-2.29588e+07		-2.76079		0.2		0.237149		216.174
-1.78568e+07		-2.76079		0.2		0.311832		216.506
-1.27549e+07		-2.76079		0.2		0.22632		216.837
-7.65293e+06		-2.76079		0.2		0.407136		217.182
-2.55098e+06		-2.76079		0.2		0.170516		217.515
2.55098e+06		-2.76079		0.2		0.170516		217.847
7.65293e+06		-2.76079		0.2		0.407136		218.194
1.27549e+07		-2.76079		0.2		0.22632		218.526
1.78568e+07		-2.76079		0.2		0.311832		218.858
2.29588e+07		-2.76079		0.2		0.237149		219.19
2.80607e+07		-2.76079		0.2		0.337435		219.522
3.31627e+07		-2.76079		0.2		0.182407		219.854
3.82646e+07		-2.76079		0.2		0.405832		220.203
4.33666e+07		-2.76079		0.2		0.401899		220.548
4.84686e+07		-2.76079		0.2		0.203012		220.88
5.35705e+07		-2.76079		0.2		0.382426		221.225
5.86725e+07		-2.76079		0.2		0.303275		221.559
6.37744e+07		-2.76079		0.2		0.207987		221.892
6.88764e+07		-2.76079		0.2		0.170875		222.231
7.39783e+07		-2.76079		0.2		0.248504		222.562
7.90803e+07		-2.76079		0.2		0.181279		222.895
8.41822e+07		-2.76079		0.2		0.161815		223.227
8.92842e+07		-2.76079		0.2		0.253579		223.577
9.43861e+07		-2.76079		0.2		0.185464		223.908
9.94881e+07		-2.76079		0.2		0.17231		224.242
1.0459e+08		-2.76079		0.2		0.262484		224.573
1.09692e+08		-2.76079		0.2		0.267155		224.904
1.14794e+08		-2.76079		0.2		0.189016		225.236
1.19896e+08		-2.76079		0.2		0.2644		225.568
1.24998e+08		-2.76079		0.2		0.158193		225.899
1.301e+08		-2.76079		0.2		0.262556		226.235
1.35202e+08		-2.76079		0.2		0.315651		226.567
1.40304e+08		-2.76079		0.2		0.179374		226.899
1.45406e+08		-2.76079		0.2		0.284876		227.23
1.50508e+08		-2.76079		0.2		0.151159		227.562
1.5561e+08		-2.76079		0.2		0.234275		227.894
1.60712e+08		-2.76079		0.2		0.132494		228.226
1.65813e+08		-2.76079		0.2		0.231404		228.558
1.70915e+08		-2.76079		0.2		0.155525		228.889
1.76017e+08		-2.76079		0.2		0.211685		229.221
1.81119e+08		-2.76079		0.2		0.210153		229.552
1.86221e+08		-2.76079		0.2		0.144792		229.885
1.91323e+08		-2.76079		0.2		0.240932		230.221
1.96425e+08		-2.76079		0.2		0.208443		230.552
2.01527e+08		-2.76079		0.2		0.195016		230.884
2.06629e+08		-2.76079		0.2		0.146001		231.216
2.11731e+08		-2.76079		0.2		0.188345		231.547
2.16833e+08		-2.76079		0.2		0.178145		231.879
2.21935e+08		-2.76079		0.2		0.10956		232.213
2.27037e+08		-2.76079		0.2		0.137945		232.562
2.32139e+08		-2.76079		0.2		0.114313		232.894
2.37241e+08		-2.76079		0.2		0.13641		233.226
2.42343e+08		-2.76079		0.2		0.0849876		233.557
2.47445e+08		-2.76079		0.2		0.109907		233.888
2.52547e+08		-2.76079		0.2		0.0845544		234.22

-2.52547e+08		-2.69733		0.2		0.068667		234.552
-2.47445e+08		-2.69733		0.2		0.0944256		234.883
-2.42343e+08		-2.69733		0.2		0.0618415		235.215
-2.37241e+08		-2.69733		0.2		0.12413		235.547
-2.32139e+08		-2.69733		0.2		0.0936103		235.879
-2.27037e+08		-2.69733		0.2		0.122434		236.212
-2.21935e+08		-2.69733		0.2		0.0901176		236.543
-2.16833e+08		-2.69733		0.2		0.163054		236.875
-2.11731e+08		-2.69733		0.2		0.178106		237.207
-2.06629e+08		-2.69733		0.2		0.122421		237.539
-2.01527e+08		-2.69733		0.2		0.186009		237.872
-1.96425e+08		-2.69733		0.2		0.201809		238.204
-1.91323e+08		-2.69733		0.2		0.229887		238.537
-1.86221e+08		-2.69733		0.2		0.13451		238.869
-1.81119e+08		-2.69733		0.2		0.203118		239.201
-1.76017e+08		-2.69733		0.2		0.204348		239.534
-1.70915e+08		-2.69733		0.2		0.146109		239.866
-1.65813e+08		-2.69733		0.2		0.221833		240.198
-1.60712e+08		-2.69733		0.2		0.121213		240.528
-1.5561e+08		-2.69733		0.2		0.224566		240.861
-1.50508e+08		-2.69733		0.2		0.140822		241.212
-1.45406e+08		-2.69733		0.2		0.27113		241.544
-1.40304e+08		-2.69733		0.2		0.165295		241.875
-1.35202e+08		-2.69733		0.2		0.298228		242.207
-1.301e+08		-2.69733		0.2		0.239749		242.539
-1.24998e+08		-2.69733		0.2		0.143426		242.872
-1.19896e+08		-2.69733		0.2		0.250769		243.204
-1.14794e+08		-2.69733		0.2		0.18193		243.536
-1.09692e+08		-2.69733		0.2		0.246594		243.869
-1.0459e+08		-2.69733		0.2		0.247148		244.203
-9.94881e+07		-2.69733		0.2		0.157044		244.536
-9.43861e+07		-2.69733		0.2		0.177318		244.868
-8.92842e+07		-2.69733		0.2		0.241078		245.201
-8.41822e+07		-2.69733		0.2		0.148771		245.533
-7.90803e+07		-2.69733		0.2		0.171093		245.866
-7.39783e+07		-2.69733		0.2		0.232595		246.197
-6.88764e+07		-2.69733		0.2		0.161013		246.529
-6.37744e+07		-2.69733		0.2		0.19609		246.862
-5.86725e+07		-2.69733		0.2		0.286619		247.195
-5.35705e+07		-2.69733		0.2		0.360314		247.527
-4.84686e+07		-2.69733		0.2		0.190974		247.86
-4.33666e+07		-2.69733		0.2		0.376294		248.206
-3.82646e+07		-2.69733		0.2		0.380159		248.551
-3.31627e+07		-2.69733		0.2		0.169888		248.883
-2.80607e+07		-2.69733		0.2		0.318827		249.216
-2.29588e+07		-2.69733		0.2		0.223064		249.548
-1.78568e+07		-2.69733		0.2		0.29523		249.88
-1.27549e+07		-2.69733		0.2		0.21278		250.237
-7.65293e+06		-2.69733		0.2		0.383282		250.581
-2.55098e+06		-2.69733		0.2		0.158172		250.913
2.55098e+06		-2.69733		0.2		0.158172		251.244
7.65293e+06		-2.69733		0.2		0.383282		251.588
1.27549e+07		-2.69733		0.2		0.21278		251.92
1.78568e+07		-2.69733		0.2		0.29523		252.252
2.29588e+07		-2.69733		0.2		0.223064		252.583
2.80607e+07		-2.69733		0.2		0.318827		252.915
3.31627e+07		-2.69733		0.2		0.169888		253.247
3.82646e+07		-2.69733		0.2		0.380159		253.592
4.33666e+07		-2.69733		0.2		0.376294		253.924
4.84686e+07		-2.69733		0.2		0.190974		254.256
5.35705e+07		-2.69733		0.2		0.360314		254.588
5.86725e+07		-2.69733		0.2		0.286619		254.92
6.37744e+07		-2.69733		0.2		0.19609		255.252
6.88764e+07		-2.69733		0.2		0.161013		255.584
7.39783e+07		-2.69733		0.2		0.232595		255.915
7.90803e+07		-2.69733		0.2		0.171093		256.247
8.41822e+07		-2.69733		0.2		0.148771		256.58
8.92842e+07		-2.69733		0.2		0.241078		256.913
9.43861e+07		-2.69733		0.2		0.177318		257.244
9.94881e+07		-2.69733		0.2		0.157044		257.577
1.0459e+08		-2.69733		0.2		0.247148		257.908
1.09692e+08		-2.69733		0.2		0.246594		258.241
1.14794e+08		-2.69733		0.2		0.18193		258.573
1.19896e+08		-2.69733		0.2		0.250769		258.906
1.24998e+08		-2.69733		0.2		0.143426		259.256
1.301e+08		-2.69733		0.2		0.239749		259.589
1.35202e+08		-2.69733		0.2		0.298228		259.921
1.40304e+08		-2.69733		0.2		0.165295		260.253
1.45406e+08		-2.69733		0.2		0.27113		260.586
1.50508e+08		-2.69733		0.2		0.140822		260.918
1.5561e+08		-2.69733		0.2		0.224566		261.25
1.60712e+08		-2.69733		0.2		0.121213		261.582
1.65813e+08		-2.69733		0.2		0.221833		261.914
1.70915e+08		-2.69733		0.2		0.146109		262.245
1.76017e+08		-2.69733		0.2		0.204348		262.577
1.81119e+08		-2.69733		0.2		0.203118		262.908
1.86221e+08		-2.69733		0.2		0.13451		263.24
1.91323e+08		-2.69733		0.2		0.229887		263.571
1.96425e+08		-2.69733		0.2		0.201809		263.902
2.01527e+08		-2.69733		0.2		0.186009		264.233
2.06629e+08		-2.69733		0.2		0.122421		264.564
2.11731e+08		-2.69733		0.2		0.178106		264.896
2.16833e+08		-2.69733		0.2		0.163054		265.229
2.21935e+08		-2.69733		0.2		0.0901176		265.56
2.27037e+08		-2.69733		0.2		0.122434		265.891
2.32139e+08		-2.69733		0.2		0.0936103		266.223
2.37241e+08		-2.69733		0.2		0.12413		266.555
2.42343e+08		-2.69733		0.2		0.0618415		266.886
2.47445e+08		-2.69733		0.2		0.0944256		267.216
2.52547e+08		-2.69733		0.2		0.068667		267.547

-2.52547e+08		-2.63386		0.2		0.057648		267.897
-2.47445e+08		-2.63386		0.2		0.0828055		268.229
-2.42343e+08		-2.63386		0.2		0.0386289		268.56
-2.37241e+08		-2.63386		0.2		0.114646		268.892
-2.32139e+08		-2.63386		0.2		0.0744454		269.223
-2.27037e+08		-2.63386		0.2		0.10913		269.555
-2.21935e+08		-2.63386		0.2		0.0715636		269.887
-2.16833e+08		-2.63386		0.2		0.14959		270.219
-2.11731e+08		-2.63386		0.2		0.16928		270.55
-2.06629e+08		-2.63386		0.2		0.0985941		270.882
-2.01527e+08		-2.63386		0.2		0.178329		271.214
-1.96425e+08		-2.63386		0.2		0.196195		271.546
-1.91323e+08		-2.63386		0.2		0.219479		271.878
-1.86221e+08		-2.63386		0.2		0.124964		272.21
-1.81119e+08		-2.63386		0.2		0.19672		272.542
-1.76017e+08		-2.63386		0.2		0.197195		272.875
-1.70915e+08		-2.63386		0.2		0.137495		273.207
-1.65813e+08		-2.63386		0.2		0.212197		273.539
-1.60712e+08		-2.63386		0.2		0.110381		273.872
-1.5561e+08		-2.63386		0.2		0.214632		274.206
-1.50508e+08		-2.63386		0.2		0.13093		274.54
-1.45406e+08		-2.63386		0.2		0.257227		274.873
-1.40304e+08		-2.63386		0.2		0.150986		275.206
-1.35202e+08		-2.63386		0.2		0.281033		275.539
-1.301e+08		-2.63386		0.2		0.216535		275.873
-1.24998e+08		-2.63386		0.2		0.128031		276.206
-1.19896e+08		-2.63386		0.2		0.236636		276.539
-1.14794e+08		-2.63386		0.2		0.174936		276.889
-1.09692e+08		-2.63386		0.2		0.225263		277.222
-1.0459e+08		-2.63386		0.2		0.231116		277.553
-9.94881e+07		-2.63386		0.2		0.140632		277.885
-9.43861e+07		-2.63386		0.2		0.169019		278.215
-8.92842e+07		-2.63386		0.2		0.2276		278.548
-8.41822e+07		-2.63386		0.2		0.134525		278.88
-7.90803e+07		-2.63386		0.2		0.16011		279.213
-7.39783e+07		-2.63386		0.2		0.215442		279.545
-6.88764e+07		-2.63386		0.2		0.150505		279.877
-6.37744e+07		-2.63386		0.2		0.183077		280.209
-5.86725e+07		-2.63386		0.2		0.268864		280.54
-5.35705e+07		-2.63386		0.2		0.337786		280.873
-4.84686e+07		-2.63386		0.2		0.177747		281.205
-4.33666e+07		-2.63386		0.2		0.350798		281.537
-3.82646e+07		-2.63386		0.2		0.354595		281.869
-3.31627e+07		-2.63386		0.2		0.156056		282.201
-2.80607e+07		-2.63386		0.2		0.299071		282.535
-2.29588e+07		-2.63386		0.2		0.207579		282.867
-1.78568e+07		-2.63386		0.2		0.277327		283.2
-1.27549e+07		-2.63386		0.2		0.197833		283.532
-7.65293e+06		-2.63386		0.2		0.359105		283.865
-2.55098e+06		-2.63386		0.2		0.144418		284.196
2.55098e+06		-2.63386		0.2		0.144418		284.527
7.65293e+06		-2.63386		0.2		0.359105		284.859
1.27549e+07		-2.63386		0.2		0.197833		285.192
1.78568e+07		-2.63386		0.2		0.277327		285.542
2.29588e+07		-2.63386		0.2		0.207579		285.873
2.80607e+07		-2.63386		0.2		0.299071		286.205
3.31627e+07		-2.63386		0.2		0.156056		286.537
3.82646e+07		-2.63386		0.2		0.354595		286.868
4.33666e+07		-2.63386		0.2		0.350798		287.2
4.84686e+07		-2.63386		0.2		0.177747		287.531
5.35705e+07		-2.63386		0.2		0.337786		287.862
5.86725e+07		-2.63386		0.2		0.268864		288.195
6.37744e+07		-2.63386		0.2		0.183077		288.527
6.88764e+07		-2.63386		0.2		0.150505		288.858
7.39783e+07		-2.63386		0.2		0.215442		289.189
7.90803e+07		-2.63386		0.2		0.16011		289.521
8.41822e+07		-2.63386		0.2		0.134525		289.853
8.92842e+07		-2.63386		0.2		0.2276		290.186
9.43861e+07		-2.63386		0.2		0.169019		290.518
9.94881e+07		-2.63386		0.2		0.140632		290.85
1.0459e+08		-2.63386		0.2		0.231116		291.182
1.09692e+08		-2.63386		0.2		0.225263		291.515
1.14794e+08		-2.63386		0.2		0.174936		291.847
1.19896e+08		-2.63386		0.2		0.236636		292.181
1.24998e+08		-2.63386		0.2		0.128031		292.514
1.301e+08		-2.63386		0.2		0.216535		292.847
1.35202e+08		-2.63386		0.2		0.281033		293.181
1.40304e+08		-2.63386		0.2		0.150986		293.514
1.45406e+08		-2.63386		0.2		0.257227		293.847
1.50508e+08		-2.63386		0.2		0.13093		294.18
1.5561e+08		-2.63386		0.2		0.214632		294.532
1.60712e+08		-2.63386		0.2		0.110381		294.865
1.65813e+08		-2.63386		0.2		0.212197		295.197
1.70915e+08		-2.63386		0.2		0.137495		295.53
1.76017e+08		-2.63386		0.2		0.197195		295.863
1.81119e+08		-2.63386		0.2		0.19672		296.195
1.86221e+08		-2.63386		0.2		0.124964		296.527
1.91323e+08		-2.63386		0.2		0.219479		296.86
1.96425e+08		-2.63386		0.2		0.196195		297.193
2.01527e+08		-2.63386		0.2		0.178329		297.526
2.06629e+08		-2.63386		0.2		0.0985941		297.858
2.11731e+08		-2.63386		0.2		0.16928		298.19
2.16833e+08		-2.63386		0.2		0.14959		298.522
2.21935e+08		-2.63386		0.2		0.0715636		298.853
2.27037e+08		-2.63386		0.2		0.10913		299.185
2.32139e+08		-2.63386		0.2		0.0744454		299.518
2.37241e+08		-2.63386		0.2		0.114646		299.85
2.42343e+08		-2.63386		0.2		0.0386289		300.182
2.47445e+08		-2.63386		0.2		0.0828055		300.516
2.52547e+08		-2.63386		0.2		0.057648		300.849

-2.52547e+08		-2.57039		0.2		0.0544827		301.183
-2.47445e+08		-2.57039		0.2		0.0767859		301.517
-2.42343e+08		-2.57039		0.2		0.0154937		301.849
-2.37241e+08		-2.57039		0.2		0.109025		302.182
-2.32139e+08		-2.57039		0.2		0.058574		302.515
-2.27037e+08		-2.57039		0.2		0.0992765		302.847
-2.21935e+08		-2.57039		0.2		0.0556071		303.179
-2.16833e+08		-2.57039		0.2		0.13859		303.528
-2.11731e+08		-2.57039		0.2		0.162566		303.86
-2.06629e+08		-2.57039		0.2		0.0746412		304.195
-2.01527e+08		-2.57039		0.2		0.172573		304.528
-1.96425e+08		-2.57039		0.2		0.192136		304.86
-1.91323e+08		-2.57039		0.2		0.210338		305.192
-1.86221e+08		-2.57039		0.2		0.11713		305.524
-1.81119e+08		-2.57039		0.2		0.191517		305.856
-1.76017e+08		-2.57039		0.2		0.190874		306.188
-1.70915e+08		-2.57039		0.2		0.130464		306.521
-1.65813e+08		-2.57039		0.2		0.203125		306.853
-1.60712e+08		-2.57039		0.2		0.100943		307.185
-1.5561e+08		-2.57039		0.2		0.205076		307.517
-1.50508e+08		-2.57039		0.2		0.122233		307.85
-1.45406e+08		-2.57039		0.2		0.243702		308.183
-1.40304e+08		-2.57039		0.2		0.13699		308.515
-1.35202e+08		-2.57039		0.2		0.26445		308.848
-1.301e+08		-2.57039		0.2		0.193104		309.181
-1.24998e+08		-2.57039		0.2		0.112453		309.514
-1.19896e+08		-2.57039		0.2		0.22246		309.847
-1.14794e+08		-2.57039		0.2		0.168512		310.181
-1.09692e+08		-2.57039		0.2		0.203406		310.514
-1.0459e+08		-2.57039		0.2		0.214777		310.846
-9.94881e+07		-2.57039		0.2		0.12331		311.177
-9.43861e+07		-2.57039		0.2		0.161019		311.511
-8.92842e+07		-2.57039		0.2		0.21354		311.843
-8.41822e+07		-2.57039		0.2		0.119368		312.199
-7.90803e+07		-2.57039		0.2		0.148731		312.53
-7.39783e+07		-2.57039		0.2		0.197306		312.862
-6.88764e+07		-2.57039		0.2		0.139753		313.194
-6.37744e+07		-2.57039		0.2		0.169257		313.525
-5.86725e+07		-2.57039		0.2		0.250315		313.857
-5.35705e+07		-2.57039		0.2		0.315074		314.189
-4.84686e+07		-2.57039		0.2		0.163598		314.521
-4.33666e+07		-2.57039		0.2		0.325434		314.852
-3.82646e+07		-2.57039		0.2		0.329161		315.184
-3.31627e+07		-2.57039		0.2		0.141109		315.514
-2.80607e+07		-2.57039		0.2		0.278446		315.846
-2.29588e+07		-2.57039		0.2		0.190893		316.178
-1.78568e+07		-2.57039		0.2		0.25839		316.51
-1.27549e+07		-2.57039		0.2		0.181674		316.841
-7.65293e+06		-2.57039		0.2		0.334759		317.173
-2.55098e+06		-2.57039		0.2		0.129408		317.505
2.55098e+06		-2.57039		0.2		0.129408		317.837
7.65293e+06		-2.57039		0.2		0.334759		318.169
1.27549e+07		-2.57039		0.2		0.181674		318.501
1.78568e+07		-2.57039		0.2		0.25839		318.833
2.29588e+07		-2.57039		0.2		0.190893		319.164
2.80607e+07		-2.57039		0.2		0.278446		319.496
3.31627e+07		-2.57039		0.2		0.141109		319.828
3.82646e+07		-2.57039		0.2		0.329161		320.16
4.33666e+07		-2.57039		0.2		0.325434		320.492
4.84686e+07		-2.57039		0.2		0.163598		320.823
5.35705e+07		-2.57039		0.2		0.315074		321.173
5.86725e+07		-2.57039		0.2		0.250315		321.505
6.37744e+07		-2.57039		0.2		0.169257		321.838
6.88764e+07		-2.57039		0.2		0.139753		322.17
7.39783e+07		-2.57039		0.2		0.197306		322.502
7.90803e+07		-2.57039		0.2		0.148731		322.834
8.41822e+07		-2.57039		0.2		0.119368		323.166
8.92842e+07		-2.57039		0.2		0.21354		323.499
9.43861e+07		-2.57039		0.2		0.161019		323.831
9.94881e+07		-2.57039		0.2		0.12331		324.163
1.0459e+08		-2.57039		0.2		0.214777		324.495
1.09692e+08		-2.57039		0.2		0.203406		324.827
1.14794e+08		-2.57039		0.2		0.168512		325.159
1.19896e+08		-2.57039		0.2		0.22246		325.491
1.24998e+08		-2.57039		0.2		0.112453		325.824
1.301e+08		-2.57039		0.2		0.193104		326.158
1.35202e+08		-2.57039		0.2		0.26445		326.491
1.40304e+08		-2.57039		0.2		0.13699		326.824
1.45406e+08		-2.57039		0.2		0.243702		327.157
1.50508e+08		-2.57039		0.2		0.122233		327.491
1.5561e+08		-2.57039		0.2		0.205076		327.824
1.60712e+08		-2.57039		0.2		0.100943		328.158
1.65813e+08		-2.57039		0.2		0.203125		328.491
1.70915e+08		-2.57039		0.2		0.130464		328.823
1.76017e+08		-2.57039		0.2		0.190874		329.157
1.81119e+08		-2.57039		0.2		0.191517		329.49
1.86221e+08		-2.57039		0.2		0.11713		329.841
1.91323e+08		-2.57039		0.2		0.210338		330.175
1.96425e+08		-2.57039		0.2		0.192136		330.507
2.01527e+08		-2.57039		0.2		0.172573		330.84
2.06629e+08		-2.57039		0.2		0.0746412		331.172
2.11731e+08		-2.57039		0.2		0.162566		331.504
2.16833e+08		-2.57039		0.2		0.13859		331.835
2.21935e+08		-2.57039		0.2		0.0556071		332.167
2.27037e+08		-2.57039		0.2		0.0992765		332.499
2.32139e+08		-2.57039		0.2		0.058574		332.831
2.37241e+08		-2.57039		0.2		0.109025		333.162
2.42343e+08		-2.57039		0.2		0.0154937		333.493
2.47445e+08		-2.57039		0.2		0.0767859		333.825
2.52547e+08		-2.57039		0.2		0.0544827		334.157

-2.52547e+08		-2.50693		0.2		0.0603584		334.489
-2.47445e+08		-2.50693		0.2		0.0776331		334.821
-2.42343e+08		-2.50693		0.2		0.00856438		335.153
-2.37241e+08		-2.50693		0.2		0.108074		335.485
-2.32139e+08		-2.50693		0.2		0.0494244		335.817
-2.27037e+08		-2.50693		0.2		0.0941989		336.15
-2.21935e+08		-2.50693		0.2		0.0457405		336.482
-2.16833e+08		-2.50693		0.2		0.130904		336.814
-2.11731e+08		-2.50693		0.2		0.158568		337.147
-2.06629e+08		-2.50693		0.2		0.0506921		337.479
-2.01527e+08		-2.50693		0.2		0.169264		337.812
-1.96425e+08		-2.50693		0.2		0.190087		338.145
-1.91323e+08		-2.50693		0.2		0.203014		338.478
-1.86221e+08		-2.50693		0.2		0.112024		338.829
-1.81119e+08		-2.50693		0.2		0.188013		339.161
-1.76017e+08		-2.50693		0.2		0.185977		339.494
-1.70915e+08		-2.50693		0.2		0.125817		339.826
-1.65813e+08		-2.50693		0.2		0.195208		340.158
-1.60712e+08		-2.50693		0.2		0.0940436		340.49
-1.5561e+08		-2.50693		0.2		0.196474		340.822
-1.50508e+08		-2.50693		0.2		0.115584		341.155
-1.45406e+08		-2.50693		0.2		0.23104		341.487
-1.40304e+08		-2.50693		0.2		0.123974		341.818
-1.35202e+08		-2.50693		0.2		0.248835		342.15
-1.301e+08		-2.50693		0.2		0.169609		342.482
-1.24998e+08		-2.50693		0.2		0.097305		342.814
-1.19896e+08		-2.50693		0.2		0.208697		343.146
-1.14794e+08		-2.50693		0.2		0.16316		343.478
-1.09692e+08		-2.50693		0.2		0.181226		343.811
-1.0459e+08		-2.50693		0.2		0.198518		344.144
-9.94881e+07		-2.50693		0.2		0.105333		344.476
-9.43861e+07		-2.50693		0.2		0.153824		344.809
-8.92842e+07		-2.50693		0.2		0.1993		345.143
-8.41822e+07		-2.50693		0.2		0.103648		345.476
-7.90803e+07		-2.50693		0.2		0.137429		345.809
-7.39783e+07		-2.50693		0.2		0.178426		346.143
-6.88764e+07		-2.50693		0.2		0.129248		346.476
-6.37744e+07		-2.50693		0.2		0.154973		346.809
-5.86725e+07		-2.50693		0.2		0.231242		347.142
-5.35705e+07		-2.50693		0.2		0.292356		347.475
-4.84686e+07		-2.50693		0.2		0.148822		347.825
-4.33666e+07		-2.50693		0.2		0.300225		348.156
-3.82646e+07		-2.50693		0.2		0.303877		348.488
-3.31627e+07		-2.50693		0.2		0.125256		348.82
-2.80607e+07		-2.50693		0.2		0.257174		349.152
-2.29588e+07		-2.50693		0.2		0.173192		349.484
-1.78568e+07		-2.50693		0.2		0.23865		349.815
-1.27549e+07		-2.50693		0.2		0.164483		350.147
-7.65293e+06		-2.50693		0.2		0.31035		350.479
-2.55098e+06		-2.50693		0.2		0.113286		350.81
2.55098e+06		-2.50693		0.2		0.113286		351.141
7.65293e+06		-2.50693		0.2		0.31035		351.473
1.27549e+07		-2.50693		0.2		0.164483		351.805
1.78568e+07		-2.50693		0.2		0.23865		352.137
2.29588e+07		-2.50693		0.2		0.173192		352.469
2.80607e+07		-2.50693		0.2		0.257174		352.8
3.31627e+07		-2.50693		0.2		0.125256		353.131
3.82646e+07		-2.50693		0.2		0.303877		353.463
4.33666e+07		-2.50693		0.2		0.300225		353.795
4.84686e+07		-2.50693		0.2		0.148822		354.126
5.35705e+07		-2.50693		0.2		0.292356		354.458
5.86725e+07		-2.50693		0.2		0.231242		354.791
6.37744e+07		-2.50693		0.2		0.154973		355.123
6.88764e+07		-2.50693		0.2		0.129248		355.456
7.39783e+07		-2.50693		0.2		0.178426		355.789
7.90803e+07		-2.50693		0.2		0.137429		356.121
8.41822e+07		-2.50693		0.2		0.103648		356.471
8.92842e+07		-2.50693		0.2		0.1993		356.802
9.43861e+07		-2.50693		0.2		0.153824		357.134
9.94881e+07		-2.50693		0.2		0.105333		357.465
1.0459e+08		-2.50693		0.2		0.198518		357.797
1.09692e+08		-2.50693		0.2		0.181226		358.129
1.14794e+08		-2.50693		0.2		0.16316		358.461
1.19896e+08		-2.50693		0.2		0.208697		358.793
1.24998e+08		-2.50693		0.2		0.097305		359.125
1.301e+08		-2.50693		0.2		0.169609		359.457
1.35202e+08		-2.50693		0.2		0.248835		359.789
1.40304e+08		-2.50693		0.2		0.123974		360.121
1.45406e+08		-2.50693		0.2		0.23104		360.454
1.50508e+08		-2.50693		0.2		0.115584		360.786
1.5561e+08		-2.50693		0.2		0.196474		361.119
1.60712e+08		-2.50693		0.2		0.0940436		361.451
1.65813e+08		-2.50693		0.2		0.195208		361.783
1.70915e+08		-2.50693		0.2		0.125817		362.116
1.76017e+08		-2.50693		0.2		0.185977		362.449
1.81119e+08		-2.50693		0.2		0.188013		362.781
1.86221e+08		-2.50693		0.2		0.112024		363.115
1.91323e+08		-2.50693		0.2		0.203014		363.447
1.96425e+08		-2.50693		0.2		0.190087		363.781
2.01527e+08		-2.50693		0.2		0.169264		364.114
2.06629e+08		-2.50693		0.2		0.0506921		364.449
2.11731e+08		-2.50693		0.2		0.158568		364.781
2.16833e+08		-2.50693		0.2		0.130904		365.113
2.21935e+08		-2.50693		0.2		0.0457405		365.467
2.27037e+08		-2.50693		0.2		0.0941989		365.799
2.32139e+08		-2.50693		0.2		0.0494244		366.132
2.37241e+08		-2.50693		0.2		0.108074		366.465
2.42343e+08		-2.50693		0.2		0.00856438		366.797
2.47445e+08		-2.50693		0.2		0.0776331		367.129
2.52547e+08		-2.50693		0.2		0.0603584		367.461

-2.52547e+08		-2.44346		0.2		0.0730662		367.794
-2.47445e+08		-2.44346		0.2		0.0850882		368.125
-2.42343e+08		-2.44346		0.2		0.0314887		368.457
-2.37241e+08		-2.44346		0.2		0.112028		368.789
-2.32139e+08		-2.44346		0.2		0.0508203		369.121
-2.27037e+08		-2.44346		0.2		0.0948096		369.453
-2.21935e+08		-2.44346		0.2		0.0464703		369.784
-2.16833e+08		-2.44346		0.2		0.127266		370.116
-2.11731e+08		-2.44346		0.2		0.157725		370.448
-2.06629e+08		-2.44346		0.2		0.0270586		370.78
-2.01527e+08		-2.44346		0.2		0.168787		371.112
-1.96425e+08		-2.44346		0.2		0.190382		371.444
-1.91323e+08		-2.44346		0.2		0.197965		371.776
-1.86221e+08		-2.44346		0.2		0.110532		372.11
-1.81119e+08		-2.44346		0.2		0.186623		372.443
-1.76017e+08		-2.44346		0.2		0.183016		372.775
-1.70915e+08		-2.44346		0.2		0.124262		373.107
-1.65813e+08		-2.44346		0.2		0.188986		373.44
-1.60712e+08		-2.44346		0.2		0.0908785		373.773
-1.5561e+08		-2.44346		0.2		0.189369		374.123
-1.50508e+08		-2.44346		0.2		0.111851		374.455
-1.45406e+08		-2.44346		0.2		0.219697		374.788
-1.40304e+08		-2.44346		0.2		0.112779		375.12
-1.35202e+08		-2.44346		0.2		0.234543		375.452
-1.301e+08		-2.44346		0.2		0.146195		375.785
-1.24998e+08		-2.44346		0.2		0.0835032		376.117
-1.19896e+08		-2.44346		0.2		0.19581		376.449
-1.14794e+08		-2.44346		0.2		0.159383		376.781
-1.09692e+08		-2.44346		0.2		0.158898		377.113
-1.0459e+08		-2.44346		0.2		0.182751		377.445
-9.94881e+07		-2.44346		0.2		0.0870141		377.777
-9.43861e+07		-2.44346		0.2		0.147978		378.11
-8.92842e+07		-2.44346		0.2		0.1853		378.442
-8.41822e+07		-2.44346		0.2		0.087835		378.774
-7.90803e+07		-2.44346		0.2		0.126779		379.105
-7.39783e+07		-2.44346		0.2		0.159024		379.437
-6.88764e+07		-2.44346		0.2		0.119597		379.769
-6.37744e+07		-2.44346		0.2		0.14062		380.102
-5.86725e+07		-2.44346		0.2		0.211898		380.434
-5.35705e+07		-2.44346		0.2		0.269779		380.766
-4.84686e+07		-2.44346		0.2		0.133762		381.096
-4.33666e+07		-2.44346		0.2		0.275192		381.428
-3.82646e+07		-2.44346		0.2		0.278763		381.759
-3.31627e+07		-2.44346		0.2		0.108733		382.092
-2.80607e+07		-2.44346		0.2		0.23543		382.424
-2.29588e+07		-2.44346		0.2		0.154638		382.757
-1.78568e+07		-2.44346		0.2		0.218297		383.105
-1.27549e+07		-2.44346		0.2		0.146429		383.436
-7.65293e+06		-2.44346		0.2		0.285955		383.768
-2.55098e+06		-2.44346		0.2		0.0961909		384.1
2.55098e+06		-2.44346		0.2		0.0961909		384.43
7.65293e+06		-2.44346		0.2		0.285955		384.762
1.27549e+07		-2.44346		0.2		0.146429		385.094
1.78568e+07		-2.44346		0.2		0.218297		385.426
2.29588e+07		-2.44346		0.2		0.154638		385.757
2.80607e+07		-2.44346		0.2		0.23543		386.089
3.31627e+07		-2.44346		0.2		0.108733		386.421
3.82646e+07		-2.44346		0.2		0.278763		386.753
4.33666e+07		-2.44346		0.2		0.275192		387.085
4.84686e+07		-2.44346		0.2		0.133762		387.416
5.35705e+07		-2.44346		0.2		0.269779		387.747
5.86725e+07		-2.44346		0.2		0.211898		388.08
6.37744e+07		-2.44346		0.2		0.14062		388.413
6.88764e+07		-2.44346		0.2		0.119597		388.745
7.39783e+07		-2.44346		0.2		0.159024		389.078
7.90803e+07		-2.44346		0.2		0.126779		389.411
8.41822e+07		-2.44346		0.2		0.087835		389.744
8.92842e+07		-2.44346		0.2		0.1853		390.077
9.43861e+07		-2.44346		0.2		0.147978		390.41
9.94881e+07		-2.44346		0.2		0.0870141		390.743
1.0459e+08		-2.44346		0.2		0.182751		391.076
1.09692e+08		-2.44346		0.2		0.158898		391.409
1.14794e+08		-2.44346		0.2		0.159383		391.741
1.19896e+08		-2.44346		0.2		0.19581		392.091
1.24998e+08		-2.44346		0.2		0.0835032		392.423
1.301e+08		-2.44346		0.2		0.146195		392.755
1.35202e+08		-2.44346		0.2		0.234543		393.087
1.40304e+08		-2.44346		0.2		0.112779		393.419
1.45406e+08		-2.44346		0.2		0.219697		393.752
1.50508e+08		-2.44346		0.2		0.111851		394.085
1.5561e+08		-2.44346		0.2		0.189369		394.418
1.60712e+08		-2.44346		0.2		0.0908785		394.75
1.65813e+08		-2.44346		0.2		0.188986		395.083
1.70915e+08		-2.44346		0.2		0.124262		395.415
1.76017e+08		-2.44346		0.2		0.183016		395.747
1.81119e+08		-2.44346		0.2		0.186623		396.079
1.86221e+08		-2.44346		0.2		0.110532		396.412
1.91323e+08		-2.44346		0.2		0.197965		396.744
1.96425e+08		-2.44346		0.2		0.190382		397.077
2.01527e+08		-2.44346		0.2		0.168787		397.41
2.06629e+08		-2.44346		0.2		0.0270586		397.742
2.11731e+08		-2.44346		0.2		0.157725		398.075
2.16833e+08		-2.44346		0.2		0.127266		398.408
2.21935e+08		-2.44346		0.2		0.0464703		398.74
2.27037e+08		-2.44346		0.2		0.0948096		399.073
2.32139e+08		-2.44346		0.2		0.0508203		399.406
2.37241e+08		-2.44346		0.2		0.112028		399.739
2.42343e+08		-2.44346		0.2		0.0314887		400.073
2.47445e+08		-2.44346		0.2		0.0850882		400.405
2.52547e+08		-2.44346		0.2		0.0730662		400.756

-2.52547e+08		-2.37999		0.2		0.0896909		401.089
-2.47445e+08		-2.37999		0.2		0.0975924		401.421
-2.42343e+08		-2.37999		0.2		0.0546769		401.753
-2.37241e+08		-2.37999		0.2		0.120458		402.085
-2.32139e+08		-2.37999		0.2		0.0620425		402.418
-2.27037e+08		-2.37999		0.2		0.101077		402.75
-2.21935e+08		-2.37999		0.2		0.0575945		403.082
-2.16833e+08		-2.37999		0.2		0.128089		403.414
-2.11731e+08		-2.37999		0.2		0.160241		403.757
-2.06629e+08		-2.37999		0.2		0.0080208		404.086
-2.01527e+08		-2.37999		0.2		0.171341		404.418
-1.96425e+08		-2.37999		0.2		0.193213		404.75
-1.91323e+08		-2.37999		0.2		0.195538		405.081
-1.86221e+08		-2.37999		0.2		0.11317		405.413
-1.81119e+08		-2.37999		0.2		0.187639		405.745
-1.76017e+08		-2.37999		0.2		0.182384		406.076
-1.70915e+08		-2.37999		0.2		0.12625		406.41
-1.65813e+08		-2.37999		0.2		0.184926		406.742
-1.60712e+08		-2.37999		0.2		0.0923176		407.074
-1.5561e+08		-2.37999		0.2		0.18425		407.407
-1.50508e+08		-2.37999		0.2		0.111737		407.739
-1.45406e+08		-2.37999		0.2		0.210103		408.072
-1.40304e+08		-2.37999		0.2		0.10442		408.404
-1.35202e+08		-2.37999		0.2		0.221934		408.736
-1.301e+08		-2.37999		0.2		0.123032		409.069
-1.24998e+08		-2.37999		0.2		0.0724712		409.401
-1.19896e+08		-2.37999		0.2		0.184284		409.752
-1.14794e+08		-2.37999		0.2		0.15764		410.084
-1.09692e+08		-2.37999		0.2		0.136606		410.418
-1.0459e+08		-2.37999		0.2		0.167937		410.751
-9.94881e+07		-2.37999		0.2		0.0688422		411.084
-9.43861e+07		-2.37999		0.2		0.144032		411.417
-8.92842e+07		-2.37999		0.2		0.171998		411.749
-8.41822e+07		-2.37999		0.2		0.0726691		412.082
-7.90803e+07		-2.37999		0.2		0.117475		412.414
-7.39783e+07		-2.37999		0.2		0.139328		412.746
-6.88764e+07		-2.37999		0.2		0.111539		413.078
-6.37744e+07		-2.37999		0.2		0.126686		413.411
-5.86725e+07		-2.37999		0.2		0.192528		413.742
-5.35705e+07		-2.37999		0.2		0.247483		414.074
-4.84686e+07		-2.37999		0.2		0.118849		414.406
-4.33666e+07		-2.37999		0.2		0.250359		414.738
-3.82646e+07		-2.37999		0.2		0.25384		415.07
-3.31627e+07		-2.37999		0.2		0.0918419		415.403
-2.80607e+07		-2.37999		0.2		0.213357		415.735
-2.29588e+07		-2.37999		0.2		0.13538		416.068
-1.78568e+07		-2.37999		0.2		0.197497		416.401
-1.27549e+07		-2.37999		0.2		0.127668		416.735
-7.65293e+06		-2.37999		0.2		0.261634		417.067
-2.55098e+06		-2.37999		0.2		0.0782508		417.399
2.55098e+06		-2.37999		0.2		0.0782508		417.733
7.65293e+06		-2.37999		0.2		0.261634		418.065
1.27549e+07		-2.37999		0.2		0.127668		418.415
1.78568e+07		-2.37999		0.2		0.197497		418.746
2.29588e+07		-2.37999		0.2		0.13538		419.078
2.80607e+07		-2.37999		0.2		0.213357		419.41
3.31627e+07		-2.37999		0.2		0.0918419		419.741
3.82646e+07		-2.37999		0.2		0.25384		420.074
4.33666e+07		-2.37999		0.2		0.250359		420.406
4.84686e+07		-2.37999		0.2		0.118849		420.737
5.35705e+07		-2.37999		0.2		0.247483		421.069
5.86725e+07		-2.37999		0.2		0.192528		421.401
6.37744e+07		-2.37999		0.2		0.126686		421.733
6.88764e+07		-2.37999		0.2		0.111539		422.065
7.39783e+07		-2.37999		0.2		0.139328		422.396
7.90803e+07		-2.37999		0.2		0.117475		422.727
8.41822e+07		-2.37999		0.2		0.0726691		423.059
8.92842e+07		-2.37999		0.2		0.171998		423.388
9.43861e+07		-2.37999		0.2		0.144032		423.72
9.94881e+07		-2.37999		0.2		0.0688422		424.052
1.0459e+08		-2.37999		0.2		0.167937		424.386
1.09692e+08		-2.37999		0.2		0.136606		424.72
1.14794e+08		-2.37999		0.2		0.15764		425.053
1.19896e+08		-2.37999		0.2		0.184284		425.385
1.24998e+08		-2.37999		0.2		0.0724712		425.718
1.301e+08		-2.37999		0.2		0.123032		426.051
1.35202e+08		-2.37999		0.2		0.221934		426.385
1.40304e+08		-2.37999		0.2		0.10442		426.717
1.45406e+08		-2.37999		0.2		0.210103		427.051
1.50508e+08		-2.37999		0.2		0.111737		427.407
1.5561e+08		-2.37999		0.2		0.18425		427.739
1.60712e+08		-2.37999		0.2		0.0923176		428.071
1.65813e+08		-2.37999		0.2		0.184926		428.403
1.70915e+08		-2.37999		0.2		0.12625		428.735
1.76017e+08		-2.37999		0.2		0.182384		429.067
1.81119e+08		-2.37999		0.2		0.187639		429.4
1.86221e+08		-2.37999		0.2		0.11317		429.732
1.91323e+08		-2.37999		0.2		0.195538		430.065
1.96425e+08		-2.37999		0.2		0.193213		430.397
2.01527e+08		-2.37999		0.2		0.171341		430.728
2.06629e+08		-2.37999		0.2		0.0080208		431.059
2.11731e+08		-2.37999		0.2		0.160241		431.392
2.16833e+08		-2.37999		0.2		0.128089		431.724
2.21935e+08		-2.37999		0.2		0.0575945		432.055
2.27037e+08		-2.37999		0.2		0.101077		432.387
2.32139e+08		-2.37999		0.2		0.0620425		432.72
2.37241e+08		-2.37999		0.2		0.120458		433.052
2.42343e+08		-2.37999		0.2		0.0546769		433.384
2.47445e+08		-2.37999		0.2		0.0975924		433.716
2.52547e+08		-2.37999		0.2		0.0896909		434.049

-2.52547e+08		-2.31653		0.2		0.10839		434.381
-2.47445e+08		-2.31653		0.2		0.113432		434.714
-2.42343e+08		-2.31653		0.2		0.0778377		435.046
-2.37241e+08		-2.31653		0.2		0.13253		435.379
-2.32139e+08		-2.31653		0.2		0.0789684		435.713
-2.27037e+08		-2.31653		0.2		0.11208		436.045
-2.21935e+08		-2.31653		0.2		0.0746802		436.395
-2.16833e+08		-2.31653		0.2		0.133311		436.727
-2.11731e+08		-2.31653		0.2		0.166059		437.059
-2.06629e+08		-2.31653		0.2		0.0237426		437.392
-2.01527e+08		-2.31653		0.2		0.176912		437.724
-1.96425e+08		-2.31653		0.2		0.198616		438.057
-1.91323e+08		-2.31653		0.2		0.195935		438.39
-1.86221e+08		-2.31653		0.2		0.119922		438.723
-1.81119e+08		-2.31653		0.2		0.191203		439.055
-1.76017e+08		-2.31653		0.2		0.18432		439.388
-1.70915e+08		-2.31653		0.2		0.131875		439.72
-1.65813e+08		-2.31653		0.2		0.183385		440.052
-1.60712e+08		-2.31653		0.2		0.0985143		440.385
-1.5561e+08		-2.31653		0.2		0.181519		440.718
-1.50508e+08		-2.31653		0.2		0.11557		441.05
-1.45406e+08		-2.31653		0.2		0.202656		441.382
-1.40304e+08		-2.31653		0.2		0.0999562		441.713
-1.35202e+08		-2.31653		0.2		0.211373		442.047
-1.301e+08		-2.31653		0.2		0.100364		442.381
-1.24998e+08		-2.31653		0.2		0.066185		442.716
-1.19896e+08		-2.31653		0.2		0.174622		443.049
-1.14794e+08		-2.31653		0.2		0.158288		443.382
-1.09692e+08		-2.31653		0.2		0.114567		443.714
-1.0459e+08		-2.31653		0.2		0.154609		444.046
-9.94881e+07		-2.31653		0.2		0.0517987		444.379
-9.43861e+07		-2.31653		0.2		0.142477		444.712
-8.92842e+07		-2.31653		0.2		0.159903		445.062
-8.41822e+07		-2.31653		0.2		0.0594776		445.394
-7.90803e+07		-2.31653		0.2		0.11033		445.725
-7.39783e+07		-2.31653		0.2		0.119595		446.058
-6.88764e+07		-2.31653		0.2		0.105909		446.388
-6.37744e+07		-2.31653		0.2		0.113801		446.719
-5.86725e+07		-2.31653		0.2		0.173398		447.051
-5.35705e+07		-2.31653		0.2		0.225609		447.383
-4.84686e+07		-2.31653		0.2		0.104665		447.714
-4.33666e+07		-2.31653		0.2		0.225749		448.046
-3.82646e+07		-2.31653		0.2		0.229127		448.377
-3.31627e+07		-2.31653		0.2		0.0750336		448.709
-2.80607e+07		-2.31653		0.2		0.191072		449.039
-2.29588e+07		-2.31653		0.2		0.115548		449.372
-1.78568e+07		-2.31653		0.2		0.176396		449.703
-1.27549e+07		-2.31653		0.2		0.108351		450.035
-7.65293e+06		-2.31653		0.2		0.237437		450.368
-2.55098e+06		-2.31653		0.2		0.0595834		450.7
2.55098e+06		-2.31653		0.2		0.0595834		451.033
7.65293e+06		-2.31653		0.2		0.237437		451.365
1.27549e+07		-2.31653		0.2		0.108351		451.699
1.78568e+07		-2.31653		0.2		0.176396		452.032
2.29588e+07		-2.31653		0.2		0.115548		452.365
2.80607e+07		-2.31653		0.2		0.191072		452.697
3.31627e+07		-2.31653		0.2		0.0750336		453.03
3.82646e+07		-2.31653		0.2		0.229127		453.362
4.33666e+07		-2.31653		0.2		0.225749		453.695
4.84686e+07		-2.31653		0.2		0.104665		454.045
5.35705e+07		-2.31653		0.2		0.225609		454.375
5.86725e+07		-2.31653		0.2		0.173398		454.705
6.37744e+07		-2.31653		0.2		0.113801		455.036
6.88764e+07		-2.31653		0.2		0.105909		455.368
7.39783e+07		-2.31653		0.2		0.119595		455.7
7.90803e+07		-2.31653		0.2		0.11033		456.033
8.41822e+07		-2.31653		0.2		0.0594776		456.365
8.92842e+07		-2.31653		0.2		0.159903		456.699
9.43861e+07		-2.31653		0.2		0.142477		457.032
9.94881e+07		-2.31653		0.2		0.0517987		457.364
1.0459e+08		-2.31653		0.2		0.154609		457.697
1.09692e+08		-2.31653		0.2		0.114567		458.031
1.14794e+08		-2.31653		0.2		0.158288		458.364
1.19896e+08		-2.31653		0.2		0.174622		458.697
1.24998e+08		-2.31653		0.2		0.066185		459.029
1.301e+08		-2.31653		0.2		0.100364		459.363
1.35202e+08		-2.31653		0.2		0.211373		459.696
1.40304e+08		-2.31653		0.2		0.0999562		460.029
1.45406e+08		-2.31653		0.2		0.202656		460.361
1.50508e+08		-2.31653		0.2		0.11557		460.694
1.5561e+08		-2.31653		0.2		0.181519		461.027
1.60712e+08		-2.31653		0.2		0.0985143		461.36
1.65813e+08		-2.31653		0.2		0.183385		461.691
1.70915e+08		-2.31653		0.2		0.131875		462.026
1.76017e+08		-2.31653		0.2		0.18432		462.361
1.81119e+08		-2.31653		0.2		0.191203		462.711
1.86221e+08		-2.31653		0.2		0.119922		463.043
1.91323e+08		-2.31653		0.2		0.195935		463.376
1.96425e+08		-2.31653		0.2		0.198616		463.709
2.01527e+08		-2.31653		0.2		0.176912		464.041
2.06629e+08		-2.31653		0.2		0.0237426		464.373
2.11731e+08		-2.31653		0.2		0.166059		464.705
2.16833e+08		-2.31653		0.2		0.133311		465.037
2.21935e+08		-2.31653		0.2		0.0746802		465.369
