# phi		B		disorder		eigenvalue
3.141592654		1		0		6.086081379e-25
3.141592654		1		0		3.463112373e-25

3.141592654		1		1.610227773e-22		2.110112374e-25
3.141592654		1		1.610227773e-22		3.545688621e-26

3.141592654		1		3.220455546e-22		3.318824506e-25
3.141592654		1		3.220455546e-22		1.639080225e-25

3.141592654		1		4.830683319e-22		1.383693263e-25
3.141592654		1		4.830683319e-22		6.958496561e-26

3.141592654		1		6.440911091e-22		1.219517117e-25
3.141592654		1		6.440911091e-22		2.066087251e-26

3.141592654		1		8.051138864e-22		1.257577526e-25
3.141592654		1		8.051138864e-22		8.661679109e-26

3.141592654		1		9.661366637e-22		1.861264772e-25
3.141592654		1		9.661366637e-22		1.067093436e-25

3.141592654		1		1.127159441e-21		1.382232486e-25
3.141592654		1		1.127159441e-21		1.104217061e-26

3.141592654		1		1.288182218e-21		1.469356548e-25
3.141592654		1		1.288182218e-21		5.54422221e-26

3.141592654		1		1.449204996e-21		2.032276278e-25
3.141592654		1		1.449204996e-21		3.456675144e-26

3.141592654		1		1.610227773e-21		1.481534129e-25
3.141592654		1		1.610227773e-21		1.814422533e-26

3.141592654		1		1.77125055e-21		1.543029715e-25
3.141592654		1		1.77125055e-21		4.105751237e-26

3.141592654		1		1.932273327e-21		2.231968575e-25
3.141592654		1		1.932273327e-21		5.254493641e-26

3.141592654		1		2.093296105e-21		2.164597004e-25
3.141592654		1		2.093296105e-21		6.508491707e-26

3.141592654		1		2.254318882e-21		1.697013873e-25
3.141592654		1		2.254318882e-21		2.078730366e-27

3.141592654		1		2.415341659e-21		2.658949117e-25
3.141592654		1		2.415341659e-21		3.88144078e-26

3.141592654		1		2.576364437e-21		2.074972311e-25
3.141592654		1		2.576364437e-21		1.402261658e-25

3.141592654		1		2.737387214e-21		2.338756281e-25
3.141592654		1		2.737387214e-21		1.156019338e-25

3.141592654		1		2.898409991e-21		1.654897468e-25
3.141592654		1		2.898409991e-21		9.867323219e-26

3.141592654		1		3.059432768e-21		1.377975364e-25
3.141592654		1		3.059432768e-21		7.298703535e-26

3.141592654		1		3.220455546e-21		2.438076786e-25
3.141592654		1		3.220455546e-21		5.899858519e-26

3.141592654		1		3.381478323e-21		2.347554134e-25
3.141592654		1		3.381478323e-21		1.716209623e-26

3.141592654		1		3.5425011e-21		1.175952101e-25
3.141592654		1		3.5425011e-21		1.799274375e-26

3.141592654		1		3.703523878e-21		1.7664238e-25
3.141592654		1		3.703523878e-21		6.980362437e-26

3.141592654		1		3.864546655e-21		2.17617377e-25
3.141592654		1		3.864546655e-21		6.811791042e-26

3.141592654		1		4.025569432e-21		2.222544102e-25
3.141592654		1		4.025569432e-21		8.079772794e-27

3.141592654		1		4.186592209e-21		1.908560034e-25
3.141592654		1		4.186592209e-21		6.477122024e-26

3.141592654		1		4.347614987e-21		1.492475499e-25
3.141592654		1		4.347614987e-21		9.617119394e-26

3.141592654		1		4.508637764e-21		1.178317582e-25
3.141592654		1		4.508637764e-21		1.555188563e-28

3.141592654		1		4.669660541e-21		1.739405627e-25
3.141592654		1		4.669660541e-21		1.823837164e-26

3.141592654		1		4.830683319e-21		2.376885579e-25
3.141592654		1		4.830683319e-21		9.65826485e-26

3.141592654		1		4.991706096e-21		2.949265902e-25
3.141592654		1		4.991706096e-21		4.091789212e-26

3.141592654		1		5.152728873e-21		1.157840854e-25
3.141592654		1		5.152728873e-21		2.258535038e-27

3.141592654		1		5.31375165e-21		1.539400831e-25
3.141592654		1		5.31375165e-21		1.387058284e-26

3.141592654		1		5.474774428e-21		2.526655473e-25
3.141592654		1		5.474774428e-21		4.024623189e-26

3.141592654		1		5.635797205e-21		1.856401283e-25
3.141592654		1		5.635797205e-21		2.87912936e-26

3.141592654		1		5.796819982e-21		2.566928277e-25
3.141592654		1		5.796819982e-21		1.034015333e-25

3.141592654		1		5.95784276e-21		2.587135763e-25
3.141592654		1		5.95784276e-21		1.354963873e-25

3.141592654		1		6.118865537e-21		1.406175681e-25
3.141592654		1		6.118865537e-21		4.608527514e-26

3.141592654		1		6.279888314e-21		1.318193312e-25
3.141592654		1		6.279888314e-21		1.11035463e-26

3.141592654		1		6.440911091e-21		2.015590067e-25
3.141592654		1		6.440911091e-21		4.891787909e-26

3.141592654		1		6.601933869e-21		1.560154423e-25
3.141592654		1		6.601933869e-21		4.627126303e-26

3.141592654		1		6.762956646e-21		2.791115281e-25
3.141592654		1		6.762956646e-21		1.79761523e-25

3.141592654		1		6.923979423e-21		4.025182681e-25
3.141592654		1		6.923979423e-21		3.442269721e-27

3.141592654		1		7.085002201e-21		1.555284885e-25
3.141592654		1		7.085002201e-21		9.405968523e-26

3.141592654		1		7.246024978e-21		1.895402748e-25
3.141592654		1		7.246024978e-21		7.753353785e-27

3.141592654		1		7.407047755e-21		1.41089804e-25
3.141592654		1		7.407047755e-21		3.418254811e-26

3.141592654		1		7.568070532e-21		2.463413585e-25
3.141592654		1		7.568070532e-21		4.097436965e-26

3.141592654		1		7.72909331e-21		2.259449973e-25
3.141592654		1		7.72909331e-21		3.120950811e-27

3.141592654		1		7.890116087e-21		1.989987189e-25
3.141592654		1		7.890116087e-21		7.115901984e-26

3.141592654		1		8.051138864e-21		1.919139055e-25
3.141592654		1		8.051138864e-21		4.073067472e-26

3.141592654		1		8.212161642e-21		2.302411449e-25
3.141592654		1		8.212161642e-21		3.573361278e-26

3.141592654		1		8.373184419e-21		1.95537087e-25
3.141592654		1		8.373184419e-21		3.032565619e-26

3.141592654		1		8.534207196e-21		1.697364818e-25
3.141592654		1		8.534207196e-21		1.925392773e-27

3.141592654		1		8.695229973e-21		1.751922534e-25
3.141592654		1		8.695229973e-21		7.631799789e-27

3.141592654		1		8.856252751e-21		1.230029781e-25
3.141592654		1		8.856252751e-21		1.868477024e-26

3.141592654		1		9.017275528e-21		1.779933041e-25
3.141592654		1		9.017275528e-21		8.657058822e-27

3.141592654		1		9.178298305e-21		1.737109825e-25
3.141592654		1		9.178298305e-21		8.258557888e-26

3.141592654		1		9.339321083e-21		1.482210956e-25
3.141592654		1		9.339321083e-21		3.244107192e-26

3.141592654		1		9.50034386e-21		1.329251384e-25
3.141592654		1		9.50034386e-21		3.491861851e-26

3.141592654		1		9.661366637e-21		2.536329882e-25
3.141592654		1		9.661366637e-21		5.00050869e-26

3.141592654		1		9.822389414e-21		2.507717879e-25
3.141592654		1		9.822389414e-21		8.08657746e-26

3.141592654		1		9.983412192e-21		1.431058458e-25
3.141592654		1		9.983412192e-21		1.671695036e-26

3.141592654		1		1.014443497e-20		7.945943299e-26
3.141592654		1		1.014443497e-20		5.023977304e-26

3.141592654		1		1.030545775e-20		8.614154104e-26
3.141592654		1		1.030545775e-20		8.765011347e-27

3.141592654		1		1.046648052e-20		1.964158347e-25
3.141592654		1		1.046648052e-20		9.092482267e-26

3.141592654		1		1.06275033e-20		1.927720287e-25
3.141592654		1		1.06275033e-20		7.868975207e-26

3.141592654		1		1.078852608e-20		1.685423557e-25
3.141592654		1		1.078852608e-20		2.699945364e-26

3.141592654		1		1.094954886e-20		1.222645132e-25
3.141592654		1		1.094954886e-20		2.799529703e-26

3.141592654		1		1.111057163e-20		1.628979505e-25
3.141592654		1		1.111057163e-20		1.877315506e-26

3.141592654		1		1.127159441e-20		2.050585947e-25
3.141592654		1		1.127159441e-20		2.93650699e-26

3.141592654		1		1.143261719e-20		1.729007842e-25
3.141592654		1		1.143261719e-20		3.161223881e-26

3.141592654		1		1.159363996e-20		1.911861592e-25
3.141592654		1		1.159363996e-20		4.92263793e-26

3.141592654		1		1.175466274e-20		1.104924874e-25
3.141592654		1		1.175466274e-20		2.037946556e-26

3.141592654		1		1.191568552e-20		2.007490747e-25
3.141592654		1		1.191568552e-20		2.863317503e-26

3.141592654		1		1.20767083e-20		1.909141333e-25
3.141592654		1		1.20767083e-20		3.129923876e-26

3.141592654		1		1.223773107e-20		1.774539048e-25
3.141592654		1		1.223773107e-20		1.697554569e-26

3.141592654		1		1.239875385e-20		1.639449644e-25
3.141592654		1		1.239875385e-20		2.73919957e-26

3.141592654		1		1.255977663e-20		1.584334453e-25
3.141592654		1		1.255977663e-20		9.23309556e-26

3.141592654		1		1.272079941e-20		1.293435845e-25
3.141592654		1		1.272079941e-20		3.016955944e-29

3.141592654		1		1.288182218e-20		1.168501026e-25
3.141592654		1		1.288182218e-20		2.662312407e-27

3.141592654		1		1.304284496e-20		1.919992541e-25
3.141592654		1		1.304284496e-20		2.757843439e-26

3.141592654		1		1.320386774e-20		1.684339533e-25
3.141592654		1		1.320386774e-20		7.332119509e-26

3.141592654		1		1.336489051e-20		2.099456803e-25
3.141592654		1		1.336489051e-20		2.548133138e-26

3.141592654		1		1.352591329e-20		1.302603527e-25
3.141592654		1		1.352591329e-20		8.483687247e-26

3.141592654		1		1.368693607e-20		1.403771818e-25
3.141592654		1		1.368693607e-20		2.143703421e-26

3.141592654		1		1.384795885e-20		1.697936232e-25
3.141592654		1		1.384795885e-20		5.852604538e-26

3.141592654		1		1.400898162e-20		3.283136389e-25
3.141592654		1		1.400898162e-20		1.69585619e-25

3.141592654		1		1.41700044e-20		2.61042542e-25
3.141592654		1		1.41700044e-20		1.227940552e-25

3.141592654		1		1.433102718e-20		2.087191068e-25
3.141592654		1		1.433102718e-20		5.63929494e-27

3.141592654		1		1.449204996e-20		1.480490245e-25
3.141592654		1		1.449204996e-20		2.77146986e-26

3.141592654		1		1.465307273e-20		2.326759974e-25
3.141592654		1		1.465307273e-20		9.842408519e-26

3.141592654		1		1.481409551e-20		1.362181361e-25
3.141592654		1		1.481409551e-20		1.556576537e-26

3.141592654		1		1.497511829e-20		1.920481629e-25
3.141592654		1		1.497511829e-20		1.940736144e-26

3.141592654		1		1.513614106e-20		1.66816463e-25
3.141592654		1		1.513614106e-20		4.46353469e-26

3.141592654		1		1.529716384e-20		8.04972604e-26
3.141592654		1		1.529716384e-20		1.132333628e-26

3.141592654		1		1.545818662e-20		2.63721741e-25
3.141592654		1		1.545818662e-20		1.231288646e-25

3.141592654		1		1.56192094e-20		6.658808593e-26
3.141592654		1		1.56192094e-20		1.212871582e-26

3.141592654		1		1.578023217e-20		1.453224815e-25
3.141592654		1		1.578023217e-20		1.120175026e-25

3.141592654		1		1.594125495e-20		2.899316408e-25
3.141592654		1		1.594125495e-20		2.536423297e-26

3.141592654		1		1.610227773e-20		2.390202614e-25
3.141592654		1		1.610227773e-20		4.392585276e-26

3.141592654		1		1.626330051e-20		4.204944917e-25
3.141592654		1		1.626330051e-20		2.944408152e-25

3.141592654		1		1.642432328e-20		2.237434146e-25
3.141592654		1		1.642432328e-20		4.454132342e-26

3.141592654		1		1.658534606e-20		5.028105008e-26
3.141592654		1		1.658534606e-20		3.511197376e-26

3.141592654		1		1.674636884e-20		1.327935216e-25
3.141592654		1		1.674636884e-20		4.010594849e-26

3.141592654		1		1.690739162e-20		3.889577026e-25
3.141592654		1		1.690739162e-20		1.359962689e-25

3.141592654		1		1.706841439e-20		2.517657933e-25
3.141592654		1		1.706841439e-20		1.182812115e-26

3.141592654		1		1.722943717e-20		2.337104235e-25
3.141592654		1		1.722943717e-20		1.720712194e-25

3.141592654		1		1.739045995e-20		2.173551182e-25
3.141592654		1		1.739045995e-20		5.290757387e-27

3.141592654		1		1.755148272e-20		3.910241627e-25
3.141592654		1		1.755148272e-20		1.400555123e-25

3.141592654		1		1.77125055e-20		6.39059192e-26
3.141592654		1		1.77125055e-20		2.774385856e-26

3.141592654		1		1.787352828e-20		8.070626686e-26
3.141592654		1		1.787352828e-20		6.814892643e-26

3.141592654		1		1.803455106e-20		2.502602341e-25
3.141592654		1		1.803455106e-20		1.76995844e-25

3.141592654		1		1.819557383e-20		2.737530449e-25
3.141592654		1		1.819557383e-20		3.428886156e-26

3.141592654		1		1.835659661e-20		1.068311652e-25
3.141592654		1		1.835659661e-20		5.952791169e-26

3.141592654		1		1.851761939e-20		2.908020207e-25
3.141592654		1		1.851761939e-20		1.253509118e-25

3.141592654		1		1.867864217e-20		3.773654466e-25
3.141592654		1		1.867864217e-20		2.994791725e-25

3.141592654		1		1.883966494e-20		1.149277865e-25
3.141592654		1		1.883966494e-20		4.887893912e-26

3.141592654		1		1.900068772e-20		2.892976737e-25
3.141592654		1		1.900068772e-20		1.012003049e-25

3.141592654		1		1.91617105e-20		1.074366209e-25
3.141592654		1		1.91617105e-20		2.291475647e-26

3.141592654		1		1.932273327e-20		1.178971343e-25
3.141592654		1		1.932273327e-20		1.085642341e-27

3.141592654		1		1.948375605e-20		3.112002785e-25
3.141592654		1		1.948375605e-20		2.794971769e-26

3.141592654		1		1.964477883e-20		1.603694351e-25
3.141592654		1		1.964477883e-20		2.694504395e-26

3.141592654		1		1.980580161e-20		1.723582171e-25
3.141592654		1		1.980580161e-20		3.495055129e-26

3.141592654		1		1.996682438e-20		2.345693226e-25
3.141592654		1		1.996682438e-20		6.807240618e-26

3.141592654		1		2.012784716e-20		2.136430379e-25
3.141592654		1		2.012784716e-20		9.957720528e-26

3.141592654		1		2.028886994e-20		1.42616704e-25
3.141592654		1		2.028886994e-20		7.143222848e-26

3.141592654		1		2.044989272e-20		2.071005976e-25
3.141592654		1		2.044989272e-20		9.5923571e-26

3.141592654		1		2.061091549e-20		1.30548584e-25
3.141592654		1		2.061091549e-20		1.855047366e-27

3.141592654		1		2.077193827e-20		2.760912724e-25
3.141592654		1		2.077193827e-20		1.168824099e-25

3.141592654		1		2.093296105e-20		2.727029916e-25
3.141592654		1		2.093296105e-20		5.042439819e-27

3.141592654		1		2.109398382e-20		4.245777256e-25
3.141592654		1		2.109398382e-20		1.354167577e-25

3.141592654		1		2.12550066e-20		3.072627381e-25
3.141592654		1		2.12550066e-20		2.462199028e-25

3.141592654		1		2.141602938e-20		2.332996071e-25
3.141592654		1		2.141602938e-20		1.184552501e-26

3.141592654		1		2.157705216e-20		3.001882276e-25
3.141592654		1		2.157705216e-20		1.494682869e-25

3.141592654		1		2.173807493e-20		5.804619864e-26
3.141592654		1		2.173807493e-20		1.060596547e-26

3.141592654		1		2.189909771e-20		3.202010706e-25
3.141592654		1		2.189909771e-20		2.749632401e-26

3.141592654		1		2.206012049e-20		2.796488642e-25
3.141592654		1		2.206012049e-20		2.101627256e-25

3.141592654		1		2.222114327e-20		2.533584225e-25
3.141592654		1		2.222114327e-20		7.382939117e-26

3.141592654		1		2.238216604e-20		9.252953034e-26
3.141592654		1		2.238216604e-20		6.876371354e-26

3.141592654		1		2.254318882e-20		3.835382963e-25
3.141592654		1		2.254318882e-20		3.595651423e-25

3.141592654		1		2.27042116e-20		4.496580928e-25
3.141592654		1		2.27042116e-20		8.692013593e-26

3.141592654		1		2.286523437e-20		2.954553773e-25
3.141592654		1		2.286523437e-20		2.918331528e-26

3.141592654		1		2.302625715e-20		1.548508236e-25
3.141592654		1		2.302625715e-20		6.320500115e-26

3.141592654		1		2.318727993e-20		8.631180783e-26
3.141592654		1		2.318727993e-20		2.527592358e-26

3.141592654		1		2.334830271e-20		3.038743975e-25
3.141592654		1		2.334830271e-20		1.770199537e-25

3.141592654		1		2.350932548e-20		1.855459856e-25
3.141592654		1		2.350932548e-20		1.771846542e-25

3.141592654		1		2.367034826e-20		2.388226747e-25
3.141592654		1		2.367034826e-20		1.225853364e-25

3.141592654		1		2.383137104e-20		4.205327524e-25
3.141592654		1		2.383137104e-20		3.454467238e-25

3.141592654		1		2.399239382e-20		7.361055811e-25
3.141592654		1		2.399239382e-20		4.421361119e-25

3.141592654		1		2.415341659e-20		1.876767769e-25
3.141592654		1		2.415341659e-20		2.093941008e-26

3.141592654		1		2.431443937e-20		2.123153927e-25
3.141592654		1		2.431443937e-20		3.444753763e-27

3.141592654		1		2.447546215e-20		1.408177605e-25
3.141592654		1		2.447546215e-20		1.073799263e-25

3.141592654		1		2.463648492e-20		5.713716016e-26
3.141592654		1		2.463648492e-20		2.542851107e-26

3.141592654		1		2.47975077e-20		2.733337344e-25
3.141592654		1		2.47975077e-20		1.602625729e-25

3.141592654		1		2.495853048e-20		1.351769516e-25
3.141592654		1		2.495853048e-20		1.819787591e-26

3.141592654		1		2.511955326e-20		1.554018891e-25
3.141592654		1		2.511955326e-20		1.078970692e-25

3.141592654		1		2.528057603e-20		2.862532528e-25
3.141592654		1		2.528057603e-20		2.355124882e-25

3.141592654		1		2.544159881e-20		2.290642748e-25
3.141592654		1		2.544159881e-20		1.228622885e-26

3.141592654		1		2.560262159e-20		3.682672361e-26
3.141592654		1		2.560262159e-20		1.724567089e-27

3.141592654		1		2.576364437e-20		6.163000367e-26
3.141592654		1		2.576364437e-20		2.470748189e-26

3.141592654		1		2.592466714e-20		5.116955425e-25
3.141592654		1		2.592466714e-20		1.482947902e-25

3.141592654		1		2.608568992e-20		2.40637707e-25
3.141592654		1		2.608568992e-20		1.22102854e-25

3.141592654		1		2.62467127e-20		2.308865311e-25
3.141592654		1		2.62467127e-20		1.06753992e-25

3.141592654		1		2.640773547e-20		2.100041076e-25
3.141592654		1		2.640773547e-20		1.25381208e-25

3.141592654		1		2.656875825e-20		7.55461361e-25
3.141592654		1		2.656875825e-20		3.673634061e-25

3.141592654		1		2.672978103e-20		9.893933935e-26
3.141592654		1		2.672978103e-20		1.879511382e-26

3.141592654		1		2.689080381e-20		3.302546697e-25
3.141592654		1		2.689080381e-20		1.153080637e-25

3.141592654		1		2.705182658e-20		2.410805142e-25
3.141592654		1		2.705182658e-20		1.906625098e-25

3.141592654		1		2.721284936e-20		3.124859205e-25
3.141592654		1		2.721284936e-20		8.945771239e-26

3.141592654		1		2.737387214e-20		8.187574875e-26
3.141592654		1		2.737387214e-20		4.839202319e-27

3.141592654		1		2.753489492e-20		3.162423023e-25
3.141592654		1		2.753489492e-20		1.916087441e-26

3.141592654		1		2.769591769e-20		1.696393039e-25
3.141592654		1		2.769591769e-20		4.158003462e-27

3.141592654		1		2.785694047e-20		2.560322495e-25
3.141592654		1		2.785694047e-20		2.469405789e-25

3.141592654		1		2.801796325e-20		4.469908896e-25
3.141592654		1		2.801796325e-20		1.448826348e-25

3.141592654		1		2.817898603e-20		6.236879868e-25
3.141592654		1		2.817898603e-20		7.040248229e-26

3.141592654		1		2.83400088e-20		5.401739701e-25
3.141592654		1		2.83400088e-20		9.491905823e-26

3.141592654		1		2.850103158e-20		6.460231637e-25
3.141592654		1		2.850103158e-20		4.321508462e-25

3.141592654		1		2.866205436e-20		4.530407232e-25
3.141592654		1		2.866205436e-20		4.269877958e-25

3.141592654		1		2.882307713e-20		9.890539377e-25
3.141592654		1		2.882307713e-20		6.04238551e-25

3.141592654		1		2.898409991e-20		5.927888394e-25
3.141592654		1		2.898409991e-20		4.987214671e-25

3.141592654		1		2.914512269e-20		2.988408018e-25
3.141592654		1		2.914512269e-20		1.310500672e-25

3.141592654		1		2.930614547e-20		4.769343811e-25
3.141592654		1		2.930614547e-20		6.875758433e-26

3.141592654		1		2.946716824e-20		1.603185311e-25
3.141592654		1		2.946716824e-20		1.51360136e-25

3.141592654		1		2.962819102e-20		1.018315406e-25
3.141592654		1		2.962819102e-20		1.264544814e-26

3.141592654		1		2.97892138e-20		4.820155373e-25
3.141592654		1		2.97892138e-20		1.18705998e-26

3.141592654		1		2.995023658e-20		1.06373989e-24
3.141592654		1		2.995023658e-20		3.055528439e-25

3.141592654		1		3.011125935e-20		2.529524536e-25
3.141592654		1		3.011125935e-20		1.07722863e-25

3.141592654		1		3.027228213e-20		5.976029979e-25
3.141592654		1		3.027228213e-20		4.031206934e-25

3.141592654		1		3.043330491e-20		1.230355747e-25
3.141592654		1		3.043330491e-20		9.505721769e-26

3.141592654		1		3.059432768e-20		3.206958122e-25
3.141592654		1		3.059432768e-20		1.180854627e-25

3.141592654		1		3.075535046e-20		4.798795834e-25
3.141592654		1		3.075535046e-20		2.559048945e-25

3.141592654		1		3.091637324e-20		4.997436066e-25
3.141592654		1		3.091637324e-20		3.047508317e-25

3.141592654		1		3.107739602e-20		2.011805615e-25
3.141592654		1		3.107739602e-20		2.96848318e-27

3.141592654		1		3.123841879e-20		1.972782338e-25
3.141592654		1		3.123841879e-20		1.857627029e-25

3.141592654		1		3.139944157e-20		1.203357186e-25
3.141592654		1		3.139944157e-20		1.168089027e-25

3.141592654		1		3.156046435e-20		1.208816813e-25
3.141592654		1		3.156046435e-20		1.113330216e-25

3.141592654		1		3.172148713e-20		2.964703158e-25
3.141592654		1		3.172148713e-20		1.629998292e-28

3.141592654		1		3.18825099e-20		5.09727865e-25
3.141592654		1		3.18825099e-20		4.836255054e-25

3.141592654		1		3.204353268e-20		3.497563454e-25
3.141592654		1		3.204353268e-20		1.767126707e-25

