# ky		B		eigenvalue
-36918459.23		0.0101010101		4.095926591e-23
-36918459.23		0.0101010101		5.027785405e-24
-36918459.23		0.0101010101		1.97488555e-24

-73986993.5		0.0303030303		3.202793356e-23
-73986993.5		0.0303030303		1.263219915e-23
-73986993.5		0.0303030303		9.963075191e-24

-122611305.7		0.09090909091		3.210004424e-23
-122611305.7		0.09090909091		1.007716622e-23
-122611305.7		0.09090909091		4.89198511e-25

-246573286.6		0.1414141414		2.132530051e-23
-246573286.6		0.1414141414		3.889012826e-24
-246573286.6		0.1414141414		2.175049254e-24

-160880440.2		0.06060606061		2.875084772e-23
-160880440.2		0.06060606061		9.894972704e-24
-160880440.2		0.06060606061		5.257962363e-24

-235017508.8		0.101010101		2.4486646e-23
-235017508.8		0.101010101		4.293100688e-24
-235017508.8		0.101010101		3.058343269e-24

-83141570.79		0.1717171717		2.620911026e-23
-83141570.79		0.1717171717		1.810214821e-23
-83141570.79		0.1717171717		4.222803908e-24

-284842421.2		0.1111111111		1.788776567e-23
-284842421.2		0.1111111111		1.706951341e-23
-284842421.2		0.1111111111		8.283340485e-25

-247773886.9		0.09090909091		2.187114846e-23
-247773886.9		0.09090909091		3.245193758e-24
-247773886.9		0.09090909091		1.061464697e-24

-111055527.8		0.05050505051		3.022355936e-23
-111055527.8		0.05050505051		1.252064905e-23
-111055527.8		0.05050505051		8.363678757e-24

-274487243.6		0.0202020202		2.188406263e-23
-274487243.6		0.0202020202		2.033997827e-23
-274487243.6		0.0202020202		4.707380109e-25

-211905953		0.0202020202		2.84203776e-23
-211905953		0.0202020202		3.376745517e-24
-211905953		0.0202020202		1.664475474e-24

-123811906		0.0404040404		3.097583344e-23
-123811906		0.0404040404		1.090172543e-23
-123811906		0.0404040404		4.757163711e-24

-162081040.5		0.0101010101		3.406185858e-23
-162081040.5		0.0101010101		4.567183202e-24
-162081040.5		0.0101010101		2.540049613e-24

-112256128.1		0		3.37630397e-23
-112256128.1		0		9.050997284e-24
-112256128.1		0		5.320255276e-24

-6603301.651		0.2323232323		3.397105861e-23
-6603301.651		0.2323232323		1.25890151e-23
-6603301.651		0.2323232323		8.951874334e-24

-131765882.9		0.2323232323		2.516240684e-23
-131765882.9		0.2323232323		1.631814859e-23
-131765882.9		0.2323232323		3.017368856e-24

-97098549.27		0.1111111111		3.473835553e-23
-97098549.27		0.1111111111		9.125899478e-24
-97098549.27		0.1111111111		2.104464109e-24

-134167083.5		0.1313131313		2.744635866e-23
-134167083.5		0.1313131313		1.381226977e-23
-134167083.5		0.1313131313		4.363517141e-24

-9004502.251		0.1313131313		3.594879296e-23
-9004502.251		0.1313131313		1.040677521e-23
-9004502.251		0.1313131313		1.776631135e-24

-98299149.57		0.06060606061		3.844269898e-23
-98299149.57		0.06060606061		5.415155869e-24
-98299149.57		0.06060606061		2.391701633e-24

-85542771.39		0.07070707071		2.994032364e-23
-85542771.39		0.07070707071		1.423337158e-23
-85542771.39		0.07070707071		8.38737377e-24

-183991996		0.1414141414		2.444583763e-23
-183991996		0.1414141414		1.179191702e-23
-183991996		0.1414141414		4.847449573e-24

-49674837.42		0		3.474859636e-23
-49674837.42		0		1.071487677e-23
-49674837.42		0		7.947844457e-24

-34517258.63		0.1111111111		3.099110299e-23
-34517258.63		0.1111111111		1.484121765e-23
-34517258.63		0.1111111111		4.472514236e-24

-270885442.7		0.1717171717		1.645570136e-23
-270885442.7		0.1717171717		2.673702233e-24
-270885442.7		0.1717171717		1.077939506e-24

-219859930		0.2121212121		2.521211064e-23
-219859930		0.2121212121		7.077317093e-24
-219859930		0.2121212121		4.655606916e-24

-60030015.01		0.09090909091		3.080055642e-23
-60030015.01		0.09090909091		1.440045029e-23
-60030015.01		0.09090909091		6.152528474e-24

-146923461.7		0.1212121212		3.175056892e-23
-146923461.7		0.1212121212		8.594222908e-24
-146923461.7		0.1212121212		1.474515716e-24

-19359679.84		0.2222222222		2.381760997e-23
-19359679.84		0.2222222222		2.215647061e-23
-19359679.84		0.2222222222		2.609844144e-24

-72786393.2		0.08080808081		3.361833604e-23
-72786393.2		0.08080808081		1.122723257e-23
-72786393.2		0.08080808081		4.249274695e-24

-24162081.04		0.0202020202		3.228058952e-23
-24162081.04		0.0202020202		1.364713891e-23
-24162081.04		0.0202020202		1.17612498e-23

-20560280.14		0.1717171717		2.859743993e-23
-20560280.14		0.1717171717		1.746605439e-23
-20560280.14		0.1717171717		1.592085424e-24

-223461730.9		0.06060606061		2.537416103e-23
-223461730.9		0.06060606061		5.569131188e-24
-223461730.9		0.06060606061		1.3176891e-24

-47273636.82		0.101010101		3.427082851e-23
-47273636.82		0.101010101		1.139945316e-23
-47273636.82		0.101010101		1.680854942e-24

-109854927.5		0.101010101		3.713074144e-23
-109854927.5		0.101010101		6.139446512e-24
-109854927.5		0.101010101		2.363344691e-24

-233816908.5		0.1515151515		2.370063546e-23
-233816908.5		0.1515151515		5.62938001e-24
-233816908.5		0.1515151515		2.492402013e-24

-157278639.3		0.2121212121		2.64396995e-23
-157278639.3		0.2121212121		1.307642553e-23
-157278639.3		0.2121212121		3.595010452e-24

-71585792.9		0.1313131313		3.711299266e-23
-71585792.9		0.1313131313		8.100587059e-24
-71585792.9		0.1313131313		3.396563187e-24

-22961480.74		0.07070707071		3.596552503e-23
-22961480.74		0.07070707071		1.014908704e-23
-22961480.74		0.07070707071		3.441929449e-24

-48474237.12		0.05050505051		3.423166087e-23
-48474237.12		0.05050505051		1.134144919e-23
-48474237.12		0.05050505051		5.91026706e-24

-99499749.87		0.0101010101		3.430791379e-23
-99499749.87		0.0101010101		9.216100963e-24
-99499749.87		0.0101010101		4.443299251e-24

-173636818.4		0.05050505051		2.918446489e-23
-173636818.4		0.05050505051		8.458348223e-24
-173636818.4		0.05050505051		4.877032637e-24

-57628814.41		0.1919191919		2.66425439e-23
-57628814.41		0.1919191919		1.863125588e-23
-57628814.41		0.1919191919		1.771143681e-24

-7803901.951		0.1818181818		3.711520616e-23
-7803901.951		0.1818181818		9.460780673e-24
-7803901.951		0.1818181818		7.399343681e-24

-286043021.5		0.06060606061		1.726279189e-23
-286043021.5		0.06060606061		1.685645089e-23
-286043021.5		0.06060606061		4.897856671e-25

-259329664.8		0.1313131313		1.950826343e-23
-259329664.8		0.1313131313		3.090985029e-24
-259329664.8		0.1313131313		1.777834309e-24

-209504752.4		0.1212121212		2.71285399e-23
-209504752.4		0.1212121212		6.157778093e-24
-209504752.4		0.1212121212		4.677607791e-24

-108654327.2		0.1515151515		2.931657048e-23
-108654327.2		0.1515151515		1.375288001e-23
-108654327.2		0.1515151515		2.350825969e-24

-199149574.8		0.0303030303		2.676846345e-23
-199149574.8		0.0303030303		7.662340607e-24
-199149574.8		0.0303030303		5.691985696e-24

-232616308.2		0.202020202		2.304856796e-23
-232616308.2		0.202020202		6.473191687e-24
-232616308.2		0.202020202		2.168173592e-24

-210705352.7		0.07070707071		2.509330304e-23
-210705352.7		0.07070707071		7.145620349e-24
-210705352.7		0.07070707071		4.269073255e-24

-81940970.49		0.2222222222		2.486747723e-23
-81940970.49		0.2222222222		1.951368008e-23
-81940970.49		0.2222222222		2.17031465e-24

-149324662.3		0.0202020202		3.223812346e-23
-149324662.3		0.0202020202		7.813289379e-24
-149324662.3		0.0202020202		6.214837188e-24

-46073036.52		0.1515151515		2.833271589e-23
-46073036.52		0.1515151515		1.726300914e-23
-46073036.52		0.1515151515		3.44644311e-24

-148124062		0.07070707071		3.174819522e-23
-148124062		0.07070707071		8.359183249e-24
-148124062		0.07070707071		3.609353269e-24

-273286643.3		0.07070707071		2.275851803e-23
-273286643.3		0.07070707071		2.023935777e-23
-273286643.3		0.07070707071		1.178535175e-24

-120210105.1		0.1919191919		2.902407049e-23
-120210105.1		0.1919191919		1.341653744e-23
-120210105.1		0.1919191919		3.748815255e-24

-58829414.71		0.1414141414		3.89635957e-23
-58829414.71		0.1414141414		6.82999857e-24
-58829414.71		0.1414141414		6.174150886e-24

-260530265.1		0.08080808081		2.006544164e-23
-260530265.1		0.08080808081		2.349835576e-24
-260530265.1		0.08080808081		9.84112588e-25

-135367683.8		0.08080808081		2.907193226e-23
-135367683.8		0.08080808081		1.194708568e-23
-135367683.8		0.08080808081		5.428084103e-24

-248974487.2		0.0404040404		2.252441871e-23
-248974487.2		0.0404040404		3.348072834e-24
-248974487.2		0.0404040404		5.383110526e-25

-197948974.5		0.08080808081		2.666613821e-23
-197948974.5		0.08080808081		8.089530251e-24
-197948974.5		0.08080808081		1.856242782e-24

-196748374.2		0.1313131313		2.623689606e-23
-196748374.2		0.1313131313		8.647041897e-24
-196748374.2		0.1313131313		2.436125738e-24

-287243621.8		0.0101010101		1.662767389e-23
-287243621.8		0.0101010101		1.653701911e-23
-287243621.8		0.0101010101		6.583559312e-25

-224662331.2		0.0101010101		2.51561393e-23
-224662331.2		0.0101010101		4.62701966e-24
-224662331.2		0.0101010101		3.95658749e-24

-61230615.31		0.0404040404		3.231794691e-23
-61230615.31		0.0404040404		1.280010201e-23
-61230615.31		0.0404040404		8.907635803e-24

-272086043		0.1212121212		1.619106587e-23
-272086043		0.1212121212		1.808306769e-24
-272086043		0.1212121212		5.917877539e-25

-237418709.4		0		2.412772815e-23
-237418709.4		0		4.392803501e-24
-237418709.4		0		2.253170398e-25

-182791395.7		0.1919191919		2.771247206e-23
-182791395.7		0.1919191919		8.996895202e-24
-182791395.7		0.1919191919		3.809500544e-24

-236218109.1		0.05050505051		2.344934892e-23
-236218109.1		0.05050505051		3.483488759e-24
-236218109.1		0.05050505051		7.617300612e-25

-21760880.44		0.1212121212		3.89490595e-23
-21760880.44		0.1212121212		7.494052747e-24
-21760880.44		0.1212121212		3.812871471e-24

-70385192.6		0.1818181818		3.343211647e-23
-70385192.6		0.1818181818		1.169121912e-23
-70385192.6		0.1818181818		4.258249624e-24

-11405702.85		0.0303030303		3.352624493e-23
-11405702.85		0.0303030303		1.255355929e-23
-11405702.85		0.0303030303		9.70520404e-24

-136568284.1		0.0303030303		3.49705456e-23
-136568284.1		0.0303030303		6.038784131e-24
-136568284.1		0.0303030303		1.389975249e-24

-56428214.11		0.2424242424		2.486163591e-23
-56428214.11		0.2424242424		2.048338688e-23
-56428214.11		0.2424242424		1.300761867e-24

-185192596.3		0.09090909091		2.742052833e-23
-185192596.3		0.09090909091		8.533613091e-24
-185192596.3		0.09090909091		3.619812018e-24

-132966483.2		0.1818181818		3.373785639e-23
-132966483.2		0.1818181818		8.211229746e-24
-132966483.2		0.1818181818		5.669212399e-24

-84342171.09		0.1212121212		2.797179948e-23
-84342171.09		0.1212121212		1.627350282e-23
-84342171.09		0.1212121212		6.351999561e-24

-35717858.93		0.06060606061		3.295467273e-23
-35717858.93		0.06060606061		1.286258161e-23
-35717858.93		0.06060606061		6.940058507e-24

-222261130.6		0.1111111111		2.494724251e-23
-222261130.6		0.1111111111		5.430158471e-24
-222261130.6		0.1111111111		3.671179662e-24

-170035017.5		0.202020202		2.91121106e-23
-170035017.5		0.202020202		9.355059236e-24
-170035017.5		0.202020202		7.427411616e-24

-221060530.3		0.1616161616		2.675270028e-23
-221060530.3		0.1616161616		4.636482965e-24
-221060530.3		0.1616161616		3.335711113e-24

-194347173.6		0.2323232323		2.559482549e-23
-194347173.6		0.2323232323		9.670159546e-24
-194347173.6		0.2323232323		5.021297229e-24

-10205102.55		0.08080808081		3.458676372e-23
-10205102.55		0.08080808081		1.160209648e-23
-10205102.55		0.08080808081		4.091802842e-24

-159679839.9		0.1111111111		2.724227837e-23
-159679839.9		0.1111111111		1.175633506e-23
-159679839.9		0.1111111111		5.081635077e-24

-121410705.4		0.1414141414		2.815515141e-23
-121410705.4		0.1414141414		1.407869341e-23
-121410705.4		0.1414141414		2.296005913e-24

-171235617.8		0.1515151515		2.63745948e-23
-171235617.8		0.1515151515		1.159045166e-23
-171235617.8		0.1515151515		3.011287583e-24

-172436218.1		0.101010101		3.004152285e-23
-172436218.1		0.101010101		7.562546327e-24
-172436218.1		0.101010101		1.363841255e-24

-86743371.69		0.0202020202		3.189840001e-23
-86743371.69		0.0202020202		1.220432455e-23
-86743371.69		0.0202020202		1.021611696e-23

-33316658.33		0.1616161616		3.577931921e-23
-33316658.33		0.1616161616		1.043739081e-23
-33316658.33		0.1616161616		4.632632552e-24

-256928464.2		0.2323232323		1.993521022e-23
-256928464.2		0.2323232323		4.344953064e-24
-256928464.2		0.2323232323		3.441734976e-24

-186393196.6		0.0404040404		3.143462648e-23
-186393196.6		0.0404040404		4.343941435e-24
-186393196.6		0.0404040404		2.686400377e-24

-158479239.6		0.1616161616		2.669566774e-23
-158479239.6		0.1616161616		1.259197497e-23
-158479239.6		0.1616161616		1.793990559e-24

-95897948.97		0.1616161616		2.901841945e-23
-95897948.97		0.1616161616		1.47830515e-23
-95897948.97		0.1616161616		6.901646645e-25

-208304152.1		0.1717171717		2.509125848e-23
-208304152.1		0.1717171717		8.386533512e-24
-208304152.1		0.1717171717		1.403499195e-24

-195547773.9		0.1818181818		2.581119974e-23
-195547773.9		0.1818181818		9.135329096e-24
-195547773.9		0.1818181818		4.339562064e-24

-145722861.4		0.1717171717		3.244670875e-23
-145722861.4		0.1717171717		8.268777387e-24
-145722861.4		0.1717171717		5.255068751e-24

-261730865.4		0.0303030303		1.956211964e-23
-261730865.4		0.0303030303		1.781017965e-24
-261730865.4		0.0303030303		4.601895166e-25

-258129064.5		0.1818181818		1.97527319e-23
-258129064.5		0.1818181818		3.590589639e-24
-258129064.5		0.1818181818		2.269601364e-24

-174837418.7		0		3.189512333e-23
-174837418.7		0		5.858141522e-24
-174837418.7		0		5.037556592e-24

-94697348.67		0.2121212121		2.60399565e-23
-94697348.67		0.2121212121		1.779035133e-23
-94697348.67		0.2121212121		1.348340246e-24

-32116058.03		0.2121212121		2.445918787e-23
-32116058.03		0.2121212121		2.13742254e-23
-32116058.03		0.2121212121		2.805166085e-24

-244172086		0.2424242424		2.104444357e-23
-244172086		0.2424242424		6.068975989e-24
-244172086		0.2424242424		3.440422871e-24

-181590795.4		0.2424242424		2.508433343e-23
-181590795.4		0.2424242424		1.206621945e-23
-181590795.4		0.2424242424		4.669064079e-24

-283641820.9		0.1616161616		1.829024174e-23
-283641820.9		0.1616161616		1.730584489e-23
-283641820.9		0.1616161616		1.376403463e-24

-282441220.6		0.2121212121		1.865898639e-23
-282441220.6		0.2121212121		1.74549989e-23
-282441220.6		0.2121212121		2.01385061e-24

-44872436.22		0.202020202		3.125650192e-23
-44872436.22		0.202020202		1.454266535e-23
-44872436.22		0.202020202		4.129531461e-24

-69184592.3		0.2323232323		2.50973073e-23
-69184592.3		0.2323232323		1.979917028e-23
-69184592.3		0.2323232323		1.746117774e-24

-207103551.8		0.2222222222		2.533196985e-23
-207103551.8		0.2222222222		8.140416628e-24
-207103551.8		0.2222222222		4.611188004e-24

-107453726.9		0.202020202		2.380728378e-23
-107453726.9		0.202020202		1.919455705e-23
-107453726.9		0.202020202		4.033443507e-24

-73836918.46		0.0303030303		3.110264501e-23
-73836918.46		0.0303030303		1.352968703e-23
-73836918.46		0.0303030303		1.092061262e-23

-245372686.3		0.1919191919		2.270338728e-23
-245372686.3		0.1919191919		4.0086445e-24
-245372686.3		0.1919191919		3.559004559e-24

-144522261.1		0.2222222222		3.062385917e-23
-144522261.1		0.2222222222		1.034143483e-23
-144522261.1		0.2222222222		7.359958684e-24

-119009504.8		0.2424242424		2.586214633e-23
-119009504.8		0.2424242424		1.665706752e-23
-119009504.8		0.2424242424		2.382204374e-24

-269684842.4		0.2222222222		1.662445614e-23
-269684842.4		0.2222222222		3.382524185e-24
-269684842.4		0.2222222222		1.571759472e-24

-247623811.9		0.09090909091		2.185018027e-23
-247623811.9		0.09090909091		3.763181723e-24
-247623811.9		0.09090909091		2.382841412e-24

-36768384.19		0.0101010101		4.28356802e-23
-36768384.19		0.0101010101		3.255534768e-24
-36768384.19		0.0101010101		1.684191392e-25

-8854427.214		0.1313131313		3.640308609e-23
-8854427.214		0.1313131313		9.977121142e-24
-8854427.214		0.1313131313		2.206125177e-24

-122461230.6		0.09090909091		3.641938193e-23
-122461230.6		0.09090909091		5.979816889e-24
-122461230.6		0.09090909091		5.026062762e-24

-160730365.2		0.06060606061		2.839698943e-23
-160730365.2		0.06060606061		1.050446367e-23
-160730365.2		0.06060606061		6.110641503e-24

-234867433.7		0.101010101		2.287883378e-23
-234867433.7		0.101010101		4.856276142e-24
-234867433.7		0.101010101		1.788175278e-24

-298799399.7		0.05050505051		1.187900598e-21
-298799399.7		0.05050505051		1.187622334e-21
-298799399.7		0.05050505051		1.187428648e-21

-219709854.9		0.2121212121		2.255938547e-23
-219709854.9		0.2121212121		8.730584139e-24
-219709854.9		0.2121212121		3.211769835e-24

-19209604.8		0.2222222222		2.37855718e-23
-19209604.8		0.2222222222		2.219097776e-23
-19209604.8		0.2222222222		2.490897535e-24

-246423211.6		0.1414141414		2.253793396e-23
-246423211.6		0.1414141414		4.231497787e-24
-246423211.6		0.1414141414		2.807097825e-24

-82991495.75		0.1717171717		2.617703649e-23
-82991495.75		0.1717171717		1.812875687e-23
-82991495.75		0.1717171717		4.252813329e-24

-34367183.59		0.1111111111		3.234784773e-23
-34367183.59		0.1111111111		1.352870288e-23
-34367183.59		0.1111111111		3.092468725e-24

-284692346.2		0.1111111111		1.770020781e-23
-284692346.2		0.1111111111		1.726910099e-23
-284692346.2		0.1111111111		8.420474616e-25

-110905452.7		0.05050505051		3.348322163e-23
-110905452.7		0.05050505051		9.355190126e-24
-110905452.7		0.05050505051		4.545206452e-24

-295197598.8		0.202020202		7.64048341e-22
-295197598.8		0.202020202		7.638231381e-22
-295197598.8		0.202020202		7.636519177e-22

-274337168.6		0.0202020202		2.143840825e-23
-274337168.6		0.0202020202		2.07773864e-23
-274337168.6		0.0202020202		3.50350956e-25

-169884942.5		0.202020202		2.597280509e-23
-169884942.5		0.202020202		1.219678139e-23
-169884942.5		0.202020202		2.761739252e-24

-123661830.9		0.0404040404		3.07207061e-23
-123661830.9		0.0404040404		1.123289028e-23
-123661830.9		0.0404040404		8.303152188e-24

-131615807.9		0.2323232323		3.109280026e-23
-131615807.9		0.2323232323		1.083691474e-23
-131615807.9		0.2323232323		6.524653662e-24

-6453226.613		0.2323232323		3.36267772e-23
-6453226.613		0.2323232323		1.291031454e-23
-6453226.613		0.2323232323		8.630756173e-24

-112106053		0		3.145458769e-23
-112106053		0		1.128587328e-23
-112106053		0		9.637405812e-24

-161930965.5		0.0101010101		2.921223476e-23
-161930965.5		0.0101010101		9.194221705e-24
-161930965.5		0.0101010101		8.297280839e-24

-96948474.24		0.1111111111		3.081981384e-23
-96948474.24		0.1111111111		1.287373807e-23
-96948474.24		0.1111111111		2.362405987e-24

-134017008.5		0.1313131313		2.662273634e-23
-134017008.5		0.1313131313		1.454972779e-23
-134017008.5		0.1313131313		5.457090755e-24

-7653826.913		0.1818181818		3.752841424e-23
-7653826.913		0.1818181818		9.078631516e-24
-7653826.913		0.1818181818		7.781562088e-24

-211755877.9		0.0202020202		2.700063116e-23
-211755877.9		0.0202020202		5.687708496e-24
-211755877.9		0.0202020202		4.181372381e-24

-98149074.54		0.06060606061		3.680682866e-23
-98149074.54		0.06060606061		6.968360001e-24
-98149074.54		0.06060606061		8.292378809e-25

-49524762.38		0		3.658934809e-23
-49524762.38		0		8.931388593e-24
-49524762.38		0		5.748145673e-24

-297598799.4		0.101010101		1.04607069e-21
-297598799.4		0.101010101		1.045785307e-21
-297598799.4		0.101010101		1.045586432e-21

-270735367.7		0.1717171717		1.648056644e-23
-270735367.7		0.1717171717		2.669498735e-24
-270735367.7		0.1717171717		1.0931091e-24

-223311655.8		0.06060606061		2.470037705e-23
-223311655.8		0.06060606061		5.167502308e-24
-223311655.8		0.06060606061		1.127291931e-24

-85392696.35		0.07070707071		3.020985696e-23
-85392696.35		0.07070707071		1.395789738e-23
-85392696.35		0.07070707071		7.682594404e-24

-71435717.86		0.1313131313		3.353323444e-23
-71435717.86		0.1313131313		1.146449722e-23
-71435717.86		0.1313131313		8.648608271e-25

-296398199.1		0.1515151515		9.048029222e-22
-296398199.1		0.1515151515		9.045239981e-22
-296398199.1		0.1515151515		9.043275876e-22

-146773386.7		0.1212121212		2.692675751e-23
-146773386.7		0.1212121212		1.318592822e-23
-146773386.7		0.1212121212		5.156731823e-24

-183841921		0.1414141414		2.761816659e-23
-183841921		0.1414141414		8.948491708e-24
-183841921		0.1414141414		2.471257126e-24

-72636318.16		0.08080808081		3.082326809e-23
-72636318.16		0.08080808081		1.392363275e-23
-72636318.16		0.08080808081		6.947475544e-24

-59879939.97		0.09090909091		2.932868693e-23
-59879939.97		0.09090909091		1.583398419e-23
-59879939.97		0.09090909091		7.778275192e-24

-24012006		0.0202020202		3.25639938e-23
-24012006		0.0202020202		1.336937441e-23
-24012006		0.0202020202		1.141312147e-23

-109704852.4		0.101010101		3.58614229e-23
-109704852.4		0.101010101		7.417265484e-24
-109704852.4		0.101010101		1.262647993e-24

-20410205.1		0.1717171717		2.783009442e-23
-20410205.1		0.1717171717		1.820984878e-23
-20410205.1		0.1717171717		2.34938535e-24

-233666833.4		0.1515151515		2.210352895e-23
-233666833.4		0.1515151515		6.237931337e-24
-233666833.4		0.1515151515		2.798457893e-24

-47123561.78		0.101010101		3.650189457e-23
-47123561.78		0.101010101		9.270756039e-24
-47123561.78		0.101010101		5.476218582e-25

-256778389.2		0.2323232323		2.002587982e-23
-256778389.2		0.2323232323		4.36531117e-24
-256778389.2		0.2323232323		3.401907063e-24

-173486743.4		0.05050505051		3.528189039e-23
-173486743.4		0.05050505051		2.487127558e-24
-173486743.4		0.05050505051		1.995581032e-24

-157128564.3		0.2121212121		2.971799385e-23
-157128564.3		0.2121212121		1.000730029e-23
-157128564.3		0.2121212121		8.016283589e-24

-99349674.84		0.0101010101		3.852945974e-23
-99349674.84		0.0101010101		5.179162891e-24
-99349674.84		0.0101010101		3.064592463e-25

-22811405.7		0.07070707071		3.705353182e-23
-22811405.7		0.07070707071		9.108142142e-24
-22811405.7		0.07070707071		2.390931561e-24

-48324162.08		0.05050505051		3.258195973e-23
-48324162.08		0.05050505051		1.294406763e-23
-48324162.08		0.05050505051		7.802089432e-24

-57478739.37		0.1919191919		2.87093281e-23
-57478739.37		0.1919191919		1.66373942e-23
-57478739.37		0.1919191919		1.029354255e-24

-81790895.45		0.2222222222		2.476836322e-23
-81790895.45		0.2222222222		1.959162329e-23
-81790895.45		0.2222222222		2.804755018e-24

-209354677.3		0.1212121212		2.566178243e-23
-209354677.3		0.1212121212		7.243098933e-24
-209354677.3		0.1212121212		9.903423065e-25

-108504252.1		0.1515151515		2.601346685e-23
-108504252.1		0.1515151515		1.692505429e-23
-108504252.1		0.1515151515		5.279586306e-24

-147973987		0.07070707071		2.777342837e-23
-147973987		0.07070707071		1.218943314e-23
-147973987		0.07070707071		7.520818923e-24

-232466233.1		0.202020202		2.326103528e-23
-232466233.1		0.202020202		6.560259382e-24
-232466233.1		0.202020202		4.912449298e-24

-149174587.3		0.0202020202		2.929286251e-23
-149174587.3		0.0202020202		1.054028492e-23
-149174587.3		0.0202020202		9.192914206e-24

-210555277.6		0.07070707071		2.797563332e-23
-210555277.6		0.07070707071		5.256529127e-24
-210555277.6		0.07070707071		1.235203537e-24

-120060030		0.1919191919		3.363109018e-23
-120060030		0.1919191919		9.176217265e-24
-120060030		0.1919191919		8.55367553e-24

-45922961.48		0.1515151515		2.721954006e-23
-45922961.48		0.1515151515		1.834514818e-23
-45922961.48		0.1515151515		4.767690465e-24

-135217608.8		0.08080808081		3.323874315e-23
-135217608.8		0.08080808081		7.937564215e-24
-135217608.8		0.08080808081		7.638449836e-25

-58679339.67		0.1414141414		3.590583729e-23
-58679339.67		0.1414141414		9.669785597e-24
-58679339.67		0.1414141414		3.342042638e-24

-21610805.4		0.1212121212		3.781695475e-23
-21610805.4		0.1212121212		8.553737502e-24
-21610805.4		0.1212121212		2.750187912e-24

-197798899.4		0.08080808081		2.8268061e-23
-197798899.4		0.08080808081		5.973118022e-24
-197798899.4		0.08080808081		2.704732967e-24

-174687343.7		0		2.85165486e-23
-174687343.7		0		8.663478332e-24
-174687343.7		0		8.379146306e-24

-247473736.9		0.09090909091		2.144946046e-23
-247473736.9		0.09090909091		3.215786989e-24
-247473736.9		0.09090909091		1.723830207e-24

-61080540.27		0.0404040404		3.4323569e-23
-61080540.27		0.0404040404		1.085329218e-23
-61080540.27		0.0404040404		6.678817269e-24

-237268634.3		0		2.373891119e-23
-237268634.3		0		2.796804813e-24
-237268634.3		0		3.565963339e-25

-73686843.42		0.0303030303		3.194750108e-23
-73686843.42		0.0303030303		1.270156518e-23
-73686843.42		0.0303030303		1.005369453e-23

-285892946.5		0.06060606061		1.737826629e-23
-285892946.5		0.06060606061		1.686818367e-23
-285892946.5		0.06060606061		4.788103065e-25

-196598299.1		0.1313131313		2.632307145e-23
-196598299.1		0.1313131313		8.420664735e-24
-196598299.1		0.1313131313		2.949182364e-24

-273136568.3		0.07070707071		2.368865632e-23
-273136568.3		0.07070707071		1.982081131e-23
-273136568.3		0.07070707071		1.265988619e-24

-220910455.2		0.1616161616		2.234115358e-23
-220910455.2		0.1616161616		8.637796944e-24
-220910455.2		0.1616161616		3.837984898e-24

-222111055.5		0.1111111111		2.483956751e-23
-222111055.5		0.1111111111		6.278466493e-24
-222111055.5		0.1111111111		1.73954186e-24

-132816408.2		0.1818181818		2.766182199e-23
-132816408.2		0.1818181818		1.380577788e-23
-132816408.2		0.1818181818		2.2720132e-24

-70235117.56		0.1818181818		3.708770771e-23
-70235117.56		0.1818181818		8.311631617e-24
-70235117.56		0.1818181818		7.585898941e-24

-259179589.8		0.1313131313		1.991520982e-23
-259179589.8		0.1313131313		3.404986761e-24
-259179589.8		0.1313131313		1.733788095e-24

-182641320.7		0.1919191919		2.398324605e-23
-182641320.7		0.1919191919		1.254322337e-23
-182641320.7		0.1919191919		3.79947645e-24

-56278139.07		0.2424242424		2.442671853e-23
-56278139.07		0.2424242424		2.087583294e-23
-56278139.07		0.2424242424		1.343336252e-24

-171085542.8		0.1515151515		2.877446573e-23
-171085542.8		0.1515151515		9.389040272e-24
-171085542.8		0.1515151515		3.571314152e-24

-244022011		0.2424242424		2.096922891e-23
-244022011		0.2424242424		6.63224132e-24
-244022011		0.2424242424		3.814422774e-24

-236068034		0.05050505051		2.413929883e-23
-236068034		0.05050505051		4.597504459e-24
-236068034		0.05050505051		7.962061194e-25

-159529764.9		0.1111111111		2.902273124e-23
-159529764.9		0.1111111111		1.01522057e-23
-159529764.9		0.1111111111		1.289544686e-24

-136418209.1		0.0303030303		3.39461969e-23
-136418209.1		0.0303030303		7.262759205e-24
-136418209.1		0.0303030303		2.844503458e-25

-257978989.5		0.1818181818		1.953391831e-23
-257978989.5		0.1818181818		3.922763573e-24
-257978989.5		0.1818181818		2.390293175e-24

-35567783.89		0.06060606061		3.18339336e-23
-35567783.89		0.06060606061		1.39531687e-23
-35567783.89		0.06060606061		8.171522655e-24

-194197098.5		0.2323232323		2.439647762e-23
-194197098.5		0.2323232323		1.118282374e-23
-194197098.5		0.2323232323		3.843042864e-24

-33166583.29		0.1616161616		3.409597659e-23
-33166583.29		0.1616161616		1.202600156e-23
-33166583.29		0.1616161616		3.02950921e-24

-11255627.81		0.0303030303		3.389785267e-23
-11255627.81		0.0303030303		1.219200418e-23
-11255627.81		0.0303030303		9.338443145e-24

-10055027.51		0.08080808081		3.504699636e-23
-10055027.51		0.08080808081		1.115952964e-23
-10055027.51		0.08080808081		3.648673931e-24

-208154077		0.1717171717		2.52666161e-23
-208154077		0.1717171717		7.771215786e-24
-208154077		0.1717171717		4.377680555e-24

-86593296.65		0.0202020202		3.183932044e-23
-86593296.65		0.0202020202		1.223222238e-23
-86593296.65		0.0202020202		9.429886673e-24

-84192096.05		0.1212121212		2.820067894e-23
-84192096.05		0.1212121212		1.604340763e-23
-84192096.05		0.1212121212		5.896405198e-24

-121260630.3		0.1414141414		2.794031686e-23
-121260630.3		0.1414141414		1.431968066e-23
-121260630.3		0.1414141414		4.270919376e-24

-198999499.7		0.0303030303		3.264561263e-23
-198999499.7		0.0303030303		2.457775809e-24
-198999499.7		0.0303030303		1.406796816e-24

-172286143.1		0.101010101		2.681406781e-23
-172286143.1		0.101010101		1.076689952e-23
-172286143.1		0.101010101		5.058007538e-24

-195397698.8		0.1818181818		2.542568645e-23
-195397698.8		0.1818181818		9.894951419e-24
-195397698.8		0.1818181818		3.007818713e-24

-158329164.6		0.1616161616		3.041482787e-23
-158329164.6		0.1616161616		9.1051361e-24
-158329164.6		0.1616161616		5.267145784e-24

-95747873.94		0.1616161616		2.71846087e-23
-95747873.94		0.1616161616		1.655916729e-23
-95747873.94		0.1616161616		3.588711145e-24

-145572786.4		0.1717171717		2.680485149e-23
-145572786.4		0.1717171717		1.351895049e-23
-145572786.4		0.1717171717		2.27409255e-24

-186243121.6		0.0404040404		2.800654837e-23
-186243121.6		0.0404040404		8.23601522e-24
-186243121.6		0.0404040404		3.388299873e-24

-300000000		0		1.330332193e-21
-300000000		0		1.330051083e-21
-300000000		0		1.329855755e-21

-181440720.4		0.2424242424		2.601709459e-23
-181440720.4		0.2424242424		1.09608422e-23
-181440720.4		0.2424242424		6.075390358e-24

-224512256.1		0.0101010101		2.63935171e-23
-224512256.1		0.0101010101		3.035589151e-24
-224512256.1		0.0101010101		2.645042466e-24

-31965982.99		0.2121212121		2.442016234e-23
-31965982.99		0.2121212121		2.140853595e-23
-31965982.99		0.2121212121		3.02135699e-24

-245222611.3		0.1919191919		2.064976689e-23
-245222611.3		0.1919191919		5.689440107e-24
-245222611.3		0.1919191919		3.223382897e-24

-94547273.64		0.2121212121		2.610559674e-23
-94547273.64		0.2121212121		1.772310827e-23
-94547273.64		0.2121212121		2.238993983e-24

-185042521.3		0.09090909091		3.264454761e-23
-185042521.3		0.09090909091		4.234860153e-24
-185042521.3		0.09090909091		1.891792117e-24

-248824412.2		0.0404040404		2.281695874e-23
-248824412.2		0.0404040404		2.548179374e-24
-248824412.2		0.0404040404		1.205546372e-24

-287093546.8		0.0101010101		1.672966875e-23
-287093546.8		0.0101010101		1.656462608e-23
-287093546.8		0.0101010101		6.325951175e-25

-69034517.26		0.2323232323		2.797404097e-23
-69034517.26		0.2323232323		1.703921579e-23
-69034517.26		0.2323232323		3.51870889e-24

-107303651.8		0.202020202		2.685669145e-23
-107303651.8		0.202020202		1.626710883e-23
-107303651.8		0.202020202		2.17174217e-24

-260380190.1		0.08080808081		1.949367551e-23
-260380190.1		0.08080808081		1.805407451e-24
-260380190.1		0.08080808081		9.363636315e-25

-44722361.18		0.202020202		3.346899377e-23
-44722361.18		0.202020202		1.244927061e-23
-44722361.18		0.202020202		6.262941369e-24

-144372186.1		0.2222222222		2.744202695e-23
-144372186.1		0.2222222222		1.318555498e-23
-144372186.1		0.2222222222		4.355524114e-24

-206953476.7		0.2222222222		2.318829014e-23
-206953476.7		0.2222222222		1.048236457e-23
-206953476.7		0.2222222222		3.646764847e-24

-118859429.7		0.2424242424		2.629318471e-23
-118859429.7		0.2424242424		1.621238762e-23
-118859429.7		0.2424242424		6.845101465e-25

-282291145.6		0.2121212121		1.895194023e-23
-282291145.6		0.2121212121		1.737426942e-23
-282291145.6		0.2121212121		2.043882262e-24

-261580790.4		0.0303030303		1.985197111e-23
-261580790.4		0.0303030303		2.225737119e-24
-261580790.4		0.0303030303		4.476635902e-25

-8704352.176		0.1313131313		3.685355565e-23
-8704352.176		0.1313131313		9.552129861e-24
-8704352.176		0.1313131313		2.630989619e-24

-271935968		0.1212121212		1.62403872e-23
-271935968		0.1212121212		1.945140955e-24
-271935968		0.1212121212		7.149638467e-25

-283491745.9		0.1616161616		1.841993503e-23
-283491745.9		0.1616161616		1.731797362e-23
-283491745.9		0.1616161616		1.396274295e-24

-269534767.4		0.2222222222		1.663114202e-23
-269534767.4		0.2222222222		3.39167187e-24
-269534767.4		0.2222222222		1.607057681e-24

-219559779.9		0.2121212121		2.460622707e-23
-219559779.9		0.2121212121		7.611609058e-24
-219559779.9		0.2121212121		4.81356712e-24

-19059529.76		0.2222222222		2.378276935e-23
-19059529.76		0.2222222222		2.219901887e-23
-19059529.76		0.2222222222		2.252063991e-24

-169734867.4		0.202020202		2.627246161e-23
-169734867.4		0.202020202		1.204755019e-23
-169734867.4		0.202020202		8.539893657e-25

-36618309.15		0.0101010101		4.46170588e-23
-36618309.15		0.0101010101		1.634075779e-24
-36618309.15		0.0101010101		1.454773902e-24

-122311155.6		0.09090909091		3.135527589e-23
-122311155.6		0.09090909091		1.077569137e-23
-122311155.6		0.09090909091		6.630841756e-25

-160580290.1		0.06060606061		3.279905694e-23
-160580290.1		0.06060606061		6.382758733e-24
-160580290.1		0.06060606061		7.473907402e-25

-234717358.7		0.101010101		2.387125315e-23
-234717358.7		0.101010101		5.258399087e-24
-234717358.7		0.101010101		1.597679284e-24

-246273136.6		0.1414141414		2.200982964e-23
-246273136.6		0.1414141414		4.562565631e-24
-246273136.6		0.1414141414		1.916440068e-24

-82841420.71		0.1717171717		2.752315215e-23
-82841420.71		0.1717171717		1.682612877e-23
-82841420.71		0.1717171717		2.243227496e-24

-7503751.876		0.1818181818		3.793521858e-23
-7503751.876		0.1818181818		8.703619687e-24
-7503751.876		0.1818181818		8.156634174e-24

-34217108.55		0.1111111111		3.385190061e-23
-34217108.55		0.1111111111		1.208121137e-23
-34217108.55		0.1111111111		1.597286746e-24

-270585292.6		0.1717171717		1.652737667e-23
-270585292.6		0.1717171717		2.616420703e-24
-270585292.6		0.1717171717		1.104279019e-24

-284542271.1		0.1111111111		1.790053273e-23
-284542271.1		0.1111111111		1.722919567e-23
-284542271.1		0.1111111111		8.583175352e-25

-274187093.5		0.0202020202		2.264874429e-23
-274187093.5		0.0202020202		1.999079649e-23
-274187093.5		0.0202020202		5.864375765e-25

-247323661.8		0.09090909091		2.16887274e-23
-247323661.8		0.09090909091		3.513459014e-24
-247323661.8		0.09090909091		1.624561831e-24

-123511755.9		0.0404040404		3.085570411e-23
-123511755.9		0.0404040404		1.111790701e-23
-123511755.9		0.0404040404		5.075443369e-24

-110755377.7		0.05050505051		3.85807217e-23
-110755377.7		0.05050505051		4.539817758e-24
-110755377.7		0.05050505051		6.728289154e-25

-131465732.9		0.2323232323		2.947825255e-23
-131465732.9		0.2323232323		1.234965653e-23
-131465732.9		0.2323232323		5.185790278e-24

-6303151.576		0.2323232323		3.329189032e-23
-6303151.576		0.2323232323		1.322354346e-23
-6303151.576		0.2323232323		8.317703118e-24

-111955978		0		3.139091903e-23
-111955978		0		1.120857149e-23
-111955978		0		9.73421271e-24

-161780890.4		0.0101010101		3.04771216e-23
-161780890.4		0.0101010101		8.426244837e-24
-161780890.4		0.0101010101		6.239831581e-24

-96798399.2		0.1111111111		2.874772589e-23
-96798399.2		0.1111111111		1.489394432e-23
-96798399.2		0.1111111111		5.652598902e-24

-211605802.9		0.0202020202		2.748429858e-23
-211605802.9		0.0202020202		4.590510212e-24
-211605802.9		0.0202020202		3.768108219e-24

-84042021.01		0.1212121212		2.999712431e-23
-84042021.01		0.1212121212		1.429464622e-23
-84042021.01		0.1212121212		3.370051804e-24

-73536768.38		0.0303030303		3.425095959e-23
-73536768.38		0.0303030303		1.046477155e-23
-73536768.38		0.0303030303		7.758527068e-24

-133866933.5		0.1313131313		3.007276776e-23
-133866933.5		0.1313131313		1.122177169e-23
-133866933.5		0.1313131313		1.845924335e-24

-49374687.34		0		3.876218897e-23
-49374687.34		0		6.841152365e-24
-49374687.34		0		3.411399754e-24

-59729864.93		0.09090909091		2.883950764e-23
-59729864.93		0.09090909091		1.631286243e-23
-59729864.93		0.09090909091		8.35568334e-24

-97998999.5		0.06060606061		3.274162923e-23
-97998999.5		0.06060606061		1.085965435e-23
-97998999.5		0.06060606061		3.764068284e-24

-146623311.7		0.1212121212		2.717443069e-23
-146623311.7		0.1212121212		1.304019385e-23
-146623311.7		0.1212121212		4.839092362e-24

-261430715.4		0.0303030303		1.915291403e-23
-261430715.4		0.0303030303		1.977650451e-24
-261430715.4		0.0303030303		6.83170309e-25

-223161580.8		0.06060606061		2.52244978e-23
-223161580.8		0.06060606061		5.570913134e-24
-223161580.8		0.06060606061		2.173927088e-24

-71285642.82		0.1313131313		3.035662978e-23
-71285642.82		0.1313131313		1.450409668e-23
-71285642.82		0.1313131313		3.250575318e-24

-109554777.4		0.101010101		3.093892313e-23
-109554777.4		0.101010101		1.206477649e-23
-109554777.4		0.101010101		4.061200155e-24

-85242621.31		0.07070707071		3.20124912e-23
-85242621.31		0.07070707071		1.21946572e-23
-85242621.31		0.07070707071		4.811986823e-24

-23861930.97		0.0202020202		3.301042158e-23
-23861930.97		0.0202020202		1.293254593e-23
-23861930.97		0.0202020202		1.088637737e-23

-72486243.12		0.08080808081		2.91513005e-23
-72486243.12		0.08080808081		1.554866884e-23
-72486243.12		0.08080808081		8.57907018e-24

-256628314.2		0.2323232323		1.977888177e-23
-256628314.2		0.2323232323		5.013934779e-24
-256628314.2		0.2323232323		3.36534201e-24

-183691845.9		0.1414141414		2.985554685e-23
-183691845.9		0.1414141414		6.798791793e-24
-183691845.9		0.1414141414		2.402271942e-24

-219409704.9		0.2121212121		2.304816651e-23
-219409704.9		0.2121212121		8.383000123e-24
-219409704.9		0.2121212121		2.778945851e-24

-20260130.07		0.1717171717		2.714472125e-23
-20260130.07		0.1717171717		1.887561566e-23
-20260130.07		0.1717171717		3.033253931e-24

-46973486.74		0.101010101		3.887384485e-23
-46973486.74		0.101010101		7.034670307e-24
-46973486.74		0.101010101		2.809323688e-24

-173336668.3		0.05050505051		2.857074655e-23
-173336668.3		0.05050505051		8.687332668e-24
-173336668.3		0.05050505051		5.160906705e-24

-57328664.33		0.1919191919		3.125935575e-23
-57328664.33		0.1919191919		1.419769237e-23
-57328664.33		0.1919191919		3.288348407e-24

-156978489.2		0.2121212121		2.601268495e-23
-156978489.2		0.2121212121		1.348000884e-23
-156978489.2		0.2121212121		1.803685365e-24

-295047523.8		0.202020202		7.46628267e-22
-295047523.8		0.202020202		7.462836466e-22
-295047523.8		0.202020202		7.461070021e-22

-233516758.4		0.1515151515		2.487235197e-23
-233516758.4		0.1515151515		4.518219358e-24
-233516758.4		0.1515151515		3.682113788e-24

-81640820.41		0.2222222222		2.507186054e-23
-81640820.41		0.2222222222		1.931752908e-23
-81640820.41		0.2222222222		1.735084397e-24

-22661330.67		0.07070707071		3.817189883e-23
-22661330.67		0.07070707071		8.043447279e-24
-22661330.67		0.07070707071		1.319669349e-24

-48174087.04		0.05050505051		3.143469827e-23
-48174087.04		0.05050505051		1.406449358e-23
-48174087.04		0.05050505051		9.271923101e-24

-99199599.8		0.0101010101		3.867653644e-23
-99199599.8		0.0101010101		5.013469332e-24
-99199599.8		0.0101010101		5.333668275e-25

-119909955		0.1919191919		2.862106657e-23
-119909955		0.1919191919		1.386604551e-23
-119909955		0.1919191919		3.150073479e-24

-209204602.3		0.1212121212		2.566545881e-23
-209204602.3		0.1212121212		7.420452196e-24
-209204602.3		0.1212121212		2.947514931e-24

-108354177.1		0.1515151515		2.609218169e-23
-108354177.1		0.1515151515		1.684465342e-23
-108354177.1		0.1515151515		5.197703232e-24

-147823912		0.07070707071		3.001873675e-23
-147823912		0.07070707071		1.01038123e-23
-147823912		0.07070707071		5.191685604e-24

-197648824.4		0.08080808081		2.691877292e-23
-197648824.4		0.08080808081		7.620071634e-24
-197648824.4		0.08080808081		3.718459353e-24

-149024512.3		0.0202020202		3.288190489e-23
-149024512.3		0.0202020202		7.057665272e-24
-149024512.3		0.0202020202		5.708645135e-24

-210405202.6		0.07070707071		2.541077223e-23
-210405202.6		0.07070707071		6.652544554e-24
-210405202.6		0.07070707071		2.535913818e-24

-58529264.63		0.1414141414		3.303802021e-23
-58529264.63		0.1414141414		1.238515611e-23
-58529264.63		0.1414141414		7.884163864e-25

-135067533.8		0.08080808081		3.531709626e-23
-135067533.8		0.08080808081		6.221530521e-24
-135067533.8		0.08080808081		2.014064391e-24

-21460730.37		0.1212121212		3.671248164e-23
-21460730.37		0.1212121212		9.594548997e-24
-21460730.37		0.1212121212		1.706000862e-24

-221960980.5		0.1111111111		2.539042731e-23
-221960980.5		0.1111111111		4.98357195e-24
-221960980.5		0.1111111111		3.444951646e-24

-232316158.1		0.202020202		2.227098485e-23
-232316158.1		0.202020202		6.758058606e-24
-232316158.1		0.202020202		2.738692991e-24

-60930465.23		0.0404040404		3.69005306e-23
-60930465.23		0.0404040404		8.372075086e-24
-60930465.23		0.0404040404		4.008171195e-24

-182491245.6		0.1919191919		2.650508135e-23
-182491245.6		0.1919191919		1.044121794e-23
-182491245.6		0.1919191919		3.118261006e-24

-257828914.5		0.1818181818		1.920331411e-23
-257828914.5		0.1818181818		4.362631795e-24
-257828914.5		0.1818181818		2.513770357e-24

-132666333.2		0.1818181818		2.440014655e-23
-132666333.2		0.1818181818		1.689333088e-23
-132666333.2		0.1818181818		4.645815771e-24

-45772886.44		0.1515151515		2.665992905e-23
-45772886.44		0.1515151515		1.888984878e-23
-45772886.44		0.1515151515		5.522178652e-24

-237118559.3		0		2.33776301e-23
-237118559.3		0		4.228699721e-24
-237118559.3		0		3.118039266e-24

-220760380.2		0.1616161616		2.715135183e-23
-220760380.2		0.1616161616		4.602763501e-24
-220760380.2		0.1616161616		3.213191116e-24

-159379689.8		0.1111111111		3.27614779e-23
-159379689.8		0.1111111111		6.462968557e-24
-159379689.8		0.1111111111		4.267616048e-24

-170935467.7		0.1515151515		2.802353108e-23
-170935467.7		0.1515151515		9.879720962e-24
-170935467.7		0.1515151515		2.916824405e-24

-70085042.52		0.1818181818		3.425793152e-23
-70085042.52		0.1818181818		1.097506019e-23
-70085042.52		0.1818181818		4.959583059e-24

-196448224.1		0.1313131313		2.667967711e-23
-196448224.1		0.1313131313		8.324377924e-24
-196448224.1		0.1313131313		1.118437202e-24

-243871936		0.2424242424		2.17100764e-23
-243871936		0.2424242424		5.7327728e-24
-243871936		0.2424242424		4.866386768e-24

-169584792.4		0.202020202		2.696974949e-23
-169584792.4		0.202020202		1.135874796e-23
-169584792.4		0.202020202		4.988628051e-24

-208004002		0.1717171717		2.463024348e-23
-208004002		0.1717171717		8.941077153e-24
-208004002		0.1717171717		2.123749694e-24

-33016508.25		0.1616161616		3.248696007e-23
-33016508.25		0.1616161616		1.355739961e-23
-33016508.25		0.1616161616		1.476556206e-24

-194047023.5		0.2323232323		2.296777622e-23
-194047023.5		0.2323232323		1.213945679e-23
-194047023.5		0.2323232323		3.732819707e-24

-235917959		0.05050505051		2.364557377e-23
-235917959		0.05050505051		3.662792901e-24
-235917959		0.05050505051		1.506051857e-24

-35417708.85		0.06060606061		3.100384115e-23
-35417708.85		0.06060606061		1.47633781e-23
-35417708.85		0.06060606061		9.127557269e-24

-11105552.78		0.0303030303		3.428938501e-23
-11105552.78		0.0303030303		1.181150587e-23
-11105552.78		0.0303030303		8.953381298e-24

-136268134.1		0.0303030303		3.037472236e-23
-136268134.1		0.0303030303		1.069231326e-23
-136268134.1		0.0303030303		6.156310639e-24

-56128064.03		0.2424242424		2.471942628e-23
-56128064.03		0.2424242424		2.056693877e-23
-56128064.03		0.2424242424		1.913494894e-24

-285742871.4		0.06060606061		1.740847571e-23
-285742871.4		0.06060606061		1.695017644e-23
-285742871.4		0.06060606061		4.556286913e-25

-86443221.61		0.0202020202		3.311685397e-23
-86443221.61		0.0202020202		1.09800039e-23
-86443221.61		0.0202020202		6.140291848e-24

-121110555.3		0.1414141414		2.856071688e-23
-121110555.3		0.1414141414		1.370322175e-23
-121110555.3		0.1414141414		1.228971364e-24

-9904952.476		0.08080808081		3.550981451e-23
-9904952.476		0.08080808081		1.071527348e-23
-9904952.476		0.08080808081		3.204028317e-24

-198849424.7		0.0303030303		2.664758897e-23
-198849424.7		0.0303030303		7.108946491e-24
-198849424.7		0.0303030303		5.057881908e-24

-174537268.6		0		3.380437852e-23
-174537268.6		0		3.685855797e-24
-174537268.6		0		3.427330514e-24

-158179089.5		0.1616161616		2.811976088e-23
-158179089.5		0.1616161616		1.11355258e-23
-158179089.5		0.1616161616		2.693709402e-24

-195247623.8		0.1818181818		2.510075165e-23
-195247623.8		0.1818181818		9.959717113e-24
-195247623.8		0.1818181818		1.796270177e-24

-145422711.4		0.1717171717		2.554127766e-23
-145422711.4		0.1717171717		1.479950169e-23
-145422711.4		0.1717171717		4.12206364e-24

-245072536.3		0.1919191919		2.033729196e-23
-245072536.3		0.1919191919		5.919252709e-24
-245072536.3		0.1919191919		3.290457714e-24

-272986493.2		0.07070707071		2.167614452e-23
-272986493.2		0.07070707071		1.964842584e-23
-272986493.2		0.07070707071		1.442041714e-24

-172136068		0.101010101		2.837969225e-23
-172136068		0.101010101		9.505139997e-24
-172136068		0.101010101		1.835079529e-24

-259029514.8		0.1313131313		1.994529209e-23
-259029514.8		0.1313131313		3.175501313e-24
-259029514.8		0.1313131313		1.727360139e-24

-181290645.3		0.2424242424		2.46267881e-23
-181290645.3		0.2424242424		1.235266179e-23
-181290645.3		0.2424242424		2.640556243e-24

-44572286.14		0.202020202		3.578140105e-23
-44572286.14		0.202020202		1.029128048e-23
-44572286.14		0.202020202		8.438387156e-24

-248674337.2		0.0404040404		2.180860214e-23
-248674337.2		0.0404040404		2.009221808e-24
-248674337.2		0.0404040404		8.910788535e-25

-31815907.95		0.2121212121		2.442824575e-23
-31815907.95		0.2121212121		2.140297609e-23
-31815907.95		0.2121212121		2.887083821e-24

-94397198.6		0.2121212121		2.624733281e-23
-94397198.6		0.2121212121		1.760789856e-23
-94397198.6		0.2121212121		5.982174214e-25

-107153576.8		0.202020202		3.172066717e-23
-107153576.8		0.202020202		1.168821018e-23
-107153576.8		0.202020202		4.702634719e-24

-184892446.2		0.09090909091		2.61573803e-23
-184892446.2		0.09090909091		1.002480364e-23
-184892446.2		0.09090909091		5.272263579e-24

-68884442.22		0.2323232323		3.130879754e-23
-68884442.22		0.2323232323		1.388499126e-23
-68884442.22		0.2323232323		6.490998614e-24

-186093046.5		0.0404040404		2.747570192e-23
-186093046.5		0.0404040404		8.097056977e-24
-186093046.5		0.0404040404		4.604528407e-24

-95597798.9		0.1616161616		2.702773836e-23
-95597798.9		0.1616161616		1.671881303e-23
-95597798.9		0.1616161616		4.257955158e-24

-118709354.7		0.2424242424		2.578381561e-23
-118709354.7		0.2424242424		1.671134127e-23
-118709354.7		0.2424242424		1.531521465e-24

-206803401.7		0.2222222222		2.33689307e-23
-206803401.7		0.2222222222		9.921510918e-24
-206803401.7		0.2222222222		3.65768616e-24

-144222111.1		0.2222222222		2.517048506e-23
-144222111.1		0.2222222222		1.534439422e-23
-144222111.1		0.2222222222		2.4469811e-24

-260230115.1		0.08080808081		1.925014831e-23
-260230115.1		0.08080808081		1.771485667e-24
-260230115.1		0.08080808081		1.078612749e-24

-282141070.5		0.2121212121		1.914082024e-23
-282141070.5		0.2121212121		1.735581172e-23
-282141070.5		0.2121212121		2.070769088e-24

-283341670.8		0.1616161616		1.851615537e-23
-283341670.8		0.1616161616		1.734762013e-23
-283341670.8		0.1616161616		1.415888256e-24

-8554277.139		0.1313131313		3.729974726e-23
-8554277.139		0.1313131313		9.132245617e-24
-8554277.139		0.1313131313		3.050754448e-24

-286943471.7		0.0101010101		1.683365558e-23
-286943471.7		0.0101010101		1.659353501e-23
-286943471.7		0.0101010101		5.974555773e-25

-224362181.1		0.0101010101		2.61196667e-23
-224362181.1		0.0101010101		4.835594513e-24
-224362181.1		0.0101010101		2.903242596e-24

-269384692.3		0.2222222222		1.664974886e-23
-269384692.3		0.2222222222		3.411022766e-24
-269384692.3		0.2222222222		1.639252493e-24

-271785892.9		0.1212121212		1.630811095e-23
-271785892.9		0.1212121212		1.983152069e-24
-271785892.9		0.1212121212		7.857019891e-25

-18909454.73		0.2222222222		2.390651278e-23
-18909454.73		0.2222222222		2.208327398e-23
-18909454.73		0.2222222222		1.904751894e-24

-270435217.6		0.1717171717		1.657328554e-23
-270435217.6		0.1717171717		2.615046601e-24
-270435217.6		0.1717171717		1.12316259e-24

-298649324.7		0.05050505051		1.170502928e-21
-298649324.7		0.05050505051		1.169941106e-21
-298649324.7		0.05050505051		1.169659893e-21

-122161080.5		0.09090909091		2.929553763e-23
-122161080.5		0.09090909091		1.280089546e-23
-122161080.5		0.09090909091		5.274414129e-24

-247173586.8		0.09090909091		2.229982613e-23
-247173586.8		0.09090909091		4.087363124e-24
-247173586.8		0.09090909091		1.529404882e-24

-83891945.97		0.1212121212		3.323950832e-23
-83891945.97		0.1212121212		1.117748791e-23
-83891945.97		0.1212121212		6.23979141e-25

-73386693.35		0.0303030303		3.742530926e-23
-73386693.35		0.0303030303		7.416205603e-24
-73386693.35		0.0303030303		4.683259899e-24

-36468234.12		0.0101010101		4.271410058e-23
-36468234.12		0.0101010101		3.413225572e-24
-36468234.12		0.0101010101		3.528771474e-25

-160430215.1		0.06060606061		3.174121223e-23
-160430215.1		0.06060606061		7.070798301e-24
-160430215.1		0.06060606061		8.646038439e-25

-234567283.6		0.101010101		2.37367037e-23
-234567283.6		0.101010101		3.974033816e-24
-234567283.6		0.101010101		1.60505796e-24

-261280640.3		0.0303030303		1.936670992e-23
-261280640.3		0.0303030303		1.421288129e-24
-261280640.3		0.0303030303		6.14587407e-25

-7353676.838		0.1818181818		3.817352709e-23
-7353676.838		0.1818181818		8.524536419e-24
-7353676.838		0.1818181818		8.335770078e-24

-34067033.52		0.1111111111		3.546213291e-23
-34067033.52		0.1111111111		1.05413885e-23
-34067033.52		0.1111111111		5.054316712e-26

-82691345.67		0.1717171717		3.049072496e-23
-82691345.67		0.1717171717		1.397377394e-23
-82691345.67		0.1717171717		1.600881032e-24

-246123061.5		0.1414141414		2.197771546e-23
-246123061.5		0.1414141414		4.116119332e-24
-246123061.5		0.1414141414		1.544733226e-24

-219259629.8		0.2121212121		2.41027627e-23
-219259629.8		0.2121212121		8.033087901e-24
-219259629.8		0.2121212121		4.943812456e-24

-297448724.4		0.101010101		1.028627725e-21
-297448724.4		0.101010101		1.02813904e-21
-297448724.4		0.101010101		1.027889509e-21

-274037018.5		0.0202020202		2.360356874e-23
-274037018.5		0.0202020202		1.957933257e-23
-274037018.5		0.0202020202		9.363877777e-25

-123361680.8		0.0404040404		3.441665592e-23
-123361680.8		0.0404040404		7.686621652e-24
-123361680.8		0.0404040404		5.634098989e-25

-131315657.8		0.2323232323		2.401803196e-23
-131315657.8		0.2323232323		1.745217125e-23
-131315657.8		0.2323232323		3.206238739e-24

-110605302.7		0.05050505051		3.746337388e-23
-110605302.7		0.05050505051		5.706557473e-24
-110605302.7		0.05050505051		8.78867693e-25

-169434717.4		0.202020202		2.714741639e-23
-169434717.4		0.202020202		1.114994809e-23
-169434717.4		0.202020202		5.31643203e-24

-6153076.538		0.2323232323		3.296637123e-23
-6153076.538		0.2323232323		1.352864688e-23
-6153076.538		0.2323232323		8.012770665e-24

-111805903		0		3.381235694e-23
-111805903		0		8.864905988e-24
-111805903		0		5.541239044e-24

-284392196.1		0.1111111111		1.814880949e-23
-284392196.1		0.1111111111		1.718090586e-23
-284392196.1		0.1111111111		8.759105772e-25

-96648324.16		0.1111111111		2.851641114e-23
-96648324.16		0.1111111111		1.513527941e-23
-96648324.16		0.1111111111		6.317781336e-24

-59579789.89		0.09090909091		2.939373761e-23
-59579789.89		0.09090909091		1.577309087e-23
-59579789.89		0.09090909091		7.699240385e-24

-146473236.6		0.1212121212		3.216523114e-23
-146473236.6		0.1212121212		8.366869612e-24
-146473236.6		0.1212121212		1.709283523e-24

-97848924.46		0.06060606061		3.049131899e-23
-97848924.46		0.06060606061		1.305799916e-23
-97848924.46		0.06060606061		7.439796125e-24

-223011505.8		0.06060606061		2.520766207e-23
-223011505.8		0.06060606061		5.026459638e-24
-223011505.8		0.06060606061		8.128597474e-25

-211455727.9		0.0202020202		2.818897001e-23
-211455727.9		0.0202020202		3.907754754e-24
-211455727.9		0.0202020202		3.104308922e-24

-71135567.78		0.1313131313		2.792339305e-23
-71135567.78		0.1313131313		1.685836425e-23
-71135567.78		0.1313131313		5.557576371e-24

-109404702.4		0.101010101		2.789819016e-23
-109404702.4		0.101010101		1.498772498e-23
-109404702.4		0.101010101		7.12772836e-24

-161630815.4		0.0101010101		3.674769618e-23
-161630815.4		0.0101010101		2.553867846e-24
-161630815.4		0.0101010101		6.81395421e-25

-133716858.4		0.1313131313		3.628758082e-23
-133716858.4		0.1313131313		5.505951969e-24
-133716858.4		0.1313131313		5.038210222e-24

-49224612.31		0		4.114594491e-23
-49224612.31		0		4.570052614e-24
-49224612.31		0		1.008356787e-24

-23711855.93		0.0202020202		3.360432558e-23
-23711855.93		0.0202020202		1.235252273e-23
-23711855.93		0.0202020202		1.021378036e-23

-72336168.08		0.08080808081		2.914367676e-23
-72336168.08		0.08080808081		1.555535063e-23
-72336168.08		0.08080808081		8.584130483e-24

-85092546.27		0.07070707071		3.528756363e-23
-85092546.27		0.07070707071		9.039001335e-24
-85092546.27		0.07070707071		1.069803712e-24

-183541770.9		0.1414141414		2.455108344e-23
-183541770.9		0.1414141414		1.173368745e-23
-183541770.9		0.1414141414		4.77940749e-24

-20110055.03		0.1717171717		2.65529969e-23
-20110055.03		0.1717171717		1.945140913e-23
-20110055.03		0.1717171717		3.631088956e-24

-256478239.1		0.2323232323		1.953023555e-23
-256478239.1		0.2323232323		5.122097224e-24
-256478239.1		0.2323232323		3.320402954e-24

-173186593.3		0.05050505051		2.813962417e-23
-173186593.3		0.05050505051		9.481808421e-24
-173186593.3		0.05050505051		5.897387048e-24

-81490745.37		0.2222222222		2.728680716e-23
-81490745.37		0.2222222222		1.719649822e-23
-81490745.37		0.2222222222		2.435783357e-24

-119759879.9		0.1919191919		2.676876948e-23
-119759879.9		0.1919191919		1.564474208e-23
-119759879.9		0.1919191919		1.259512999e-24

-57178589.29		0.1919191919		3.408193098e-23
-57178589.29		0.1919191919		1.15327451e-23
-57178589.29		0.1919191919		5.965429562e-24

-99049524.76		0.0101010101		3.438668215e-23
-99049524.76		0.0101010101		9.112707109e-24
-99049524.76		0.0101010101		4.1585289e-24

-233366683.3		0.1515151515		2.29068108e-23
-233366683.3		0.1515151515		6.210731223e-24
-233366683.3		0.1515151515		2.244825061e-24

-22511255.63		0.07070707071		3.931339615e-23
-22511255.63		0.07070707071		6.962844642e-24
-22511255.63		0.07070707071		2.399810985e-25

-156828414.2		0.2121212121		2.635201177e-23
-156828414.2		0.2121212121		1.32255462e-23
-156828414.2		0.2121212121		5.43527331e-25

-48024012.01		0.05050505051		3.087320203e-23
-48024012.01		0.05050505051		1.461517758e-23
-48024012.01		0.05050505051		1.008842309e-23

-147673836.9		0.07070707071		3.639435938e-23
-147673836.9		0.07070707071		4.198044923e-24
-147673836.9		0.07070707071		1.39548052e-24

-197498749.4		0.08080808081		2.791311324e-23
-197498749.4		0.08080808081		6.950654989e-24
-197498749.4		0.08080808081		2.386755881e-24

-209054527.3		0.1212121212		2.535974176e-23
-209054527.3		0.1212121212		7.523462931e-24
-209054527.3		0.1212121212		1.388460948e-24

-46823411.71		0.101010101		4.099726762e-23
-46823411.71		0.101010101		5.104084712e-24
-46823411.71		0.101010101		4.749848937e-24

-296248124.1		0.1515151515		8.870527575e-22
-296248124.1		0.1515151515		8.868345325e-22
-296248124.1		0.1515151515		8.867026476e-22

-221810905.5		0.1111111111		2.4390268e-23
-221810905.5		0.1111111111		6.704049992e-24
-221810905.5		0.1111111111		2.480949153e-24

-108204102.1		0.1515151515		2.950533672e-23
-108204102.1		0.1515151515		1.356299748e-23
-108204102.1		0.1515151515		2.219831257e-24

-243721860.9		0.2424242424		2.023335093e-23
-243721860.9		0.2424242424		6.362912587e-24
-243721860.9		0.2424242424		3.890983271e-24

-182341170.6		0.1919191919		2.741399887e-23
-182341170.6		0.1919191919		9.317056561e-24
-182341170.6		0.1919191919		3.992034536e-24

-21310655.33		0.1212121212		3.56390726e-23
-21310655.33		0.1212121212		1.061203912e-23
-21310655.33		0.1212121212		6.872895526e-25

-257678839.4		0.1818181818		1.91142715e-23
-257678839.4		0.1818181818		4.114256694e-24
-257678839.4		0.1818181818		2.588434887e-24

-60780390.2		0.0404040404		3.982041317e-23
-60780390.2		0.0404040404		5.594439519e-24
-60780390.2		0.0404040404		1.129871937e-24

-134917458.7		0.08080808081		3.00843236e-23
-134917458.7		0.08080808081		1.11607464e-23
-134917458.7		0.08080808081		4.158760364e-24

-58379189.59		0.1414141414		3.048121115e-23
-58379189.59		0.1414141414		1.483791498e-23
-58379189.59		0.1414141414		2.098981837e-24

-210255127.6		0.07070707071		2.625140894e-23
-210255127.6		0.07070707071		6.83146256e-24
-210255127.6		0.07070707071		1.23596971e-24

-170785392.7		0.1515151515		2.66850303e-23
-170785392.7		0.1515151515		1.131395381e-23
-170785392.7		0.1515151515		2.832027159e-24

-132516258.1		0.1818181818		2.605961883e-23
-132516258.1		0.1818181818		1.528649597e-23
-132516258.1		0.1818181818		3.173492091e-24

-232166083		0.202020202		2.265881715e-23
-232166083		0.202020202		7.198555196e-24
-232166083		0.202020202		3.446010001e-24

-159229614.8		0.1111111111		2.781958767e-23
-159229614.8		0.1111111111		1.113092836e-23
-159229614.8		0.1111111111		2.682861357e-24

-299849925		0		1.312851513e-21
-299849925		0		1.31228843e-21
-299849925		0		1.312012822e-21

-236968484.2		0		2.687564843e-23
-236968484.2		0		2.243674162e-24
-236968484.2		0		3.415984976e-25

-69934967.48		0.1818181818		3.080120107e-23
-69934967.48		0.1818181818		1.423410184e-23
-69934967.48		0.1818181818		1.969768007e-24

-220610305.2		0.1616161616		2.234598825e-23
-220610305.2		0.1616161616		8.619339342e-24
-220610305.2		0.1616161616		3.843568695e-24

-45622811.41		0.1515151515		2.661915646e-23
-45622811.41		0.1515151515		1.892962184e-23
-45622811.41		0.1515151515		5.576989148e-24

-207853927		0.1717171717		2.440540528e-23
-207853927		0.1717171717		8.599458479e-24
-207853927		0.1717171717		2.305261409e-24

-196298149.1		0.1313131313		2.77577187e-23
-196298149.1		0.1313131313		7.156154634e-24
-196298149.1		0.1313131313		5.298605547e-24

-193896948.5		0.2323232323		2.849175073e-23
-193896948.5		0.2323232323		7.317391164e-24
-193896948.5		0.2323232323		6.744788219e-24

-32866433.22		0.1616161616		3.097369311e-23
-32866433.22		0.1616161616		1.50076402e-23
-32866433.22		0.1616161616		8.665902931e-26

-10955477.74		0.0303030303		3.469773563e-23
-10955477.74		0.0303030303		1.141515751e-23
-10955477.74		0.0303030303		8.553125859e-24

-35267633.82		0.06060606061		3.050905369e-23
-35267633.82		0.06060606061		1.524726885e-23
-35267633.82		0.06060606061		9.723665113e-24

-270285142.6		0.1717171717		1.664538512e-23
-270285142.6		0.1717171717		2.592069828e-24
-270285142.6		0.1717171717		1.137251936e-24

-235767883.9		0.05050505051		2.400224323e-23
-235767883.9		0.05050505051		3.863876729e-24
-235767883.9		0.05050505051		2.979350067e-24

-55977988.99		0.2424242424		2.458685725e-23
-55977988.99		0.2424242424		2.070662092e-23
-55977988.99		0.2424242424		1.663571021e-24

-258879439.7		0.1313131313		1.95699947e-23
-258879439.7		0.1313131313		2.701057927e-24
-258879439.7		0.1313131313		1.649767996e-24

-136118059		0.0303030303		3.019916206e-23
-136118059		0.0303030303		1.071462692e-23
-136118059		0.0303030303		7.968642565e-24

-148874437.2		0.0202020202		3.978722989e-23
-148874437.2		0.0202020202		8.092001266e-25
-148874437.2		0.0202020202		6.23395615e-25

-83741870.94		0.1212121212		3.726681816e-23
-83741870.94		0.1212121212		7.382453501e-24
-83741870.94		0.1212121212		4.247170651e-24

-244922461.2		0.1919191919		2.198360889e-23
-244922461.2		0.1919191919		4.37889885e-24
-244922461.2		0.1919191919		3.430337491e-24

-181140570.3		0.2424242424		2.499349318e-23
-181140570.3		0.2424242424		1.22005164e-23
-181140570.3		0.2424242424		4.66867575e-24

-145272636.3		0.1717171717		2.793624391e-23
-145272636.3		0.1717171717		1.258759504e-23
-145272636.3		0.1717171717		1.911841071e-24

-120960480.2		0.1414141414		3.239886518e-23
-120960480.2		0.1414141414		1.003253768e-23
-120960480.2		0.1414141414		4.060945713e-24

-9754877.439		0.08080808081		3.597403409e-23
-9754877.439		0.08080808081		1.027050461e-23
-9754877.439		0.08080808081		2.759024285e-24

-44422211.11		0.202020202		3.55011966e-23
-44422211.11		0.202020202		1.061502572e-23
-44422211.11		0.202020202		8.114638325e-24

-86293146.57		0.0202020202		3.620500872e-23
-86293146.57		0.0202020202		7.995854529e-24
-86293146.57		0.0202020202		2.176185649e-24

-174387193.6		0		3.310771812e-23
-174387193.6		0		4.106408751e-24
-174387193.6		0		3.718184929e-24

-248524262.1		0.0404040404		2.130953855e-23
-248524262.1		0.0404040404		3.488246428e-24
-248524262.1		0.0404040404		2.112539282e-24

-198699349.7		0.0303030303		2.811351271e-23
-198699349.7		0.0303030303		6.615248371e-24
-198699349.7		0.0303030303		2.431514726e-24

-107003501.8		0.202020202		3.407636014e-23
-107003501.8		0.202020202		9.565138322e-24
-107003501.8		0.202020202		6.71713592e-24

-158029014.5		0.1616161616		2.690161283e-23
-158029014.5		0.1616161616		1.240536408e-23
-158029014.5		0.1616161616		2.632359981e-24

-68734367.18		0.2323232323		3.48866106e-23
-68734367.18		0.2323232323		1.057883729e-23
-68734367.18		0.2323232323		9.762085711e-24

-94247123.56		0.2121212121		2.860915297e-23
-94247123.56		0.2121212121		1.535216678e-23
-94247123.56		0.2121212121		3.578606526e-24

-184742371.2		0.09090909091		2.804505245e-23
-184742371.2		0.09090909091		8.086814545e-24
-184742371.2		0.09090909091		3.457475686e-24

-118559279.6		0.2424242424		2.787378777e-23
-118559279.6		0.2424242424		1.474389848e-23
-118559279.6		0.2424242424		6.098923826e-24

-31665832.92		0.2121212121		2.456672338e-23
-31665832.92		0.2121212121		2.12743182e-23
-31665832.92		0.2121212121		2.421129495e-24

-247023511.8		0.09090909091		2.383895081e-23
-247023511.8		0.09090909091		2.089151667e-24
-247023511.8		0.09090909091		1.643339415e-24

-285592796.4		0.06060606061		1.729669096e-23
-285592796.4		0.06060606061		1.712149263e-23
-285592796.4		0.06060606061		4.506696632e-25

-171985993		0.101010101		3.177848938e-23
-171985993		0.101010101		6.036780186e-24
-171985993		0.101010101		3.410327805e-24

-144072036		0.2222222222		2.530273712e-23
-144072036		0.2222222222		1.530491236e-23
-144072036		0.2222222222		2.148436115e-24

-206653326.7		0.2222222222		2.549765211e-23
-206653326.7		0.2222222222		8.53986891e-24
-206653326.7		0.2222222222		4.084213826e-24

-260080040		0.08080808081		1.959180795e-23
-260080040		0.08080808081		2.370402634e-24
-260080040		0.08080808081		1.118002132e-24

-73236618.31		0.0303030303		4.105838125e-23
-73236618.31		0.0303030303		3.985691881e-24
-73236618.31		0.0303030303		1.259035947e-24

-95447723.86		0.1616161616		2.794662629e-23
-95447723.86		0.1616161616		1.583381821e-23
-95447723.86		0.1616161616		1.965690404e-24

-8404202.101		0.1313131313		3.774125547e-23
-8404202.101		0.1313131313		8.717864195e-24
-8404202.101		0.1313131313		3.465013219e-24

-281990995.5		0.2121212121		1.901646362e-23
-281990995.5		0.2121212121		1.748693017e-23
-281990995.5		0.2121212121		2.088761428e-24

-195097548.8		0.1818181818		2.812577254e-23
-195097548.8		0.1818181818		7.112477755e-24
-195097548.8		0.1818181818		6.498287315e-24

-224212106.1		0.0101010101		2.526013332e-23
-224212106.1		0.0101010101		4.064917715e-24
-224212106.1		0.0101010101		2.369876805e-24

-185942971.5		0.0404040404		3.297626626e-23
-185942971.5		0.0404040404		3.006856462e-24
-185942971.5		0.0404040404		2.856527191e-24

-261130565.3		0.0303030303		2.027119207e-23
-261130565.3		0.0303030303		8.659067418e-25
-261130565.3		0.0303030303		5.916265578e-26

-283191595.8		0.1616161616		1.85784304e-23
-283191595.8		0.1616161616		1.739370388e-23
-283191595.8		0.1616161616		1.43526283e-24

-286793396.7		0.0101010101		1.67915506e-23
-286793396.7		0.0101010101		1.674027214e-23
-286793396.7		0.0101010101		5.552582334e-25

-219109554.8		0.2121212121		2.342045196e-23
-219109554.8		0.2121212121		8.195775691e-24
-219109554.8		0.2121212121		2.576595528e-24

-269234617.3		0.2222222222		1.67977124e-23
-269234617.3		0.2222222222		3.416794122e-24
-269234617.3		0.2222222222		1.669753834e-24

-18759379.69		0.2222222222		2.420773577e-23
-18759379.69		0.2222222222		2.179282008e-23
-18759379.69		0.2222222222		1.463047092e-24

-271635817.9		0.1212121212		1.636162565e-23
-271635817.9		0.1212121212		2.110576165e-24
-271635817.9		0.1212121212		8.252367602e-25

-272836418.2		0.07070707071		1.600910577e-23
-272836418.2		0.07070707071		9.785362941e-24
-272836418.2		0.07070707071		1.326792946e-24

-122011005.5		0.09090909091		2.929949771e-23
-122011005.5		0.09090909091		1.283212731e-23
-122011005.5		0.09090909091		5.607573676e-24

-169284642.3		0.202020202		2.633283577e-23
-169284642.3		0.202020202		1.200889582e-23
-169284642.3		0.202020202		2.709069305e-25

-160280140.1		0.06060606061		2.833073636e-23
-160280140.1		0.06060606061		1.042019074e-23
-160280140.1		0.06060606061		6.354451032e-24

-294897448.7		0.202020202		7.289718654e-22
-294897448.7		0.202020202		7.287305325e-22
-294897448.7		0.202020202		7.285756641e-22

-234417208.6		0.101010101		2.261355953e-23
-234417208.6		0.101010101		5.873517925e-24
-234417208.6		0.101010101		2.978642579e-24

-36318159.08		0.0101010101		4.087844973e-23
-36318159.08		0.0101010101		5.148610377e-24
-36318159.08		0.0101010101		2.147910762e-24

-7203601.801		0.1818181818		3.778213032e-23
-7203601.801		0.1818181818		8.88477983e-24
-7203601.801		0.1818181818		7.975572918e-24

-33916958.48		0.1111111111		3.714837304e-23
-33916958.48		0.1111111111		8.941377746e-24
-33916958.48		0.1111111111		1.596241107e-24

-82541270.64		0.1717171717		3.436633581e-23
-82541270.64		0.1717171717		1.031245512e-23
-82541270.64		0.1717171717		5.210367455e-24

-245972986.5		0.1414141414		2.180211557e-23
-245972986.5		0.1414141414		4.611764906e-24
-245972986.5		0.1414141414		3.040040015e-24

-273886943.5		0.0202020202		2.370748682e-23
-273886943.5		0.0202020202		1.961759621e-23
-273886943.5		0.0202020202		8.219025674e-25

-123211605.8		0.0404040404		3.598231136e-23
-123211605.8		0.0404040404		6.176328569e-24
-123211605.8		0.0404040404		2.315353203e-24

-131165582.8		0.2323232323		2.238272884e-23
-131165582.8		0.2323232323		1.900911449e-23
-131165582.8		0.2323232323		4.021209978e-24

-110455227.6		0.05050505051		3.267046023e-23
-110455227.6		0.05050505051		1.025575946e-23
-110455227.6		0.05050505051		5.681098138e-24

-6003001.501		0.2323232323		3.265018843e-23
-6003001.501		0.2323232323		1.382558081e-23
-6003001.501		0.2323232323		7.716003278e-24

-59429714.86		0.09090909091		3.089678256e-23
-59429714.86		0.09090909091		1.431114468e-23
-59429714.86		0.09090909091		6.028384808e-24

-146323161.6		0.1212121212		3.27635302e-23
-146323161.6		0.1212121212		7.696449982e-24
-146323161.6		0.1212121212		2.224176802e-24

-96498249.12		0.1111111111		2.973775005e-23
-96498249.12		0.1111111111		1.39495823e-23
-96498249.12		0.1111111111		3.80257448e-24

-83591795.9		0.1212121212		3.645733949e-23
-83591795.9		0.1212121212		8.207781752e-24
-83591795.9		0.1212121212		3.392128894e-24

-222861430.7		0.06060606061		2.510533121e-23
-222861430.7		0.06060606061		5.434818514e-24
-222861430.7		0.06060606061		2.757943723e-24

-109254627.3		0.101010101		2.827750438e-23
-109254627.3		0.101010101		1.460760117e-23
-109254627.3		0.101010101		6.7302929e-24

-97698849.42		0.06060606061		3.020458214e-23
-97698849.42		0.06060606061		1.336688371e-23
-97698849.42		0.06060606061		8.471360897e-24

-284242121.1		0.1111111111		1.810102754e-23
-284242121.1		0.1111111111		1.728641486e-23
-284242121.1		0.1111111111		8.919527203e-25

-111655827.9		0		3.866196061e-23
-111655827.9		0		4.246969885e-24
-111655827.9		0		4.065358477e-25

-70985492.75		0.1313131313		2.677002086e-23
-70985492.75		0.1313131313		1.798093054e-23
-70985492.75		0.1313131313		6.667526711e-24

-211305652.8		0.0202020202		2.647670884e-23
-211305652.8		0.0202020202		6.205151818e-24
-211305652.8		0.0202020202		4.727955693e-24

-133566783.4		0.1313131313		3.067067762e-23
-133566783.4		0.1313131313		1.081066103e-23
-133566783.4		0.1313131313		1.648722032e-24

-23561780.89		0.0202020202		3.432577658e-23
-23561780.89		0.0202020202		1.16494919e-23
-23561780.89		0.0202020202		9.426099297e-24

-161480740.4		0.0101010101		3.123787039e-23
-161480740.4		0.0101010101		7.278531455e-24
-161480740.4		0.0101010101		4.486703638e-24

-72186093.05		0.08080808081		3.079685676e-23
-72186093.05		0.08080808081		1.394723983e-23
-72186093.05		0.08080808081		6.970942308e-24

-270135067.5		0.1717171717		1.669575495e-23
-270135067.5		0.1717171717		2.597193102e-24
-270135067.5		0.1717171717		1.156159355e-24

-49074537.27		0		4.366397125e-23
-49074537.27		0		2.201847886e-24
-49074537.27		0		1.407740673e-24

-73086543.27		0.0303030303		4.293462701e-23
-73086543.27		0.0303030303		2.316470815e-24
-73086543.27		0.0303030303		4.564515783e-25

-246873436.7		0.09090909091		2.211409737e-23
-246873436.7		0.09090909091		3.520486035e-24
-246873436.7		0.09090909091		1.776527531e-24

-173036518.3		0.05050505051		3.366233651e-23
-173036518.3		0.05050505051		4.384358464e-24
-173036518.3		0.05050505051		1.130123808e-24

-19959979.99		0.1717171717		2.606626029e-23
-19959979.99		0.1717171717		1.992566038e-23
-19959979.99		0.1717171717		4.130259877e-24

-183391695.8		0.1414141414		2.780631665e-23
-183391695.8		0.1414141414		8.890535722e-24
-183391695.8		0.1414141414		2.229187897e-24

-260980490.2		0.0303030303		1.950756057e-23
-260980490.2		0.0303030303		1.310501345e-24
-260980490.2		0.0303030303		5.97434503e-25

-81340670.34		0.2222222222		3.085997792e-23
-81340670.34		0.2222222222		1.380367831e-23
-81340670.34		0.2222222222		5.79146131e-24

-119609804.9		0.1919191919		2.681628277e-23
-119609804.9		0.1919191919		1.56000779e-23
-119609804.9		0.1919191919		2.042308799e-24

-98899449.72		0.0101010101		3.189484916e-23
-98899449.72		0.0101010101		1.1529212e-23
-98899449.72		0.0101010101		8.356960315e-24

-218959479.7		0.2121212121		2.378043314e-23
-218959479.7		0.2121212121		8.212715969e-24
-218959479.7		0.2121212121		4.907492672e-24

-233216608.3		0.1515151515		2.293100298e-23
-233216608.3		0.1515151515		5.415549805e-24
-233216608.3		0.1515151515		3.1749001e-24

-256328164.1		0.2323232323		1.946007648e-23
-256328164.1		0.2323232323		4.70503077e-24
-256328164.1		0.2323232323		3.231650754e-24

-84942471.24		0.07070707071		3.936635218e-23
-84942471.24		0.07070707071		5.185493297e-24
-84942471.24		0.07070707071		3.031750174e-24

-197348674.3		0.08080808081		2.651976047e-23
-197348674.3		0.08080808081		7.739853128e-24
-197348674.3		0.08080808081		6.792229019e-25

-147523761.9		0.07070707071		3.244149437e-23
-147523761.9		0.07070707071		7.723708701e-24
-147523761.9		0.07070707071		2.633558849e-24

-221660830.4		0.1111111111		2.604082806e-23
-221660830.4		0.1111111111		4.424777909e-24
-221660830.4		0.1111111111		2.996846872e-24

-257528764.4		0.1818181818		1.91971458e-23
-257528764.4		0.1818181818		3.632256676e-24
-257528764.4		0.1818181818		2.523664826e-24

-108054027		0.1515151515		3.455389944e-23
-108054027		0.1515151515		8.823717502e-24
-108054027		0.1515151515		3.494729985e-24

-156678339.2		0.2121212121		2.711101452e-23
-156678339.2		0.2121212121		1.248625371e-23
-156678339.2		0.2121212121		4.9173934e-24

-47873936.97		0.05050505051		3.089580667e-23
-47873936.97		0.05050505051		1.459332982e-23
-47873936.97		0.05050505051		1.005262137e-23

-208904452.2		0.1212121212		2.547995689e-23
-208904452.2		0.1212121212		7.5319393e-24
-208904452.2		0.1212121212		9.631921996e-25

-182191095.5		0.1919191919		2.447872283e-23
-182191095.5		0.1919191919		1.216774209e-23
-182191095.5		0.1919191919		3.36069298e-24

-21160580.29		0.1212121212		3.460076301e-23
-21160580.29		0.1212121212		1.160130716e-23
-21160580.29		0.1212121212		3.308189501e-25

-57028514.26		0.1919191919		3.706116204e-23
-57028514.26		0.1919191919		8.77523417e-24
-57028514.26		0.1919191919		8.734689514e-24

-46673336.67		0.101010101		3.855524929e-23
-46673336.67		0.101010101		7.376068478e-24
-46673336.67		0.101010101		2.46350394e-24

-243571785.9		0.2424242424		2.003905939e-23
-243571785.9		0.2424242424		7.180527976e-24
-243571785.9		0.2424242424		3.996712489e-24

-58229114.56		0.1414141414		2.84352257e-23
-58229114.56		0.1414141414		1.68179685e-23
-58229114.56		0.1414141414		4.205608553e-24

-134767383.7		0.08080808081		2.832117803e-23
-134767383.7		0.08080808081		1.280158321e-23
-134767383.7		0.08080808081		7.195809431e-24

-170635317.7		0.1515151515		2.718081975e-23
-170635317.7		0.1515151515		1.092834496e-23
-170635317.7		0.1515151515		1.696683529e-24

-69784892.45		0.1818181818		2.777221854e-23
-69784892.45		0.1818181818		1.713699209e-23
-69784892.45		0.1818181818		1.857187357e-24

-159079539.8		0.1111111111		2.759585158e-23
-159079539.8		0.1111111111		1.154614971e-23
-159079539.8		0.1111111111		4.252558564e-24

-132366183.1		0.1818181818		3.151759212e-23
-132366183.1		0.1818181818		1.016730155e-23
-132366183.1		0.1818181818		3.753027564e-24

-210105052.5		0.07070707071		2.598307982e-23
-210105052.5		0.07070707071		6.170084174e-24
-210105052.5		0.07070707071		9.208533341e-25

-207703851.9		0.1717171717		2.554270135e-23
-207703851.9		0.1717171717		8.208887034e-24
-207703851.9		0.1717171717		3.427113532e-24

-220460230.1		0.1616161616		2.714309533e-23
-220460230.1		0.1616161616		4.887483294e-24
-220460230.1		0.1616161616		3.234927892e-24

-236818409.2		0		2.3845499e-23
-236818409.2		0		3.288636938e-24
-236818409.2		0		2.724077253e-24

-22361180.59		0.07070707071		4.047220856e-23
-22361180.59		0.07070707071		5.872853039e-24
-22361180.59		0.07070707071		8.60506115e-25

-193746873.4		0.2323232323		2.296060402e-23
-193746873.4		0.2323232323		1.240913896e-23
-193746873.4		0.2323232323		3.856854909e-24

-232016008		0.202020202		2.23701111e-23
-232016008		0.202020202		6.433961638e-24
-232016008		0.202020202		3.531005039e-24

-196148074		0.1313131313		2.618563054e-23
-196148074		0.1313131313		8.769283838e-24
-196148074		0.1313131313		3.966262332e-25

-258729364.7		0.1313131313		1.929426029e-23
-258729364.7		0.1313131313		2.799350957e-24
-258729364.7		0.1313131313		1.766675002e-24

-32716358.18		0.1616161616		2.95852219e-23
-32716358.18		0.1616161616		1.634573698e-23
-32716358.18		0.1616161616		1.397604465e-24

-45472736.37		0.1515151515		2.708693598e-23
-45472736.37		0.1515151515		1.847440834e-23
-45472736.37		0.1515151515		4.927225722e-24

-169134567.3		0.202020202		2.599898374e-23
-169134567.3		0.202020202		1.22862215e-23
-169134567.3		0.202020202		2.510285383e-24

-60630315.16		0.0404040404		4.294131198e-23
-60630315.16		0.0404040404		2.677875845e-24
-60630315.16		0.0404040404		1.861757657e-24

-198549274.6		0.0303030303		2.864981645e-23
-198549274.6		0.0303030303		5.239169166e-24
-198549274.6		0.0303030303		5.774950075e-25

-44272136.07		0.202020202		3.321338311e-23
-44272136.07		0.202020202		1.275399634e-23
-44272136.07		0.202020202		5.95819682e-24

-35117558.78		0.06060606061		3.037236644e-23
-35117558.78		0.06060606061		1.538100105e-23
-35117558.78		0.06060606061		9.89150658e-24

-10805402.7		0.0303030303		3.51201059e-23
-10805402.7		0.0303030303		1.100574555e-23
-10805402.7		0.0303030303		8.140449591e-24

-244772386.2		0.1919191919		2.177554134e-23
-244772386.2		0.1919191919		5.649676943e-24
-244772386.2		0.1919191919		3.137959588e-24

-55827913.96		0.2424242424		2.448093338e-23
-55827913.96		0.2424242424		2.084333605e-23
-55827913.96		0.2424242424		1.009317392e-24

-235617808.9		0.05050505051		2.447758737e-23
-235617808.9		0.05050505051		3.753669863e-24
-235617808.9		0.05050505051		5.342089059e-25

-106853426.7		0.202020202		2.883800774e-23
-106853426.7		0.202020202		1.442095699e-23
-106853426.7		0.202020202		2.558541805e-24

-135967984		0.0303030303		3.20766307e-23
-135967984		0.0303030303		8.856799652e-24
-135967984		0.0303030303		2.834141412e-24

-180990495.2		0.2424242424		2.606803528e-23
-180990495.2		0.2424242424		1.098434203e-23
-180990495.2		0.2424242424		6.552875593e-24

-145122561.3		0.1717171717		3.384380674e-23
-145122561.3		0.1717171717		7.080982678e-24
-145122561.3		0.1717171717		6.910813556e-24

-120810405.2		0.1414141414		3.303094685e-23
-120810405.2		0.1414141414		9.457918251e-24
-120810405.2		0.1414141414		4.711208778e-24

-9604802.401		0.08080808081		3.643861082e-23
-9604802.401		0.08080808081		9.826260163e-24
-9604802.401		0.08080808081		2.314684409e-24

-248374187.1		0.0404040404		2.157323339e-23
-248374187.1		0.0404040404		2.798385218e-24
-248374187.1		0.0404040404		1.873826336e-24

-157878939.5		0.1616161616		2.708793137e-23
-157878939.5		0.1616161616		1.227751487e-23
-157878939.5		0.1616161616		1.065257908e-24

-68584292.15		0.2323232323		3.221874606e-23
-68584292.15		0.2323232323		1.308108865e-23
-68584292.15		0.2323232323		7.290615449e-24

-94097048.52		0.2121212121		3.275463364e-23
-94097048.52		0.2121212121		1.144445293e-23
-94097048.52		0.2121212121		7.905123925e-24

-174237118.6		0		2.848438081e-23
-174237118.6		0		8.665571558e-24
-174237118.6		0		8.451561123e-24

-184592296.1		0.09090909091		3.226742879e-23
-184592296.1		0.09090909091		4.506300823e-24
-184592296.1		0.09090909091		1.460478956e-24

-118409204.6		0.2424242424		3.154584404e-23
-118409204.6		0.2424242424		1.141598892e-23
-118409204.6		0.2424242424		9.857392313e-24

-31515757.88		0.2121212121		2.501627049e-23
-31515757.88		0.2121212121		2.084223823e-23
-31515757.88		0.2121212121		1.671280745e-24

-171835918		0.101010101		2.720089765e-23
-171835918		0.101010101		1.038348477e-23
-171835918		0.101010101		3.689877982e-24

-143921961		0.2222222222		2.873766303e-23
-143921961		0.2222222222		1.212244676e-23
-143921961		0.2222222222		5.87199755e-24

-194947473.7		0.1818181818		2.4922228e-23
-194947473.7		0.1818181818		1.039504144e-23
-194947473.7		0.1818181818		2.174935439e-24

-206503251.6		0.2222222222		2.18973054e-23
-206503251.6		0.2222222222		1.14244206e-23
-206503251.6		0.2222222222		4.30555732e-24

-148724362.2		0.0202020202		3.279203486e-23
-148724362.2		0.0202020202		7.216848852e-24
-148724362.2		0.0202020202		5.876157126e-24

-281840920.5		0.2121212121		1.88026065e-23
-281840920.5		0.2121212121		1.769434624e-23
-281840920.5		0.2121212121		2.0994364e-24

-86143071.54		0.0202020202		4.024508997e-23
-86143071.54		0.0202020202		4.154281316e-24
-86143071.54		0.0202020202		1.969937748e-24

-285442721.4		0.06060606061		1.759420481e-23
-285442721.4		0.06060606061		1.701456007e-23
-285442721.4		0.06060606061		4.488808819e-25

-8254127.064		0.1313131313		3.817771665e-23
-8254127.064		0.1313131313		8.309338572e-24
-8254127.064		0.1313131313		3.873408721e-24

-95297648.82		0.1616161616		3.098286736e-23
-95297648.82		0.1616161616		1.291774803e-23
-95297648.82		0.1616161616		2.119285182e-24

-283041520.8		0.1616161616		1.860043788e-23
-283041520.8		0.1616161616		1.746013911e-23
-283041520.8		0.1616161616		1.454506251e-24

-224062031		0.0101010101		2.598499284e-23
-224062031		0.0101010101		5.023140319e-24
-224062031		0.0101010101		1.695726998e-24

-259929965		0.08080808081		2.023853615e-23
-259929965		0.08080808081		2.69670188e-24
-259929965		0.08080808081		1.047708115e-24

-185792896.4		0.0404040404		2.790493787e-23
-185792896.4		0.0404040404		8.372533036e-24
-185792896.4		0.0404040404		4.646398678e-24

-286643321.7		0.0101010101		1.697874863e-23
-286643321.7		0.0101010101		1.671020576e-23
-286643321.7		0.0101010101		5.088635068e-25

-18609304.65		0.2222222222		2.465956996e-23
-18609304.65		0.2222222222		2.135455343e-23
-18609304.65		0.2222222222		9.438989445e-25

-269084542.3		0.2222222222		1.67303747e-23
-269084542.3		0.2222222222		3.43508698e-24
-269084542.3		0.2222222222		1.699947487e-24

-298499249.6		0.05050505051		1.152573853e-21
-298499249.6		0.05050505051		1.15224646e-21
-298499249.6		0.05050505051		1.151904268e-21

-271485742.9		0.1212121212		1.641335616e-23
-271485742.9		0.1212121212		2.079930157e-24
-271485742.9		0.1212121212		8.434127925e-25

-121860930.5		0.09090909091		3.091659596e-23
-121860930.5		0.09090909091		1.124606174e-23
-121860930.5		0.09090909091		1.198637693e-24

-83441720.86		0.1212121212		3.256631303e-23
-83441720.86		0.1212121212		1.189094457e-23
-83441720.86		0.1212121212		8.309521463e-25

-160130065		0.06060606061		2.913450956e-23
-160130065		0.06060606061		9.896576135e-24
-160130065		0.06060606061		4.097982564e-24

-72036018.01		0.08080808081		3.356127718e-23
-72036018.01		0.08080808081		1.127913806e-23
-72036018.01		0.08080808081		4.307532361e-24

-7053526.763		0.1818181818		3.740018901e-23
-7053526.763		0.1818181818		9.237482736e-24
-7053526.763		0.1818181818		7.622910983e-24

-33766883.44		0.1111111111		3.888878188e-23
-33766883.44		0.1111111111		7.30560072e-24
-33766883.44		0.1111111111		3.242351612e-24

-82391195.6		0.1717171717		3.571779113e-23
-82391195.6		0.1717171717		9.126184269e-24
-82391195.6		0.1717171717		6.390773645e-24

-272686343.2		0.07070707071		1.604995672e-23
-272686343.2		0.07070707071		3.637393279e-24
-272686343.2		0.07070707071		1.300136003e-24

-234267133.6		0.101010101		2.6731841e-23
-234267133.6		0.101010101		2.473776424e-24
-234267133.6		0.101010101		2.00254445e-24

-36168084.04		0.0101010101		3.913028334e-23
-36168084.04		0.0101010101		6.816020712e-24
-36168084.04		0.0101010101		3.910737919e-24

-245822911.5		0.1414141414		2.139445968e-23
-245822911.5		0.1414141414		4.102340481e-24
-245822911.5		0.1414141414		2.648332239e-24

-72936468.23		0.0303030303		3.919208649e-23
-72936468.23		0.0303030303		5.809095616e-24
-72936468.23		0.0303030303		3.106659351e-24

-246723361.7		0.09090909091		2.12443607e-23
-246723361.7		0.09090909091		4.214325606e-24
-246723361.7		0.09090909091		2.285660392e-24

-260830415.2		0.0303030303		1.923626854e-23
-260830415.2		0.0303030303		2.073218022e-24
-260830415.2		0.0303030303		7.590188549e-25

-218809404.7		0.2121212121		2.363285282e-23
-218809404.7		0.2121212121		8.161464145e-24
-218809404.7		0.2121212121		2.683041733e-24

-297298649.3		0.101010101		1.01089074e-21
-297298649.3		0.101010101		1.010550601e-21
-297298649.3		0.101010101		1.010208766e-21

-273736868.4		0.0202020202		2.292248749e-23
-273736868.4		0.0202020202		2.003314172e-23
-273736868.4		0.0202020202		7.418943645e-25

-123061530.8		0.0404040404		3.151691354e-23
-123061530.8		0.0404040404		1.045259751e-23
-123061530.8		0.0404040404		3.382529505e-24

-110305152.6		0.05050505051		2.988027886e-23
-110305152.6		0.05050505051		1.293504381e-23
-110305152.6		0.05050505051		8.922688272e-24

-131015507.8		0.2323232323		2.602953807e-23
-131015507.8		0.2323232323		1.55512378e-23
-131015507.8		0.2323232323		3.17212422e-24

-59279639.82		0.09090909091		3.310792348e-23
-59279639.82		0.09090909091		1.217296535e-23
-59279639.82		0.09090909091		3.726319312e-24

-269984992.5		0.1717171717		1.669122785e-23
-269984992.5		0.1717171717		2.598280616e-24
-269984992.5		0.1717171717		1.179685073e-24

-5852926.463		0.2323232323		3.234330571e-23
-5852926.463		0.2323232323		1.411431162e-23
-5852926.463		0.2323232323		7.42743501e-24

-109104552.3		0.101010101		3.186001429e-23
-109104552.3		0.101010101		1.115707742e-23
-109104552.3		0.101010101		3.230380893e-24

-96348174.09		0.1111111111		3.298355361e-23
-96348174.09		0.1111111111		1.082456776e-23
-96348174.09		0.1111111111		5.399074456e-25

-146173086.5		0.1212121212		2.755526969e-23
-146173086.5		0.1212121212		1.262200663e-23
-146173086.5		0.1212121212		4.253138678e-24

-296098049		0.1515151515		8.698059652e-22
-296098049		0.1515151515		8.694591324e-22
-296098049		0.1515151515		8.690989869e-22

-70835417.71		0.1313131313		2.730606464e-23
-70835417.71		0.1313131313		1.745886081e-23
-70835417.71		0.1313131313		6.145515535e-24

-97548774.39		0.06060606061		3.126591047e-23
-97548774.39		0.06060606061		1.233185504e-23
-97548774.39		0.06060606061		5.842020749e-24

-111505752.9		0		3.831130699e-23
-111505752.9		0		4.779698671e-24
-111505752.9		0		1.065421157e-24

-23411705.85		0.0202020202		3.515352204e-23
-23411705.85		0.0202020202		1.084492746e-23
-23411705.85		0.0202020202		8.549572948e-24

-294747373.7		0.202020202		7.116009066e-22
-294747373.7		0.202020202		7.11168669e-22
-294747373.7		0.202020202		7.110578943e-22

-222711355.7		0.06060606061		2.566048311e-23
-222711355.7		0.06060606061		4.92374408e-24
-222711355.7		0.06060606061		8.84498077e-25

-48924462.23		0		4.203561854e-23
-48924462.23		0		3.78913799e-24
-48924462.23		0		2.042069615e-25

-133416708.4		0.1313131313		2.665153982e-23
-133416708.4		0.1313131313		1.461676681e-23
-133416708.4		0.1313131313		5.413092978e-24

-161330665.3		0.0101010101		2.936624748e-23
-161330665.3		0.0101010101		9.399209905e-24
-161330665.3		0.0101010101		8.624887439e-24

-284092046		0.1111111111		1.797231755e-23
-284092046		0.1111111111		1.745502405e-23
-284092046		0.1111111111		9.062903785e-25

-81190595.3		0.2222222222		3.498175888e-23
-81190595.3		0.2222222222		9.988202423e-24
-81190595.3		0.2222222222		9.609211193e-24

-211155577.8		0.0202020202		2.938690132e-23
-211155577.8		0.0202020202		2.656829383e-24
-211155577.8		0.0202020202		7.196623848e-25

-172886443.2		0.05050505051		2.959239233e-23
-172886443.2		0.05050505051		7.740873718e-24
-172886443.2		0.05050505051		3.05235081e-24

-19809904.95		0.1717171717		2.569384432e-23
-19809904.95		0.1717171717		2.028884191e-23
-19809904.95		0.1717171717		4.51868293e-24

-119459729.9		0.1919191919		2.758962549e-23
-119459729.9		0.1919191919		1.484903587e-23
-119459729.9		0.1919191919		1.566368788e-24

-98749374.69		0.0101010101		3.199415574e-23
-98749374.69		0.0101010101		1.149297934e-23
-98749374.69		0.0101010101		1.06137573e-23

-299699849.9		0		1.294903013e-21
-299699849.9		0		1.294573027e-21
-299699849.9		0		1.29418426e-21

-183241620.8		0.1414141414		2.933181188e-23
-183241620.8		0.1414141414		7.264320555e-24
-183241620.8		0.1414141414		2.375636359e-24

-233066533.3		0.1515151515		2.320040616e-23
-233066533.3		0.1515151515		6.128577456e-24
-233066533.3		0.1515151515		2.394537287e-24

-197198599.3		0.08080808081		2.690522943e-23
-197198599.3		0.08080808081		7.86828862e-24
-197198599.3		0.08080808081		1.879596197e-24

-257378689.3		0.1818181818		1.934550041e-23
-257378689.3		0.1818181818		3.704969109e-24
-257378689.3		0.1818181818		2.662110619e-24

-147373686.8		0.07070707071		2.808415823e-23
-147373686.8		0.07070707071		1.192299418e-23
-147373686.8		0.07070707071		7.201629052e-24

-221510755.4		0.1111111111		2.391252525e-23
-221510755.4		0.1111111111		7.093354974e-24
-221510755.4		0.1111111111		3.139919157e-24

-84792396.2		0.07070707071		3.750201153e-23
-84792396.2		0.07070707071		7.016122109e-24
-84792396.2		0.07070707071		1.13239374e-24

-256178089		0.2323232323		1.926172701e-23
-256178089		0.2323232323		4.726452049e-24
-256178089		0.2323232323		3.169492248e-24

-182041020.5		0.1919191919		2.637920509e-23
-182041020.5		0.1919191919		1.062847336e-23
-182041020.5		0.1919191919		3.206262097e-24

-47723861.93		0.05050505051		3.149889284e-23
-47723861.93		0.05050505051		1.400254368e-23
-47723861.93		0.05050505051		9.183008425e-24

-208754377.2		0.1212121212		2.584704489e-23
-208754377.2		0.1212121212		7.256597022e-24
-208754377.2		0.1212121212		3.520853563e-24

-21010505.25		0.1212121212		3.360236123e-23
-21010505.25		0.1212121212		1.255682606e-23
-21010505.25		0.1212121212		1.282922106e-24

-56878439.22		0.1919191919		3.418464135e-23
-56878439.22		0.1919191919		1.149502899e-23
-56878439.22		0.1919191919		6.016086977e-24

-107903952		0.1515151515		3.503977147e-23
-107903952		0.1515151515		8.448958267e-24
-107903952		0.1515151515		3.840326576e-24

-168984492.2		0.202020202		2.942239018e-23
-168984492.2		0.202020202		9.168007323e-24
-168984492.2		0.202020202		7.97344807e-24

-156528264.1		0.2121212121		2.851398986e-23
-156528264.1		0.2121212121		1.118644779e-23
-156528264.1		0.2121212121		6.804781265e-24

-170485242.6		0.1515151515		2.988362243e-23
-170485242.6		0.1515151515		8.21096957e-24
-170485242.6		0.1515151515		5.503280409e-24

-58079039.52		0.1414141414		2.715872575e-23
-58079039.52		0.1414141414		1.805984448e-23
-58079039.52		0.1414141414		5.662287779e-24

-46523261.63		0.101010101		3.622358182e-23
-46523261.63		0.101010101		9.578785158e-24
-46523261.63		0.101010101		2.472070842e-25

-158929464.7		0.1111111111		3.02556676e-23
-158929464.7		0.1111111111		9.043181907e-24
-158929464.7		0.1111111111		1.984874959e-24

-134617308.7		0.08080808081		3.013478426e-23
-134617308.7		0.08080808081		1.097468087e-23
-134617308.7		0.08080808081		4.185343166e-24

-243421710.9		0.2424242424		2.267097819e-23
-243421710.9		0.2424242424		5.282870215e-24
-243421710.9		0.2424242424		4.330360932e-24

-132216108.1		0.1818181818		3.23960857e-23
-132216108.1		0.1818181818		9.46660101e-24
-132216108.1		0.1818181818		4.344354741e-24

-69634817.41		0.1818181818		2.552398756e-23
-69634817.41		0.1818181818		1.931324273e-23
-69634817.41		0.1818181818		3.778440385e-24

-207553776.9		0.1717171717		2.405969343e-23
-207553776.9		0.1717171717		9.066504106e-24
-207553776.9		0.1717171717		2.668332644e-24

-198399199.6		0.0303030303		2.724311068e-23
-198399199.6		0.0303030303		7.29440375e-24
-198399199.6		0.0303030303		5.36668771e-24

-220310155.1		0.1616161616		2.256424607e-23
-220310155.1		0.1616161616		8.405795085e-24
-220310155.1		0.1616161616		3.64167402e-24

-258579289.6		0.1313131313		1.92767906e-23
-258579289.6		0.1313131313		3.377441512e-24
-258579289.6		0.1313131313		1.849858347e-24

-236668334.2		0		2.338525216e-23
-236668334.2		0		3.623289343e-24
-236668334.2		0		3.185339352e-24

-193596798.4		0.2323232323		2.376181548e-23
-193596798.4		0.2323232323		1.14393576e-23
-193596798.4		0.2323232323		3.738475179e-24

-44122061.03		0.202020202		3.104282756e-23
-44122061.03		0.202020202		1.481024872e-23
-44122061.03		0.202020202		3.861890447e-24

-209954977.5		0.07070707071		2.603459834e-23
-209954977.5		0.07070707071		7.002053345e-24
-209954977.5		0.07070707071		2.229112385e-24

-32566283.14		0.1616161616		2.836003696e-23
-32566283.14		0.1616161616		1.753168773e-23
-32566283.14		0.1616161616		2.648567869e-24

-244622311.2		0.1919191919		2.127566439e-23
-244622311.2		0.1919191919		5.469528505e-24
-244622311.2		0.1919191919		2.673235813e-24

-231865933		0.202020202		2.180144306e-23
-231865933		0.202020202		7.735715686e-24
-231865933		0.202020202		3.326847163e-24

-195997999		0.1313131313		2.603057685e-23
-195997999		0.1313131313		8.79290125e-24
-195997999		0.1313131313		8.360719386e-25

-34967483.74		0.06060606061		3.059690336e-23
-34967483.74		0.06060606061		1.51610759e-23
-34967483.74		0.06060606061		9.613329609e-24

-106703351.7		0.202020202		2.482113623e-23
-106703351.7		0.202020202		1.825696531e-23
-106703351.7		0.202020202		3.228359867e-24

-45322661.33		0.1515151515		2.809640926e-23
-45322661.33		0.1515151515		1.749270108e-23
-45322661.33		0.1515151515		3.701428028e-24

-10655327.66		0.0303030303		3.555399331e-23
-10655327.66		0.0303030303		1.058576113e-23
-10655327.66		0.0303030303		7.717811663e-24

-83291645.82		0.1212121212		2.953768309e-23
-83291645.82		0.1212121212		1.480618666e-23
-83291645.82		0.1212121212		4.05285913e-24

-55677838.92		0.2424242424		2.569140564e-23
-55677838.92		0.2424242424		1.969072458e-23
-55677838.92		0.2424242424		2.141055831e-24

-235467733.9		0.05050505051		2.359926111e-23
-235467733.9		0.05050505051		4.375127572e-24
-235467733.9		0.05050505051		1.339419268e-24

-180840420.2		0.2424242424		2.504010045e-23
-180840420.2		0.2424242424		1.204951241e-23
-180840420.2		0.2424242424		2.196298577e-24

-120660330.2		0.1414141414		2.886625822e-23
-120660330.2		0.1414141414		1.343126524e-23
-120660330.2		0.1414141414		6.308050035e-25

-248224112.1		0.0404040404		2.254230393e-23
-248224112.1		0.0404040404		1.642194276e-24
-248224112.1		0.0404040404		9.9510147e-25

-9454727.364		0.08080808081		3.690262247e-23
-9454727.364		0.08080808081		9.383455263e-24
-9454727.364		0.08080808081		1.8719151e-24

-174087043.5		0		3.192072212e-23
-174087043.5		0		5.8605723e-24
-174087043.5		0		4.447262176e-24

-68434217.11		0.2323232323		2.88219039e-23
-68434217.11		0.2323232323		1.62791554e-23
-68434217.11		0.2323232323		4.224761949e-24

-144972486.2		0.1717171717		2.776196819e-23
-144972486.2		0.1717171717		1.266267616e-23
-144972486.2		0.1717171717		1.805350632e-24

-31365682.84		0.2121212121		2.581695631e-23
-31365682.84		0.2121212121		2.00671852e-23
-31365682.84		0.2121212121		7.019102856e-25

-93946973.49		0.2121212121		3.193085732e-23
-93946973.49		0.2121212121		1.226039203e-23
-93946973.49		0.2121212121		7.06307093e-24

-60480240.12		0.0404040404		4.071147478e-23
-60480240.12		0.0404040404		4.804723096e-24
-60480240.12		0.0404040404		3.274839614e-25

-118259129.6		0.2424242424		2.682851884e-23
-118259129.6		0.2424242424		1.581796407e-23
-118259129.6		0.2424242424		4.593147602e-24

-22211105.55		0.07070707071		4.164367786e-23
-22211105.55		0.07070707071		4.77901659e-24
-22211105.55		0.07070707071		1.953583209e-24

-157728864.4		0.1616161616		3.18267617e-23
-157728864.4		0.1616161616		7.854618296e-24
-157728864.4		0.1616161616		7.036868728e-24

-184442221.1		0.09090909091		2.590996921e-23
-184442221.1		0.09090909091		1.024863104e-23
-184442221.1		0.09090909091		5.586126365e-24

-71885942.97		0.08080808081		3.6930409e-23
-71885942.97		0.08080808081		8.070049446e-24
-71885942.97		0.08080808081		1.178421604e-24

-143771885.9		0.2222222222		2.889658896e-23
-143771885.9		0.2222222222		1.189290323e-23
-143771885.9		0.2222222222		6.156172379e-24

-194797398.7		0.1818181818		2.49837317e-23
-194797398.7		0.1818181818		9.933011141e-24
-194797398.7		0.1818181818		2.394507767e-24

-85992996.5		0.0202020202		3.839678161e-23
-85992996.5		0.0202020202		5.98456777e-24
-85992996.5		0.0202020202		7.232734234e-26

-171685842.9		0.101010101		2.746108047e-23
-171685842.9		0.101010101		1.042723005e-23
-171685842.9		0.101010101		3.134653548e-24

-135817909		0.0303030303		3.783442222e-23
-135817909		0.0303030303		3.442634334e-24
-135817909		0.0303030303		3.365271077e-24

-282891445.7		0.1616161616		1.857592431e-23
-282891445.7		0.1616161616		1.755348627e-23
-282891445.7		0.1616161616		1.473895125e-24

-148574287.1		0.0202020202		2.930899189e-23
-148574287.1		0.0202020202		1.057998198e-23
-148574287.1		0.0202020202		9.228772089e-24

-281690845.4		0.2121212121		1.908807765e-23
-281690845.4		0.2121212121		1.761601451e-23
-281690845.4		0.2121212121		2.113798373e-24

-223911956		0.0101010101		2.467006159e-23
-223911956		0.0101010101		4.639805376e-24
-223911956		0.0101010101		2.021647886e-24

-95147573.79		0.1616161616		3.536151054e-23
-95147573.79		0.1616161616		8.796808652e-24
-95147573.79		0.1616161616		6.529241467e-24

-285292646.3		0.06060606061		1.755296253e-23
-285292646.3		0.06060606061		1.713439207e-23
-285292646.3		0.06060606061		4.387001008e-25

-8104052.026		0.1313131313		3.860881488e-23
-8104052.026		0.1313131313		7.906983802e-24
-8104052.026		0.1313131313		4.275624646e-24

-246573286.6		0.09090909091		2.168061476e-23
-246573286.6		0.09090909091		3.070794992e-24
-246573286.6		0.09090909091		1.345974863e-24

-72786393.2		0.0303030303		3.578555832e-23
-72786393.2		0.0303030303		9.055209735e-24
-72786393.2		0.0303030303		6.377785926e-24

-206353176.6		0.2222222222		2.862129164e-23
-206353176.6		0.2222222222		5.934581386e-24
-206353176.6		0.2222222222		5.723259943e-24

-185642821.4		0.0404040404		2.780636114e-23
-185642821.4		0.0404040404		7.84121329e-24
-185642821.4		0.0404040404		4.538606547e-24

-259779889.9		0.08080808081		1.997961252e-23
-259779889.9		0.08080808081		2.514894629e-24
-259779889.9		0.08080808081		1.078159907e-24

-18459229.61		0.2222222222		2.522022875e-23
-18459229.61		0.2222222222		2.081030404e-23
-18459229.61		0.2222222222		3.843047531e-25

-218659329.7		0.2121212121		2.357600017e-23
-218659329.7		0.2121212121		8.267546355e-24
-218659329.7		0.2121212121		4.708156771e-24

-268934467.2		0.2222222222		1.676249194e-23
-268934467.2		0.2222222222		3.438980071e-24
-268934467.2		0.2222222222		1.731393371e-24

-286493246.6		0.0101010101		1.707336041e-23
-286493246.6		0.0101010101		1.67327308e-23
-286493246.6		0.0101010101		4.668631744e-25

-260680340.2		0.0303030303		1.973309432e-23
-260680340.2		0.0303030303		2.255816863e-24
-260680340.2		0.0303030303		5.870407397e-25

-121710855.4		0.09090909091		3.56572313e-23
-121710855.4		0.09090909091		6.735940407e-24
-121710855.4		0.09090909091		4.425963651e-24

-271335667.8		0.1212121212		1.646225886e-23
-271335667.8		0.1212121212		2.141903148e-24
-271335667.8		0.1212121212		8.509023742e-25

-269834917.5		0.1717171717		1.680060197e-23
-269834917.5		0.1717171717		2.60551365e-24
-269834917.5		0.1717171717		1.196942422e-24

-6903451.726		0.1818181818		3.702770143e-23
-6903451.726		0.1818181818		9.5824652e-24
-6903451.726		0.1818181818		7.27796521e-24

-159979990		0.06060606061		3.459142551e-23
-159979990		0.06060606061		4.777069125e-24
-159979990		0.06060606061		2.97076837e-24

-36018009		0.0101010101		3.749722425e-23
-36018009		0.0101010101		8.384835919e-24
-36018009		0.0101010101		5.619155966e-24

-33616808.4		0.1111111111		4.066738718e-23
-33616808.4		0.1111111111		5.653408781e-24
-33616808.4		0.1111111111		4.897199153e-24

-82241120.56		0.1717171717		3.169402953e-23
-82241120.56		0.1717171717		1.289571106e-23
-82241120.56		0.1717171717		2.598626348e-24

-234117058.5		0.101010101		2.266075132e-23
-234117058.5		0.101010101		5.7254256e-24
-234117058.5		0.101010101		3.01781363e-24

-245672836.4		0.1414141414		2.146025518e-23
-245672836.4		0.1414141414		4.513879118e-24
-245672836.4		0.1414141414		2.058351507e-24

-273586793.4		0.0202020202		2.194406659e-23
-273586793.4		0.0202020202		2.077613819e-23
-273586793.4		0.0202020202		3.36792697e-25

-272536268.1		0.07070707071		1.610772888e-23
-272536268.1		0.07070707071		1.296845063e-24
-272536268.1		0.07070707071		1.092428776e-24

-122911455.7		0.0404040404		3.071365417e-23
-122911455.7		0.0404040404		1.128080973e-23
-122911455.7		0.0404040404		7.870315991e-24

-110155077.5		0.05050505051		3.029269991e-23
-110155077.5		0.05050505051		1.249832989e-23
-110155077.5		0.05050505051		8.413859713e-24

-59129564.78		0.09090909091		3.576673833e-23
-59129564.78		0.09090909091		9.626119561e-24
-59129564.78		0.09090909091		1.11580095e-24

-130865432.7		0.2323232323		3.219433321e-23
-130865432.7		0.2323232323		9.904380767e-24
-130865432.7		0.2323232323		7.427080363e-24

-108954477.2		0.101010101		3.701574241e-23
-108954477.2		0.101010101		6.321143058e-24
-108954477.2		0.101010101		2.039897229e-24

-5702851.426		0.2323232323		3.204568224e-23
-5702851.426		0.2323232323		1.439481547e-23
-5702851.426		0.2323232323		7.147090044e-24

-146023011.5		0.1212121212		2.692562186e-23
-146023011.5		0.1212121212		1.332648336e-23
-146023011.5		0.1212121212		5.23359876e-24

-70685342.67		0.1313131313		2.931028469e-23
-70685342.67		0.1313131313		1.551414259e-23
-70685342.67		0.1313131313		4.220829288e-24

-83141570.79		0.1212121212		2.797565461e-23
-83141570.79		0.1212121212		1.632015724e-23
-83141570.79		0.1212121212		6.257618693e-24

-23261630.82		0.0202020202		3.606750232e-23
-23261630.82		0.0202020202		9.959122429e-24
-23261630.82		0.0202020202		7.605514791e-24

-97398699.35		0.06060606061		3.442692947e-23
-97398699.35		0.06060606061		9.277626752e-24
-97398699.35		0.06060606061		1.627263303e-24

-222561280.6		0.06060606061		2.509415477e-23
-222561280.6		0.06060606061		5.212979495e-24
-222561280.6		0.06060606061		3.103691285e-24

-111355677.8		0		3.367520782e-23
-111355677.8		0		9.203596082e-24
-111355677.8		0		6.222666233e-24

-81040520.26		0.2222222222		3.132470844e-23
-81040520.26		0.2222222222		1.343069408e-23
-81040520.26		0.2222222222		6.150729044e-24

-133266633.3		0.1313131313		2.70464585e-23
-133266633.3		0.1313131313		1.419416325e-23
-133266633.3		0.1313131313		4.949090136e-24

-96198099.05		0.1111111111		3.745338971e-23
-96198099.05		0.1111111111		6.61129812e-24
-96198099.05		0.1111111111		4.88107623e-24

-161180590.3		0.0101010101		3.183328506e-23
-161180590.3		0.0101010101		7.195901128e-24
-161180590.3		0.0101010101		3.424947091e-24

-211005502.8		0.0202020202		2.594148504e-23
-211005502.8		0.0202020202		6.653855325e-24
-211005502.8		0.0202020202		5.309163177e-24

-48774387.19		0		3.961761545e-23
-48774387.19		0		6.08297242e-24
-48774387.19		0		2.599509646e-24

