# phi		potential		B		eigenvalue
1.713595993		4.806529902e-21		0.25		2.846087101e-24
1.713595993		4.806529902e-21		0.25		2.743982622e-24
1.713595993		4.806529902e-21		0.25		2.629263839e-24
1.713595993		4.806529902e-21		0.25		2.503147327e-24
1.713595993		4.806529902e-21		0.25		2.423316004e-24
1.713595993		4.806529902e-21		0.25		2.32558662e-24
1.713595993		4.806529902e-21		0.25		2.195664848e-24
1.713595993		4.806529902e-21		0.25		2.092398279e-24
1.713595993		4.806529902e-21		0.25		1.473303001e-24
1.713595993		4.806529902e-21		0.25		1.354452417e-24
1.713595993		4.806529902e-21		0.25		1.315425928e-24
1.713595993		4.806529902e-21		0.25		1.310936678e-24
1.713595993		4.806529902e-21		0.25		1.186858401e-24
1.713595993		4.806529902e-21		0.25		1.035172029e-24
1.713595993		4.806529902e-21		0.25		1.002446424e-24
1.713595993		4.806529902e-21		0.25		1.002287906e-24
1.713595993		4.806529902e-21		0.25		9.639594506e-25
1.713595993		4.806529902e-21		0.25		9.354309195e-25
1.713595993		4.806529902e-21		0.25		7.965847421e-25
1.713595993		4.806529902e-21		0.25		7.814920904e-25
1.713595993		4.806529902e-21		0.25		7.223862652e-25
1.713595993		4.806529902e-21		0.25		6.618079646e-25
1.713595993		4.806529902e-21		0.25		6.607099531e-25
1.713595993		4.806529902e-21		0.25		5.040804813e-25
1.713595993		4.806529902e-21		0.25		3.969313757e-25
1.713595993		4.806529902e-21		0.25		3.700690981e-25
1.713595993		4.806529902e-21		0.25		3.384224348e-25
1.713595993		4.806529902e-21		0.25		1.043209202e-25
1.713595993		4.806529902e-21		0.25		6.589993125e-26
1.713595993		4.806529902e-21		0.25		1.5599355e-26

1.332796883		4.806529902e-21		0.25		5.030861121e-24
1.332796883		4.806529902e-21		0.25		4.987754477e-24
1.332796883		4.806529902e-21		0.25		4.86876172e-24
1.332796883		4.806529902e-21		0.25		4.645809465e-24
1.332796883		4.806529902e-21		0.25		4.595399035e-24
1.332796883		4.806529902e-21		0.25		4.52856867e-24
1.332796883		4.806529902e-21		0.25		4.361535955e-24
1.332796883		4.806529902e-21		0.25		4.098330198e-24
1.332796883		4.806529902e-21		0.25		3.476926552e-24
1.332796883		4.806529902e-21		0.25		3.39428824e-24
1.332796883		4.806529902e-21		0.25		3.351532146e-24
1.332796883		4.806529902e-21		0.25		3.16606519e-24
1.332796883		4.806529902e-21		0.25		3.02207124e-24
1.332796883		4.806529902e-21		0.25		2.794815564e-24
1.332796883		4.806529902e-21		0.25		2.766516677e-24
1.332796883		4.806529902e-21		0.25		2.505044307e-24
1.332796883		4.806529902e-21		0.25		2.162193949e-24
1.332796883		4.806529902e-21		0.25		2.097882802e-24
1.332796883		4.806529902e-21		0.25		1.882822245e-24
1.332796883		4.806529902e-21		0.25		1.825990406e-24
1.332796883		4.806529902e-21		0.25		1.793027931e-24
1.332796883		4.806529902e-21		0.25		1.76671127e-24
1.332796883		4.806529902e-21		0.25		1.699277224e-24
1.332796883		4.806529902e-21		0.25		1.627645643e-24
1.332796883		4.806529902e-21		0.25		1.520127616e-24
1.332796883		4.806529902e-21		0.25		1.432518084e-24
1.332796883		4.806529902e-21		0.25		1.166025097e-24
1.332796883		4.806529902e-21		0.25		1.1515501e-24
1.332796883		4.806529902e-21		0.25		1.080912249e-24
1.332796883		4.806529902e-21		0.25		9.182518746e-25

1.142397329		4.806529902e-21		0.25		5.999161387e-24
1.142397329		4.806529902e-21		0.25		5.970146683e-24
1.142397329		4.806529902e-21		0.25		5.875094896e-24
1.142397329		4.806529902e-21		0.25		5.580908136e-24
1.142397329		4.806529902e-21		0.25		5.560197887e-24
1.142397329		4.806529902e-21		0.25		5.504244939e-24
1.142397329		4.806529902e-21		0.25		5.33663682e-24
1.142397329		4.806529902e-21		0.25		4.951346437e-24
1.142397329		4.806529902e-21		0.25		4.429550038e-24
1.142397329		4.806529902e-21		0.25		4.331459741e-24
1.142397329		4.806529902e-21		0.25		4.313037687e-24
1.142397329		4.806529902e-21		0.25		4.115274383e-24
1.142397329		4.806529902e-21		0.25		3.982908444e-24
1.142397329		4.806529902e-21		0.25		3.738408105e-24
1.142397329		4.806529902e-21		0.25		3.688012985e-24
1.142397329		4.806529902e-21		0.25		3.481777828e-24
1.142397329		4.806529902e-21		0.25		3.084750601e-24
1.142397329		4.806529902e-21		0.25		2.943726477e-24
1.142397329		4.806529902e-21		0.25		2.861918601e-24
1.142397329		4.806529902e-21		0.25		2.725700038e-24
1.142397329		4.806529902e-21		0.25		2.704006485e-24
1.142397329		4.806529902e-21		0.25		2.702276689e-24
1.142397329		4.806529902e-21		0.25		2.626711623e-24
1.142397329		4.806529902e-21		0.25		2.553676246e-24
1.142397329		4.806529902e-21		0.25		2.507801876e-24
1.142397329		4.806529902e-21		0.25		2.422745339e-24
1.142397329		4.806529902e-21		0.25		2.075424403e-24
1.142397329		4.806529902e-21		0.25		2.044162596e-24
1.142397329		4.806529902e-21		0.25		1.963727631e-24
1.142397329		4.806529902e-21		0.25		1.808461455e-24

0.9519977738		4.806529902e-21		0.25		6.921518587e-24
0.9519977738		4.806529902e-21		0.25		6.783150911e-24
0.9519977738		4.806529902e-21		0.25		6.77611971e-24
0.9519977738		4.806529902e-21		0.25		6.427106522e-24
0.9519977738		4.806529902e-21		0.25		6.415666946e-24
0.9519977738		4.806529902e-21		0.25		6.381377992e-24
0.9519977738		4.806529902e-21		0.25		6.220844019e-24
0.9519977738		4.806529902e-21		0.25		5.675953146e-24
0.9519977738		4.806529902e-21		0.25		5.28497304e-24
0.9519977738		4.806529902e-21		0.25		5.225897576e-24
0.9519977738		4.806529902e-21		0.25		5.127872275e-24
0.9519977738		4.806529902e-21		0.25		4.985685313e-24
0.9519977738		4.806529902e-21		0.25		4.853629886e-24
0.9519977738		4.806529902e-21		0.25		4.628616983e-24
0.9519977738		4.806529902e-21		0.25		4.472171576e-24
0.9519977738		4.806529902e-21		0.25		4.381795034e-24
0.9519977738		4.806529902e-21		0.25		3.897500911e-24
0.9519977738		4.806529902e-21		0.25		3.758136554e-24
0.9519977738		4.806529902e-21		0.25		3.682459554e-24
0.9519977738		4.806529902e-21		0.25		3.591530984e-24
0.9519977738		4.806529902e-21		0.25		3.553930265e-24
0.9519977738		4.806529902e-21		0.25		3.466802588e-24
0.9519977738		4.806529902e-21		0.25		3.416700393e-24
0.9519977738		4.806529902e-21		0.25		3.407746862e-24
0.9519977738		4.806529902e-21		0.25		3.377813799e-24
0.9519977738		4.806529902e-21		0.25		3.325615302e-24
0.9519977738		4.806529902e-21		0.25		2.887575157e-24
0.9519977738		4.806529902e-21		0.25		2.809890945e-24
0.9519977738		4.806529902e-21		0.25		2.729236655e-24
0.9519977738		4.806529902e-21		0.25		2.579669441e-24

0.7615982191		4.806529902e-21		0.25		7.67063081e-24
0.7615982191		4.806529902e-21		0.25		7.495457114e-24
0.7615982191		4.806529902e-21		0.25		7.418278395e-24
0.7615982191		4.806529902e-21		0.25		7.185791246e-24
0.7615982191		4.806529902e-21		0.25		7.180364062e-24
0.7615982191		4.806529902e-21		0.25		7.121912281e-24
0.7615982191		4.806529902e-21		0.25		7.000162899e-24
0.7615982191		4.806529902e-21		0.25		6.276852169e-24
0.7615982191		4.806529902e-21		0.25		6.035381525e-24
0.7615982191		4.806529902e-21		0.25		6.001749362e-24
0.7615982191		4.806529902e-21		0.25		5.82357245e-24
0.7615982191		4.806529902e-21		0.25		5.761650978e-24
0.7615982191		4.806529902e-21		0.25		5.624302463e-24
0.7615982191		4.806529902e-21		0.25		5.433568592e-24
0.7615982191		4.806529902e-21		0.25		5.199170246e-24
0.7615982191		4.806529902e-21		0.25		5.132454655e-24
0.7615982191		4.806529902e-21		0.25		4.590545728e-24
0.7615982191		4.806529902e-21		0.25		4.562867832e-24
0.7615982191		4.806529902e-21		0.25		4.393537868e-24
0.7615982191		4.806529902e-21		0.25		4.316912913e-24
0.7615982191		4.806529902e-21		0.25		4.24548248e-24
0.7615982191		4.806529902e-21		0.25		4.222276224e-24
0.7615982191		4.806529902e-21		0.25		4.138767174e-24
0.7615982191		4.806529902e-21		0.25		4.106982545e-24
0.7615982191		4.806529902e-21		0.25		4.083716342e-24
0.7615982191		4.806529902e-21		0.25		4.075432951e-24
0.7615982191		4.806529902e-21		0.25		3.578355882e-24
0.7615982191		4.806529902e-21		0.25		3.449892447e-24
0.7615982191		4.806529902e-21		0.25		3.367555569e-24
0.7615982191		4.806529902e-21		0.25		3.223595754e-24

