# phi		potential		B		eigenvalue
1.396263402		4.2162543e-21		0.25		1.510407387e-24
1.396263402		4.2162543e-21		0.25		1.238655466e-24

1.205863847		4.2162543e-21		0.25		2.310018086e-24
1.205863847		4.2162543e-21		0.25		2.110631616e-24

0.5711986643		4.2162543e-21		0.25		4.311450478e-24
0.5711986643		4.2162543e-21		0.25		4.193616327e-24

0.8885312556		4.2162543e-21		0.25		3.465086886e-24
0.8885312556		4.2162543e-21		0.25		3.32198978e-24

1.45972992		4.2162543e-21		0.25		1.23637659e-24
1.45972992		4.2162543e-21		0.25		9.264723316e-25

0.6981317008		4.2162543e-21		0.25		4.013724787e-24
0.6981317008		4.2162543e-21		0.25		3.887952213e-24

0.7615982191		4.2162543e-21		0.25		3.844097824e-24
0.7615982191		4.2162543e-21		0.25		3.713388727e-24

0		4.2162543e-21		0.25		4.922394263e-24
0		4.2162543e-21		0.25		4.819400493e-24

1.07893081		4.2162543e-21		0.25		2.804303844e-24
1.07893081		4.2162543e-21		0.25		2.633446492e-24

0.1269330365		4.2162543e-21		0.25		4.892684861e-24
0.1269330365		4.2162543e-21		0.25		4.788720283e-24

0.253866073		4.2162543e-21		0.25		4.801753687e-24
0.253866073		4.2162543e-21		0.25		4.695597586e-24

1.332796883		4.2162543e-21		0.25		1.782448061e-24
1.332796883		4.2162543e-21		0.25		1.54041441e-24

1.45972992		0		0.25		1.041171567e-24
1.45972992		0		0.25		7.856366125e-25

0.3807991095		4.2162543e-21		0.25		4.650179995e-24
0.3807991095		4.2162543e-21		0.25		4.54051983e-24

1.142397329		4.2162543e-21		0.25		2.561960023e-24
1.142397329		4.2162543e-21		0.25		2.378172849e-24

0.507732146		4.2162543e-21		0.25		4.438974067e-24
0.507732146		4.2162543e-21		0.25		4.324304582e-24

0.6346651825		4.2162543e-21		0.25		4.169611492e-24
0.6346651825		4.2162543e-21		0.25		4.048100326e-24

0.06346651825		4.2162543e-21		0.25		4.915212168e-24
0.06346651825		4.2162543e-21		0.25		4.811883273e-24

0.1903995548		4.2162543e-21		0.25		4.85484564e-24
0.1903995548		4.2162543e-21		0.25		4.749941516e-24

1.015464292		4.2162543e-21		0.25		3.036101087e-24
1.015464292		4.2162543e-21		0.25		2.876072192e-24

1.523196438		0		0.25		7.269530032e-25
1.523196438		0		0.25		4.679085979e-25

1.523196438		4.2162543e-21		0.25		9.643975079e-25
1.523196438		4.2162543e-21		0.25		6.044308934e-25

0.9519977738		4.2162543e-21		0.25		3.256577245e-24
0.9519977738		4.2162543e-21		0.25		3.105696204e-24

0.4442656278		4.2162543e-21		0.25		4.551950312e-24
0.4442656278		4.2162543e-21		0.25		4.439990385e-24

0.6346651825		0		0.25		4.06506653e-24
0.6346651825		0		0.25		3.918961164e-24

1.07893081		0		0.25		2.683939359e-24
1.07893081		0		0.25		2.497461795e-24

1.269330365		4.2162543e-21		0.25		2.049668357e-24
1.269330365		4.2162543e-21		0.25		1.831231891e-24

0.8250647373		4.2162543e-21		0.25		3.661083341e-24
0.8250647373		4.2162543e-21		0.25		3.524647973e-24

0.3173325913		4.2162543e-21		0.25		4.733494405e-24
0.3173325913		4.2162543e-21		0.25		4.625759735e-24

1.142397329		0		0.25		2.437129233e-24
1.142397329		0		0.25		2.24091568e-24

0.9519977738		0		0.25		3.143241759e-24
0.9519977738		0		0.25		2.97206485e-24

0.1903995548		0		0.25		4.747833214e-24
0.1903995548		0		0.25		4.624215812e-24

0.8885312556		0		0.25		3.354424075e-24
0.8885312556		0		0.25		3.189417026e-24

0.5711986643		0		0.25		4.20746404e-24
0.5711986643		0		0.25		4.065150406e-24

0.4442656278		0		0.25		4.448100882e-24
0.4442656278		0		0.25		4.312674081e-24

1.332796883		0		0.25		1.639673635e-24
1.332796883		0		0.25		1.399526694e-24

1.269330365		0		0.25		1.913713325e-24
1.269330365		0		0.25		1.691420728e-24

0.8250647373		0		0.25		3.552596714e-24
0.8250647373		0		0.25		3.393051617e-24

0.507732146		0		0.25		4.335212513e-24
0.507732146		0		0.25		4.196445156e-24

1.396263402		0		0.25		1.349047932e-24
1.396263402		0		0.25		1.097173611e-24

1.015464292		0		0.25		2.91954928e-24
1.015464292		0		0.25		2.74130137e-24

0.6981317008		0		0.25		3.908262747e-24
0.6981317008		0		0.25		3.758069389e-24

1.205863847		0		0.25		2.180008663e-24
1.205863847		0		0.25		1.972076595e-24

0		0		0.25		4.810332255e-24
0		0		0.25		4.694295851e-24

0.7615982191		0		0.25		3.737332552e-24
0.7615982191		0		0.25		3.582688038e-24

0.3807991095		0		0.25		4.545947983e-24
0.3807991095		0		0.25		4.413686241e-24

0.06346651825		0		0.25		4.805077578e-24
0.06346651825		0		0.25		4.686625254e-24

0.3173325913		0		0.25		4.628599871e-24
0.3173325913		0		0.25		4.499350936e-24

0.253866073		0		0.25		4.695929064e-24
0.253866073		0		0.25		4.569557613e-24

0.1269330365		0		0.25		4.784234197e-24
0.1269330365		0		0.25		4.663255141e-24

1.205863847		4.63787973e-21		0.25		2.016637257e-24
1.205863847		4.63787973e-21		0.25		1.468100106e-24

1.396263402		4.63787973e-21		0.25		1.21014194e-24
1.396263402		4.63787973e-21		0.25		5.661643234e-25

0.8885312556		4.63787973e-21		0.25		3.179994445e-24
0.8885312556		4.63787973e-21		0.25		2.713244219e-24

0.5711986643		4.63787973e-21		0.25		4.030915683e-24
0.5711986643		4.63787973e-21		0.25		3.604490292e-24

1.45972992		4.63787973e-21		0.25		9.333296986e-25
1.45972992		4.63787973e-21		0.25		2.419648208e-25

0.7615982191		4.63787973e-21		0.25		3.561262321e-24
0.7615982191		4.63787973e-21		0.25		3.113886109e-24

0		4.63787973e-21		0.25		4.641725571e-24
0		4.63787973e-21		0.25		4.242584087e-24

0.6981317008		4.63787973e-21		0.25		3.731797449e-24
0.6981317008		4.63787973e-21		0.25		3.2923388e-24

1.07893081		4.63787973e-21		0.25		2.5146935e-24
1.07893081		4.63787973e-21		0.25		2.006525124e-24

0.1269330365		4.63787973e-21		0.25		4.61291529e-24
0.1269330365		4.63787973e-21		0.25		4.211252146e-24

0.253866073		4.63787973e-21		0.25		4.522389214e-24
0.253866073		4.63787973e-21		0.25		4.116349182e-24

1.45972992		4.2162543e-22		0.25		1.176719768e-24
1.45972992		4.2162543e-22		0.25		2.271300366e-25

1.332796883		4.63787973e-21		0.25		1.484669682e-24
1.332796883		4.63787973e-21		0.25		8.788782194e-25

0.3807991095		4.63787973e-21		0.25		4.370728446e-24
0.3807991095		4.63787973e-21		0.25		3.958305034e-24

0.507732146		4.63787973e-21		0.25		4.158930983e-24
0.507732146		4.63787973e-21		0.25		3.737834584e-24

0.6346651825		4.63787973e-21		0.25		3.888449836e-24
0.6346651825		4.63787973e-21		0.25		3.455935521e-24

1.142397329		4.63787973e-21		0.25		2.270540038e-24
1.142397329		4.63787973e-21		0.25		1.743836173e-24

0.1903995548		4.63787973e-21		0.25		4.575339882e-24
0.1903995548		4.63787973e-21		0.25		4.17172688e-24

1.523196438		4.2162543e-22		0.25		8.718461383e-25
1.523196438		4.2162543e-22		0.25		1.060443209e-25

0.06346651825		4.63787973e-21		0.25		4.635055556e-24
0.06346651825		4.63787973e-21		0.25		4.234880176e-24

1.015464292		4.63787973e-21		0.25		2.748148875e-24
1.015464292		4.63787973e-21		0.25		2.25584991e-24

0.9519977738		4.63787973e-21		0.25		2.970130973e-24
0.9519977738		4.63787973e-21		0.25		2.491514884e-24

1.523196438		4.63787973e-21		0.25		6.580801244e-25
1.523196438		4.63787973e-21		0.25		9.320572162e-26

0.4442656278		4.63787973e-21		0.25		4.272267271e-24
0.4442656278		4.63787973e-21		0.25		3.855817342e-24

1.269330365		4.63787973e-21		0.25		1.754172427e-24
1.269330365		4.63787973e-21		0.25		1.17965786e-24

0.6346651825		4.2162543e-22		0.25		4.179697073e-24
0.6346651825		4.2162543e-22		0.25		3.442704573e-24

1.07893081		4.2162543e-22		0.25		2.81789382e-24
1.07893081		4.2162543e-22		0.25		1.991779098e-24

0.8250647373		4.63787973e-21		0.25		3.377193775e-24
0.8250647373		4.63787973e-21		0.25		2.920780904e-24

0.3173325913		4.63787973e-21		0.25		4.454148395e-24
0.3173325913		4.63787973e-21		0.25		4.045181732e-24

1.396263402		4.2162543e-22		0.25		1.475627853e-24
1.396263402		4.2162543e-22		0.25		5.507113907e-25

1.269330365		4.2162543e-22		0.25		2.047458159e-24
1.269330365		4.2162543e-22		0.25		1.164223078e-24

1.332796883		4.2162543e-22		0.25		1.766462924e-24
1.332796883		4.2162543e-22		0.25		8.633270617e-25

1.142397329		4.2162543e-22		0.25		2.573905674e-24
1.142397329		4.2162543e-22		0.25		1.72884476e-24

0.9519977738		4.2162543e-22		0.25		3.269177244e-24
0.9519977738		4.2162543e-22		0.25		2.477242603e-24

0.1903995548		4.2162543e-22		0.25		4.866125331e-24
0.1903995548		4.2162543e-22		0.25		4.159910689e-24

0.5711986643		4.2162543e-22		0.25		4.32151615e-24
0.5711986643		4.2162543e-22		0.25		3.591454809e-24

0.6981317008		4.2162543e-22		0.25		4.023955034e-24
0.6981317008		4.2162543e-22		0.25		3.278910613e-24

0.507732146		4.2162543e-22		0.25		4.449114628e-24
0.507732146		4.2162543e-22		0.25		3.724994518e-24

0		4.2162543e-22		0.25		4.934674482e-24
0		4.2162543e-22		0.25		4.231451016e-24

0.8250647373		4.2162543e-22		0.25		3.672113828e-24
0.8250647373		4.2162543e-22		0.25		2.906945378e-24

0.8885312556		4.2162543e-22		0.25		3.47682144e-24
0.8885312556		4.2162543e-22		0.25		2.699194798e-24

1.015464292		4.2162543e-22		0.25		3.049515387e-24
1.015464292		4.2162543e-22		0.25		2.241345091e-24

0.4442656278		4.2162543e-22		0.25		4.56223652e-24
0.4442656278		4.2162543e-22		0.25		3.843174196e-24

1.205863847		4.2162543e-22		0.25		2.317009325e-24
1.205863847		4.2162543e-22		0.25		1.452870563e-24

0.7615982191		4.2162543e-22		0.25		3.854631962e-24
0.7615982191		4.2162543e-22		0.25		3.10025704e-24

0.253866073		4.2162543e-22		0.25		4.812742186e-24
0.253866073		4.2162543e-22		0.25		4.10431843e-24

0.3807991095		4.2162543e-22		0.25		4.660664282e-24
0.3807991095		4.2162543e-22		0.25		3.945861673e-24

0.06346651825		4.2162543e-22		0.25		4.927137289e-24
0.06346651825		4.2162543e-22		0.25		4.223512524e-24

0.3173325913		4.2162543e-22		0.25		4.744215851e-24
0.3173325913		4.2162543e-22		0.25		4.032942181e-24

0.1269330365		4.2162543e-22		0.25		4.904276951e-24
0.1269330365		4.2162543e-22		0.25		4.199656857e-24

1.205863847		5.05950516e-21		0.25		2.566391531e-24
1.205863847		5.05950516e-21		0.25		1.776557913e-24

1.396263402		5.05950516e-21		0.25		1.752076035e-24
1.396263402		5.05950516e-21		0.25		8.916125156e-25

0.8885312556		5.05950516e-21		0.25		3.724212254e-24
0.8885312556		5.05950516e-21		0.25		3.003530501e-24

1.45972992		5.05950516e-21		0.25		1.467095251e-24
1.45972992		5.05950516e-21		0.25		5.745989421e-25

1.07893081		5.05950516e-21		0.25		3.063366114e-24
1.07893081		5.05950516e-21		0.25		2.306483953e-24

0.7615982191		5.05950516e-21		0.25		4.102115846e-24
0.7615982191		5.05950516e-21		0.25		3.399339932e-24

0.5711986643		5.05950516e-21		0.25		4.567135509e-24
0.5711986643		5.05950516e-21		0.25		3.884600551e-24

1.45972992		8.4325086e-22		0.25		1.681408402e-24
1.45972992		8.4325086e-22		0.25		2.93377404e-25

1.332796883		5.05950516e-21		0.25		2.031273177e-24
1.332796883		5.05950516e-21		0.25		1.197986419e-24

0		5.05950516e-21		0.25		5.169889166e-24
0		5.05950516e-21		0.25		4.516681404e-24

0.6981317008		5.05950516e-21		0.25		4.271015459e-24
0.6981317008		5.05950516e-21		0.25		3.575778309e-24

1.142397329		5.05950516e-21		0.25		2.820082646e-24
1.142397329		5.05950516e-21		0.25		2.047808148e-24

1.523196438		8.4325086e-22		0.25		1.428014258e-24
1.523196438		8.4325086e-22		0.25		4.139959103e-26

1.015464292		5.05950516e-21		0.25		3.295539186e-24
1.015464292		5.05950516e-21		0.25		2.552217536e-24

0.9519977738		5.05950516e-21		0.25		3.515996933e-24
0.9519977738		5.05950516e-21		0.25		2.784670498e-24

1.523196438		5.05950516e-21		0.25		1.178389351e-24
1.523196438		5.05950516e-21		0.25		2.476675038e-25

1.07893081		8.4325086e-22		0.25		3.209240858e-24
1.07893081		8.4325086e-22		0.25		2.055721299e-24

0.253866073		5.05950516e-21		0.25		5.053014825e-24
0.253866073		5.05950516e-21		0.25		4.39152197e-24

0.1269330365		5.05950516e-21		0.25		5.142094417e-24
0.1269330365		5.05950516e-21		0.25		4.48559334e-24

1.269330365		5.05950516e-21		0.25		2.303122206e-24
1.269330365		5.05950516e-21		0.25		1.493135602e-24

1.142397329		8.4325086e-22		0.25		2.970080239e-24
1.142397329		8.4325086e-22		0.25		1.793378516e-24

0.507732146		5.05950516e-21		0.25		4.693805287e-24
0.507732146		5.05950516e-21		0.25		4.016595933e-24

0.3807991095		5.05950516e-21		0.25		4.903249354e-24
0.3807991095		5.05950516e-21		0.25		4.234931439e-24

0.6346651825		5.05950516e-21		0.25		4.426121018e-24
0.6346651825		5.05950516e-21		0.25		3.737599898e-24

1.269330365		8.4325086e-22		0.25		2.466841987e-24
1.269330365		8.4325086e-22		0.25		1.229942171e-24

1.396263402		8.4325086e-22		0.25		1.943001166e-24
1.396263402		8.4325086e-22		0.25		6.172060353e-25

0.6346651825		8.4325086e-22		0.25		4.564862372e-24
0.6346651825		8.4325086e-22		0.25		3.503540857e-24

0.1903995548		5.05950516e-21		0.25		5.105187177e-24
0.1903995548		5.05950516e-21		0.25		4.446408829e-24

1.332796883		8.4325086e-22		0.25		2.20620221e-24
1.332796883		8.4325086e-22		0.25		9.295432986e-25

0.06346651825		5.05950516e-21		0.25		5.16367427e-24
0.06346651825		5.05950516e-21		0.25		4.509027175e-24

0.8250647373		5.05950516e-21		0.25		3.919721798e-24
0.8250647373		5.05950516e-21		0.25		3.208509038e-24

0.4442656278		5.05950516e-21		0.25		4.805907711e-24
0.4442656278		5.05950516e-21		0.25		4.133421312e-24

0.9519977738		8.4325086e-22		0.25		3.656900034e-24
0.9519977738		8.4325086e-22		0.25		2.540095139e-24

1.015464292		8.4325086e-22		0.25		3.438481916e-24
1.015464292		8.4325086e-22		0.25		2.304724072e-24

0.3173325913		5.05950516e-21		0.25		4.985664643e-24
0.3173325913		5.05950516e-21		0.25		4.321000478e-24

1.205863847		8.4325086e-22		0.25		2.722126376e-24
1.205863847		8.4325086e-22		0.25		1.518007448e-24

0		8.4325086e-22		0.25		5.324116087e-24
0		8.4325086e-22		0.25		4.290878867e-24

0.1903995548		8.4325086e-22		0.25		5.252559513e-24
0.1903995548		8.4325086e-22		0.25		4.219448922e-24

0.5711986643		8.4325086e-22		0.25		4.706460801e-24
0.5711986643		8.4325086e-22		0.25		3.652006011e-24

0.8250647373		8.4325086e-22		0.25		4.05848396e-24
0.8250647373		8.4325086e-22		0.25		2.968868152e-24

0.507732146		8.4325086e-22		0.25		4.833952441e-24
0.507732146		8.4325086e-22		0.25		3.785296383e-24

0.6981317008		8.4325086e-22		0.25		4.409439638e-24
0.6981317008		8.4325086e-22		0.25		3.340069436e-24

0.4442656278		8.4325086e-22		0.25		4.947095041e-24
0.4442656278		8.4325086e-22		0.25		3.903260809e-24

0.7615982191		8.4325086e-22		0.25		4.240520272e-24
0.7615982191		8.4325086e-22		0.25		3.161777533e-24

0.8885312556		8.4325086e-22		0.25		3.863771875e-24
0.8885312556		8.4325086e-22		0.25		2.761561513e-24

0.253866073		8.4325086e-22		0.25		5.198539642e-24
0.253866073		8.4325086e-22		0.25		4.163949238e-24

0.3807991095		8.4325086e-22		0.25		5.045682937e-24
0.3807991095		8.4325086e-22		0.25		4.005765581e-24

0.06346651825		8.4325086e-22		0.25		5.315383917e-24
0.06346651825		8.4325086e-22		0.25		4.282949708e-24

0.3173325913		8.4325086e-22		0.25		5.129544391e-24
0.3173325913		8.4325086e-22		0.25		4.092694552e-24

0.1269330365		8.4325086e-22		0.25		5.29152445e-24
0.1269330365		8.4325086e-22		0.25		4.25913073e-24

1.205863847		5.48113059e-21		0.25		2.519369815e-24
1.205863847		5.48113059e-21		0.25		2.162408065e-24

1.396263402		5.48113059e-21		0.25		1.694308904e-24
1.396263402		5.48113059e-21		0.25		1.292114635e-24

1.45972992		5.48113059e-21		0.25		1.406811972e-24
1.45972992		5.48113059e-21		0.25		9.816309767e-25

1.07893081		5.48113059e-21		0.25		3.022828768e-24
1.07893081		5.48113059e-21		0.25		2.685048603e-24

0.8885312556		5.48113059e-21		0.25		3.690534716e-24
0.8885312556		5.48113059e-21		0.25		3.373672708e-24

