# ky		B		eigenvalue
-276738369.2		0.3		3.08958241e-24

-273736868.4		0.3		2.077899104e-24

-279739869.9		0.3		2.163335884e-24

-246723361.7		0.3		3.867380247e-24

-256478239.1		0.3		4.207752778e-24

-244472236.1		0.3		1.04641398e-23

-269234617.3		0.3		2.598272775e-24

-231715857.9		0.3		2.987311228e-24

-263231615.8		0.3		6.193843245e-24

-248224112.1		0.3		8.426287882e-24

-224212106.1		0.3		9.540983575e-24

-211455727.9		0.3		9.317508936e-24

-275237618.8		0.3		2.17199733e-24

-214457228.6		0.3		3.510011061e-24

-245222611.3		0.3		5.435223108e-24

-223461730.9		0.3		1.027208153e-23

-278239119.6		0.3		2.969934538e-24

-278989494.7		0.3		2.737442109e-24

-272986493.2		0.3		2.162033578e-24

-233966983.5		0.3		1.240548238e-23

-236218109.1		0.3		2.368798237e-24

-257978989.5		0.3		5.282605673e-24

-267733866.9		0.3		6.490427369e-24

-270735367.7		0.3		4.360310424e-24

-277488744.4		0.3		2.768385857e-24

-259479739.9		0.3		4.037480142e-24

-266233116.6		0.3		6.292672858e-24

-218959479.7		0.3		2.240598622e-24

-298499249.6		0.3		2.094879546e-21

-252726363.2		0.3		2.688026925e-24

-234717358.7		0.3		2.204660229e-24

-242221110.6		0.3		1.231888983e-23

-254227113.6		0.3		2.191632074e-24

-275987994		0.3		2.211629518e-24

-232466233.1		0.3		1.19596128e-23

-229464732.4		0.3		2.00484835e-24

-257228614.3		0.3		8.148264486e-24

-274487243.6		0.3		3.942818655e-24

-272236118.1		0.3		2.070176647e-24

-260230115.1		0.3		6.015682937e-24

-249724862.4		0.3		2.382269099e-24

-271485742.9		0.3		2.651160518e-24

-212206103.1		0.3		1.458058238e-23

-254977488.7		0.3		2.009380347e-24

-251225612.8		0.3		2.143088349e-24

-262481240.6		0.3		2.007302614e-24

-242971485.7		0.3		3.310447588e-24

-268484242.1		0.3		4.893596134e-24

-225712856.4		0.3		5.714207747e-24

-251975988		0.3		2.505963206e-24

-239969985		0.3		8.038754902e-24

-253476738.4		0.3		2.546388523e-24

-237718859.4		0.3		2.035257039e-24

-265482741.4		0.3		4.074392342e-24

-269984992.5		0.3		2.387212036e-24

-227213606.8		0.3		2.537672933e-24

-264732366.2		0.3		2.129951715e-24

-263981991		0.3		3.205136984e-24

-261730865.4		0.3		8.241780374e-24

-222711355.7		0.3		2.417868063e-24

-258729364.7		0.3		2.059012092e-24

-245972986.5		0.3		1.98590207e-24

-280490245.1		0.3		2.137304497e-24

-260980490.2		0.3		2.012988881e-24

-248974487.2		0.3		4.370932379e-24

-227963982		0.3		5.244692618e-24

-241470735.4		0.3		2.696858022e-24

-233216608.3		0.3		2.023188983e-24

-255727863.9		0.3		2.327687092e-24

-239219609.8		0.3		2.092205228e-24

-250475237.6		0.3		2.003091425e-24

-236968484.2		0.3		1.062597785e-23

-266983491.7		0.3		6.418516138e-24

-243721860.9		0.3		2.921828394e-24

-226463231.6		0.3		1.279606677e-23

-238469234.6		0.3		1.33708936e-23

-213706853.4		0.3		8.267535815e-24

-247473736.9		0.3		9.059942655e-24

-224962481.2		0.3		2.062217549e-24

-217458729.4		0.3		1.586688376e-23

-218209104.6		0.3		7.470129566e-24

-235467733.9		0.3		1.032201964e-23

-230215107.6		0.3		8.478347478e-24

-228714357.2		0.3		1.146973729e-23

-212956478.2		0.3		1.430373779e-23

-220460230.1		0.3		1.013322912e-23

-210705352.7		0.3		5.238362049e-24

-215207603.8		0.3		2.017214719e-24

-283491745.9		0.3		3.176654987e-22

-240720360.2		0.3		5.05584212e-24

-215957979		0.3		3.663767911e-24

-221960980.5		0.3		3.505496142e-24

-230965482.7		0.3		6.133537161e-24

-221210605.3		0.3		1.210107349e-23

-288744372.2		0.3		9.290130725e-22

-219709854.9		0.3		2.968597152e-24

-216708354.2		0.3		9.565314391e-24

-299249624.8		0.3		2.186188862e-21

-281240620.3		0.3		6.035063364e-23

-282741370.7		0.3		2.313465643e-22

-269084542.3		0.3		2.503191838e-24

-300000000		0.3		2.27769169e-21

-281990995.5		0.3		1.454052903e-22

-286493246.6		0.3		6.655769901e-22

-276588294.1		0.3		3.527000312e-24

-285742871.4		0.3		5.782329197e-22

-289494747.4		0.3		1.017298072e-21

-256328164.1		0.3		2.984373857e-24

-293996998.5		0.3		1.552082083e-21

-297748874.4		0.3		2.003834519e-21

-284992496.2		0.3		4.911277349e-22

-284242121.1		0.3		4.042674033e-22

-273586793.4		0.3		2.512511053e-24

-246573286.6		0.3		9.782179826e-24

-272836418.2		0.3		2.164737378e-24

-279589794.9		0.3		2.482568187e-24

-244322161.1		0.3		4.017305239e-24

-248074037		0.3		1.995815243e-24

-263081540.8		0.3		2.088441616e-24

-296248124.1		0.3		1.822202834e-21

-296998499.2		0.3		1.913019025e-21

-294747373.7		0.3		1.641716464e-21

-231565782.9		0.3		3.02769378e-24

-287243621.8		0.3		7.531560292e-22

-233816908.5		0.3		3.332796269e-24

-224062031		0.3		1.118350783e-23

-287993997		0.3		8.409687925e-22

-290245122.6		0.3		1.105803421e-21

-293246623.3		0.3		1.462182649e-21

-211305652.8		0.3		2.447555898e-24

-259329664.8		0.3		3.243081553e-24

-275087543.8		0.3		2.267944791e-24

-214307153.6		0.3		1.184444115e-23

-223311655.8		0.3		2.616658726e-24

-245072536.3		0.3		2.121397348e-24

-278839419.7		0.3		2.24878345e-24

-278089044.5		0.3		2.090427758e-24

-236068034		0.3		1.006270463e-23

-290995497.7		0.3		1.194551222e-21

-267583791.9		0.3		2.298482844e-24

-257828914.5		0.3		3.615033943e-24

-212806403.2		0.3		9.951236877e-24

-270585292.6		0.3		2.171475923e-24

-275837919		0.3		2.145852909e-24

-292496248.1		0.3		1.372724775e-21

-277338669.3		0.3		2.855237564e-24

-266083041.5		0.3		2.042541991e-24

-298349174.6		0.3		2.076435513e-21

-218809404.7		0.3		8.877670109e-24

-242071035.5		0.3		3.514771286e-24

-254077038.5		0.3		1.009988859e-23

-252576288.1		0.3		9.409332895e-24

-234567283.6		0.3		9.364218962e-24

-295497748.9		0.3		1.731845942e-21

-291745872.9		0.3		1.283516283e-21

-229314657.3		0.3		7.906688138e-24

-232316158.1		0.3		6.338545712e-24

-274337168.6		0.3		4.161053476e-24

-272086043		0.3		2.578352029e-24

-268934467.2		0.3		5.981728061e-24

-249574787.4		0.3		4.890325512e-24

-257078539.3		0.3		2.000542049e-24

-260080040		0.3		2.588182528e-24

-271335667.8		0.3		5.23441304e-24

-254827413.7		0.3		8.020212692e-24

-212056028		0.3		5.223002323e-24

-251075537.8		0.3		9.741514518e-24

-225562781.4		0.3		1.982165365e-24

-237568784.4		0.3		8.503879539e-24

-261580790.4		0.3		2.014093911e-24

-253326663.3		0.3		9.432395209e-24

-262331165.6		0.3		8.063846482e-24

-242821410.7		0.3		3.15895519e-24

-255577788.9		0.3		5.426662535e-24

-248824412.2		0.3		2.610968278e-24

-263831916		0.3		4.353189189e-24

-283341670.8		0.3		3.003809807e-22

-251825913		0.3		1.027903052e-23

-269834917.5		0.3		5.64977366e-24

-268334167.1		0.3		2.049129652e-24

-227813907		0.3		1.983411416e-24

-265332666.3		0.3		2.404961698e-24

-258579289.6		0.3		8.88654406e-24

-227063531.8		0.3		1.01995895e-23

-239819910		0.3		7.342388536e-24

-222561280.6		0.3		3.37691029e-24

-233066533.3		0.3		6.605916727e-24

-264582291.1		0.3		5.339745593e-24

-241320660.3		0.3		1.128504152e-23

-243571785.9		0.3		1.19561641e-23

-236818409.2		0.3		2.534983108e-24

-245822911.5		0.3		6.715420364e-24

-239069534.8		0.3		5.178745209e-24

-250325162.6		0.3		7.524291673e-24

-260830415.2		0.3		7.489657007e-24

-266833416.7		0.3		2.301071414e-24

-238319159.6		0.3		3.716936979e-24

-215057528.8		0.3		5.723755629e-24

-213556778.4		0.3		1.6042634e-23

-217308654.3		0.3		7.398199078e-24

-226313156.6		0.3		7.411602152e-24

-230065032.5		0.3		2.068434784e-24

-247323661.8		0.3		4.094062392e-24

-235317658.8		0.3		2.45733501e-24

-288594297.1		0.3		9.114187787e-22

-224812406.2		0.3		8.232508387e-24

-218059029.5		0.3		1.55664319e-23

-280340170.1		0.3		2.163717228e-24

-220310155.1		0.3		2.611183624e-24

-228564282.1		0.3		7.875817513e-24

-215807904		0.3		2.133241817e-24

-210555277.6		0.3		1.993575663e-24

-221060530.3		0.3		9.587540196e-24

-221810905.5		0.3		1.218155136e-23

-230815407.7		0.3		1.281167292e-23

-240570285.1		0.3		2.14255223e-24

-216558279.1		0.3		2.46285888e-24

-219559779.9		0.3		2.61346429e-24

-299099549.8		0.3		2.167662425e-21

-281090545.3		0.3		4.370261189e-23

-276438219.1		0.3		2.952454095e-24

-256178089		0.3		7.046383372e-24

-284842421.2		0.3		4.737474468e-22

-281840920.5		0.3		1.282857037e-22

-212656328.2		0.3		2.660410777e-24

-259179589.8		0.3		5.263336948e-24

-285592796.4		0.3		5.608100143e-22

-272686343.2		0.3		3.224515899e-24

-273436718.4		0.3		3.578269869e-24

-246423211.6		0.3		2.184091625e-24

-282591295.6		0.3		2.141229859e-22

-279439719.9		0.3		2.273615138e-24

-247923962		0.3		6.547382389e-24

-262931465.7		0.3		6.97452769e-24

-244172086		0.3		2.667724984e-24

-231415707.9		0.3		1.163596501e-23

-233666833.4		0.3		2.794458252e-24

-299849925		0.3		2.259118877e-21

-223911956		0.3		2.975819189e-24

-286343171.6		0.3		6.48103696e-22

-211155577.8		0.3		2.839852751e-24

-214157078.5		0.3		1.191096549e-23

-274937468.7		0.3		2.448104286e-24

-223161580.8		0.3		3.110850529e-24

-278689344.7		0.3		2.130158804e-24

-244922461.2		0.3		9.382177361e-24

-284092046		0.3		3.86931376e-22

-289344672.3		0.3		9.996565837e-22

-293846923.5		0.3		1.533923007e-21

-277938969.5		0.3		2.732849887e-24

-235917959		0.3		6.80127901e-24

-214907453.7		0.3		1.543979321e-23

-267433716.9		0.3		3.491813573e-24

-270435217.6		0.3		2.716875332e-24

-257678839.4		0.3		3.537637547e-24

-277188594.3		0.3		2.193844481e-24

-265932966.5		0.3		5.37524099e-24

-275687843.9		0.3		2.117781004e-24

-253926963.5		0.3		2.239354954e-24

-290095047.5		0.3		1.088125168e-21

-241920960.5		0.3		2.944358703e-24

-218659329.7		0.3		1.368039395e-23

-252426213.1		0.3		2.074154452e-24

-268784392.2		0.3		2.297898348e-24

-234417208.6		0.3		7.920531106e-24

-294597298.6		0.3		1.62374976e-21

-297598799.4		0.3		1.985438266e-21

-249424712.4		0.3		7.11458395e-24

-274187093.5		0.3		3.311550842e-24

-229164582.3		0.3		1.124090238e-23

-287093546.8		0.3		7.356415584e-22

-232166083		0.3		2.002728856e-24

-283191595.8		0.3		2.831024434e-22

-271185592.8		0.3		2.963007123e-24

-254677338.7		0.3		2.827323276e-24

-271935968		0.3		4.668391136e-24

-211905953		0.3		1.986556229e-24

-250925462.7		0.3		2.845510162e-24

-259929965		0.3		5.105760746e-24

-256928464.2		0.3		7.846781594e-24

-225412706.4		0.3		6.752889692e-24

-248674337.2		0.3		1.137516346e-23

-237418709.4		0.3		7.725251149e-24

-296098049		0.3		1.804134243e-21

-263681840.9		0.3		2.616825006e-24

-253176588.3		0.3		2.073378092e-24

-262181090.5		0.3		2.01530146e-24

-232916458.2		0.3		1.142803117e-23

-242671335.7		0.3		1.245474969e-23

-261430715.4		0.3		8.296662727e-24

-298199099.5		0.3		2.058228193e-21

-296848424.2		0.3		1.894671142e-21

-226913456.7		0.3		9.581570443e-24

-227663831.9		0.3		7.543008021e-24

-293096548.3		0.3		1.444303818e-21

-287843922		0.3		8.234136183e-22

-269684842.4		0.3		2.682026576e-24

-255427713.9		0.3		4.28005818e-24

-251675837.9		0.3		2.24474701e-24

-265182591.3		0.3		5.931890088e-24

-268184092		0.3		4.262252097e-24

-250175087.5		0.3		4.320564693e-24

-222411205.6		0.3		1.195706854e-23

-236668334.2		0.3		3.857283022e-24

-258429214.6		0.3		2.007087724e-24

-264432216.1		0.3		2.638068607e-24

-243421710.9		0.3		3.400323843e-24

-215657828.9		0.3		8.306719807e-24

-241170585.3		0.3		4.33296351e-24

-238919459.7		0.3		1.098780648e-23

-239669834.9		0.3		1.992499116e-24

-217158579.3		0.3		1.976778512e-24

-220910455.2		0.3		2.414437943e-24

-238169084.5		0.3		2.666383546e-24

-245672836.4		0.3		6.54988527e-24

-266683341.7		0.3		3.788279053e-24

-229914957.5		0.3		4.717506764e-24

-213406703.4		0.3		6.202240144e-24

-260680340.2		0.3		2.077416729e-24

-228414207.1		0.3		2.001725877e-24

-226163081.5		0.3		1.974250156e-24

-210405202.6		0.3		5.680125329e-24

-247173586.8		0.3		2.71919147e-24

-235167583.8		0.3		3.922310511e-24

-224662331.2		0.3		1.242370498e-23

-220160080		0.3		2.99367461e-24

-217908954.5		0.3		5.702757666e-24

-221660830.4		0.3		9.33202695e-24

-230665332.7		0.3		3.614237624e-24

-240420210.1		0.3		9.313557783e-24

-219409704.9		0.3		1.008281072e-23

-216408204.1		0.3		3.033298345e-24

-290845422.7		0.3		1.176807787e-21

-292346173.1		0.3		1.354914401e-21

-280190095		0.3		2.247282371e-24

-288444222.1		0.3		8.937816369e-22

-291595797.9		0.3		1.265736204e-21

-295347673.8		0.3		1.713827227e-21

-298949474.7		0.3		2.14940869e-21

-280940470.2		0.3		2.749306093e-23

-212506253.1		0.3		2.650042524e-24

-256028014		0.3		2.018332277e-24

-276288144.1		0.3		2.573560887e-24

-284692346.2		0.3		4.563548101e-22

-259029514.8		0.3		2.49425386e-24

-214757378.7		0.3		8.423417032e-24

-272536268.1		0.3		4.918098589e-24

-273286643.3		0.3		4.502082951e-24

-246273136.6		0.3		5.259180853e-24

-279289644.8		0.3		2.251092046e-24

-262781390.7		0.3		2.019083365e-24

-247773886.9		0.3		5.952802232e-24

-285442721.4		0.3		5.433629445e-22

-244022011		0.3		1.132906877e-23

-233516758.4		0.3		1.117912982e-23

-231265632.8		0.3		6.912163261e-24

-281690845.4		0.3		1.112018433e-22

-223761880.9		0.3		2.7497658e-24

-214007003.5		0.3		3.544082149e-24

-211005502.8		0.3		1.029587421e-23

-274787393.7		0.3		2.754797754e-24

-278539269.6		0.3		2.937300375e-24

-223011505.8		0.3		1.14323955e-23

-244772386.2		0.3		4.60559657e-24

-277788894.4		0.3		2.399238396e-24

-267283641.8		0.3		4.21099753e-24

-270285142.6		0.3		5.611441862e-24

-235767883.9		0.3		2.020525934e-24

-252276138.1		0.3		6.1679005e-24

-277038519.3		0.3		2.10778551e-24

-241770885.4		0.3		1.192681031e-23

-257528764.4		0.3		5.531956498e-24

-253776888.4		0.3		5.569799688e-24

-282441220.6		0.3		1.969148851e-22

-265782891.4		0.3		2.669660757e-24

-275537768.9		0.3		2.112522663e-24

-250025012.5		0.3		2.67843617e-24

-234267133.6		0.3		1.993768457e-24

-268634317.2		0.3		3.046237163e-24

-218509254.6		0.3		4.440608044e-24

-289944972.5		0.3		1.070436097e-21

-249274637.3		0.3		1.99413433e-24

-274037018.5		0.3		2.598648213e-24

-271035517.8		0.3		2.047756825e-24

-254527263.6		0.3		4.332482966e-24

-229014507.3		0.3		2.902809749e-24

-232016008		0.3		6.813099484e-24

-211755877.9		0.3		5.833507792e-24

-225262631.3		0.3		1.401362923e-23

-271785892.9		0.3		3.368672288e-24

-250775387.7		0.3		4.092708293e-24

-259779889.9		0.3		3.163212171e-24

-256778389.2		0.3		2.487503763e-24

-237268634.3		0.3		1.983462433e-24

-263531765.9		0.3		5.301716919e-24

-248524262.1		0.3		2.644466468e-24

-261280640.3		0.3		2.004272105e-24

-262031015.5		0.3		8.160929939e-24

-242521260.6		0.3		3.347103409e-24

-232766383.2		0.3		2.910063733e-24

-226763381.7		0.3		2.342367106e-24

-253026513.3		0.3		6.229052783e-24

-269534767.4		0.3		2.332363067e-24

-255277638.8		0.3		2.893196802e-24

-251525762.9		0.3		5.39823575e-24

-227513756.9		0.3		1.224252909e-23

-265032516.3		0.3		2.017807969e-24

-215507753.9		0.3		1.53707179e-23

-268034017		0.3		3.491024636e-24

-222261130.6		0.3		9.358986831e-24

-241020510.3		0.3		2.407652104e-24

-236518259.1		0.3		1.354352914e-23

-243271635.8		0.3		3.094363626e-24

-238769384.7		0.3		2.630309325e-24

-258279139.6		0.3		7.300340038e-24

-264282141.1		0.3		4.095533796e-24

-229764882.4		0.3		1.466797762e-23

-210255127.6		0.3		1.514623893e-23

-239519759.9		0.3		6.633917523e-24

-217008504.3		0.3		4.393035778e-24

-228264132.1		0.3		5.030056458e-24

-214607303.7		0.3		2.15585788e-24

-238019009.5		0.3		1.105194978e-23

-220760380.2		0.3		3.29911595e-24

-266533266.6		0.3		3.842074145e-24

-245522761.4		0.3		1.990596136e-24

-260530265.1		0.3		6.823714742e-24

-226013006.5		0.3		5.196503365e-24

-235017508.8		0.3		1.358861884e-23

-213256628.3		0.3		1.948300164e-24

-247023511.8		0.3		1.160133047e-23

-298049024.5		0.3		2.040030169e-21

-220010005		0.3		1.103895412e-23

-217758879.4		0.3		2.016070194e-24

-224512256.1		0.3		3.561997163e-24

-219259629.8		0.3		1.215932672e-23

-221510755.4		0.3		2.329480058e-24

-240270135.1		0.3		6.045178011e-24

-230515257.6		0.3		2.501006823e-24

-216258129.1		0.3		1.096079281e-23

-283941971		0.3		3.695988563e-22

-299699849.9		0.3		2.240845387e-21

-280040020		0.3		2.140749302e-24

-286193096.5		0.3		6.306114062e-22

-283041520.8		0.3		2.658364122e-22

-212356178.1		0.3		9.885588207e-24

-233366683.3		0.3		6.654885316e-24

-293696848.4		0.3		1.515978812e-21

-276138069		0.3		2.34177445e-24

-255877939		0.3		8.861862118e-24

-280790395.2		0.3		1.252294497e-23

-284542271.1		0.3		4.389854961e-22

-288294147.1		0.3		8.761671711e-22

-258879439.7		0.3		6.875733652e-24

-272386193.1		0.3		2.939221005e-24

-291445722.9		0.3		1.247960568e-21

-289194597.3		0.3		9.819631069e-22

-273136568.3		0.3		3.013540629e-24

-286943471.7		0.3		7.18096071e-22

-298799399.7		0.3		2.131165211e-21

-294447223.6		0.3		1.605784233e-21

-246123061.5		0.3		7.988748657e-24

-262631315.7		0.3		7.606312489e-24

-247623811.9		0.3		2.057748251e-24

-279139569.8		0.3		2.388426827e-24

-277638819.4		0.3		2.112772164e-24

-292946473.2		0.3		1.426404433e-21

-243871936		0.3		3.627605906e-24

-297448724.4		0.3		1.967277535e-21

-296698349.2		0.3		1.876575177e-21

-295947974		0.3		1.786082914e-21

-231115557.8		0.3		1.990320331e-24

-223611805.9		0.3		1.061971058e-23

-290695347.7		0.3		1.15909328e-21

-267133566.8		0.3		2.095634696e-24

-213856928.5		0.3		2.139040538e-24

-278389194.6		0.3		2.099246632e-24

-274637318.7		0.3		3.236534989e-24

-210855427.7		0.3		1.453743842e-23

-287693846.9		0.3		8.058206308e-22

-241620810.4		0.3		3.832764667e-24

-222861430.7		0.3		9.669257413e-24

-270135067.5		0.3		2.491935459e-24

-244622311.2		0.3		2.378050604e-24

-235617808.9		0.3		6.736900089e-24

-292196098		0.3		1.337075804e-21

-209204602.3		0.3		1.925845579e-24

-276888444.2		0.3		2.444366618e-24

-252126063		0.3		4.766644247e-24

-253626813.4		0.3		4.77696791e-24

-249874937.5		0.3		1.071952657e-23

-257378689.3		0.3		2.342737968e-24

-281540770.4		0.3		9.416693929e-23

-234117058.5		0.3		5.554122672e-24

-265632816.4		0.3		3.514037767e-24

-275387693.8		0.3		2.12739717e-24

-249124562.3		0.3		7.957994229e-24

-209954977.5		0.3		2.697040671e-24

-211605802.9		0.3		1.543089622e-23

-218359179.6		0.3		1.992439725e-24

-273886943.5		0.3		2.151222127e-24

-295197598.8		0.3		1.695819819e-21

-270885442.7		0.3		3.553386712e-24

-254377188.6		0.3		5.79424068e-24

-250625312.7		0.3		7.679187444e-24

-228864432.2		0.3		3.009579496e-24

-231865933		0.3		1.156013739e-23

-271635817.9		0.3		2.087746898e-24

-225112556.3		0.3		4.450609627e-24

-237118559.3		0.3		6.026325352e-24

-261130565.3		0.3		7.986553851e-24

-232616308.2		0.3		3.151849261e-24

-263381690.8		0.3		2.266943783e-24

-259629814.9		0.3		4.153101994e-24

-252876438.2		0.3		4.462175731e-24

-256628314.2		0.3		5.098222123e-24

-248374187.1		0.3		4.282733326e-24

-255127563.8		0.3		7.720297719e-24

-289794897.4		0.3		1.052678217e-21

-242371185.6		0.3		3.106520063e-24

-261880940.5		0.3		2.020175136e-24

-227363681.8		0.3		3.401502211e-24

-215357678.8		0.3		5.654218818e-24

-226613306.7		0.3		3.714215362e-24

-269384692.3		0.3		5.797684854e-24

-207703851.9		0.3		3.00894304e-24

-251375687.8		0.3		5.770811632e-24

-264882441.2		0.3		6.969579409e-24

-285292646.3		0.3		5.259451431e-22

-236368184.1		0.3		4.156509719e-24

-267883942		0.3		2.209979716e-24

-258129064.5		0.3		2.447773152e-24

-240870435.2		0.3		1.040678681e-23

-238619309.7		0.3		3.795698909e-24

-243121560.8		0.3		1.233323424e-23

-210105052.5		0.3		9.933756685e-24

-229614807.4		0.3		5.104227651e-24

-220610305.2		0.3		1.171736179e-23

-228114057		0.3		1.507308281e-23

-222111055.5		0.3		2.330649408e-24

-264132066		0.3		3.42801937e-24

-216858429.2		0.3		1.351412521e-23

-225862931.5		0.3		1.521402878e-23

-237868934.5		0.3		5.412634665e-24

-234867433.7		0.3		4.493411112e-24

-282291145.6		0.3		1.797240387e-22

-224362181.1		0.3		2.365026081e-24

-266383191.6		0.3		2.31300094e-24

-246873436.7		0.3		2.853499065e-24

-213106553.3		0.3		5.01562876e-24

-239369684.8		0.3		8.981801832e-24

-260380190.1		0.3		2.248546315e-24

-219109554.8		0.3		3.553313253e-24

-219859930		0.3		1.0983976e-23

-245372686.3		0.3		8.115791864e-24

-217608804.4		0.3		5.935135337e-24

-240120060		0.3		1.991448458e-24

-221360680.3		0.3		3.478362493e-24

-216108054		0.3		1.222228921e-23

-230365182.6		0.3		1.023613503e-23

-279889945		0.3		2.260658319e-24

-208454227.1		0.3		2.017549264e-24

-284392196.1		0.3		4.216329345e-22

-206953476.7		0.3		4.719051064e-24

-193446723.4		0.3		1.874750397e-24

-206203101.6		0.3		6.711804921e-24

-280640320.2		0.3		2.574105726e-24

-205452726.4		0.3		8.704055941e-24

-288144072		0.3		8.585839777e-22

-204702351.2		0.3		1.052862938e-23

-203951976		0.3		1.208826441e-23

-192696348.2		0.3		1.894097849e-24

-200200100.1		0.3		1.456804733e-23

-202451225.6		0.3		1.420721521e-23

-203201600.8		0.3		1.332574079e-23

-201700850.4		0.3		1.471328124e-23

-283791895.9		0.3		3.522757632e-22

-200950475.2		0.3		1.483427458e-23

-282891445.7		0.3		2.485847858e-22

-298649324.7		0.3		2.112848885e-21

-199449724.9		0.3		1.391947165e-23

-197948974.5		0.3		1.153821663e-23

-209054527.3		0.3		4.601536206e-24

-198699349.7		0.3		1.290151667e-23

-197198599.3		0.3		9.87058809e-24

-195697848.9		0.3		5.947831566e-24

-196448224.1		0.3		7.967801992e-24

-291295647.8		0.3		1.230154627e-21

-299549774.9		0.3		2.22259077e-21

-194947473.7		0.3		4.013190758e-24

-194197098.5		0.3		2.498967009e-24

-191945973		0.3		3.079047471e-24

-187443721.9		0.3		6.426424925e-24

-207553776.9		0.3		1.053035386e-23

-297898949.5		0.3		2.02178338e-21

-191195597.8		0.3		5.997938879e-24

-286043021.5		0.3		6.131457765e-22

-190445222.6		0.3		1.036627545e-23

-189694847.4		0.3		1.584108917e-23

-188944472.2		0.3		1.848288483e-23

-150675337.7		0.3		1.77852791e-23

-188194097		0.3		1.219293381e-23

-186693346.7		0.3		2.462208429e-24

-293546773.4		0.3		1.498079652e-21

-183691845.9		0.3		1.943980212e-23

-185942971.5		0.3		1.809006427e-24

-182941470.7		0.3		1.318624481e-23

-209804902.5		0.3		2.525668573e-24

-185192596.3		0.3		4.440801123e-24

-184442221.1		0.3		1.090772956e-23

-182191095.5		0.3		5.35062819e-24

-181440720.4		0.3		1.731246928e-24

-179189594.8		0.3		2.016137928e-23

-176938469.2		0.3		2.688074584e-24

-180690345.2		0.3		3.564635077e-24

-179939970		0.3		1.146734021e-23

-175437718.9		0.3		1.908404667e-23

-176188094		0.3		1.137192108e-23

-177688844.4		0.3		2.201704827e-24

-173936968.5		0.3		1.469126924e-24

-178439219.6		0.3		9.411349857e-24

-166433216.6		0.3		1.99316744e-23

-170185092.5		0.3		5.302382121e-24

-165682841.4		0.3		4.622322767e-24

-173186593.3		0.3		6.231988963e-24

-172436218.1		0.3		1.910160401e-23

-174687343.7		0.3		7.07721448e-24

-168684342.2		0.3		9.291429239e-24

-171685842.9		0.3		1.026331972e-23

-170935467.7		0.3		1.552478583e-24

-167183591.8		0.3		8.00638073e-24

-169434717.4		0.3		1.919576401e-23

-281390695.3		0.3		7.720229389e-23

-289644822.4		0.3		1.03501109e-21

-294297148.6		0.3		1.587840118e-21

-167933967		0.3		1.145771999e-24

-286793396.7		0.3		7.005834082e-22

-164932466.2		0.3		2.048770462e-24

-139419709.9		0.3		1.705668422e-23

-155927964		0.3		7.633152786e-25

-193296648.3		0.3		5.768437403e-24

-163431715.9		0.3		1.061182449e-23

-164182091		0.3		1.576654887e-23

-162681340.7		0.3		6.972285977e-25

-161180590.3		0.3		1.533730724e-23

-157428714.4		0.3		6.511901501e-24

-156678339.2		0.3		1.758430397e-23

-161930965.5		0.3		1.019384497e-23

-158179089.5		0.3		1.377117274e-24

-160430215.1		0.3		1.076958584e-24

-159679839.9		0.3		7.268063524e-24

-158929464.7		0.3		1.774000046e-23

-152176088		0.3		9.811429414e-24

-151425712.9		0.3		3.359825139e-25

-292796398.2		0.3		1.408550352e-21

-149924962.5		0.3		3.24567874e-24

-155177588.8		0.3		7.79149204e-24

-153676838.4		0.3		3.739532249e-25

-149174587.3		0.3		3.686452931e-24

-152926463.2		0.3		1.144135954e-23

-289044522.3		0.3		9.643119461e-22

-154427213.6		0.3		1.48797462e-23

-148424212.1		0.3		1.62255034e-23

-146173086.5		0.3		4.987327735e-24

-290545272.6		0.3		1.141315583e-21

-145422711.4		0.3		1.636046792e-24

-142421210.6		0.3		1.482576723e-24

-143171585.8		0.3		1.418920233e-23

-147673836.9		0.3		1.586805977e-24

-141670835.4		0.3		4.338753681e-24

-146923461.7		0.3		1.287532011e-23

-143921961		0.3		2.61191033e-24

-297298649.3		0.3		1.94914814e-21

-137918959.5		0.3		1.369602247e-23

-295797898.9		0.3		1.768023314e-21

-144672336.2		0.3		1.609865237e-23

-140920460.2		0.3		9.463447267e-24

-192546273.1		0.3		3.259839693e-24

-296548274.1		0.3		1.858471067e-21

-208304152.1		0.3		7.448253591e-24

-140170085		0.3		2.305947885e-24

-136418209.1		0.3		6.876580417e-24

-287543771.9		0.3		7.882555772e-22

-206803401.7		0.3		1.355168313e-23

-206053026.5		0.3		1.63535089e-23

-205302651.3		0.3		1.805658436e-23

-138669334.7		0.3		4.129839963e-24

-204552276.1		0.3		1.615186032e-23

-292046023		0.3		1.319208001e-21

-282141070.5		0.3		1.625533934e-22

-285142571.3		0.3		5.085424462e-22

-207403701.9		0.3		1.531253371e-23

-200050025		0.3		1.318954796e-23

-150525262.6		0.3		1.011138218e-23

-295047523.8		0.3		1.677805839e-21

-203801901		0.3		1.467492553e-23

-202301150.6		0.3		1.293794567e-23

-201550775.4		0.3		1.264701947e-23

-203051525.8		0.3		1.360946397e-23

-137168584.3		0.3		1.884807147e-24

-197048524.3		0.3		1.904535471e-23

-200800400.2		0.3		1.273027377e-23

-170035017.5		0.3		1.451444494e-24

-208904452.2		0.3		1.34682185e-23

-199299649.8		0.3		1.403453253e-23

-197798899.4		0.3		1.694651468e-23

-195547773.9		0.3		1.4794438e-23

-198549274.6		0.3		1.528077663e-23

-196298149.1		0.3		1.747070895e-23

-194797398.7		0.3		1.185427333e-23

-191795897.9		0.3		1.925661845e-24

-187293646.8		0.3		1.503453757e-23

-193146573.3		0.3		1.442790312e-23

-194047023.5		0.3		8.771316676e-24

-135667833.9		0.3		2.247591996e-24

-291145572.8		0.3		1.212348032e-21

-191045522.8		0.3		1.864022309e-24

-189544772.4		0.3		6.953152803e-24

-188794397.2		0.3		1.230245119e-23

-190295147.6		0.3		3.283789847e-24

-186543271.6		0.3		8.414890666e-24

-188044022		0.3		1.88149398e-23

-134167083.5		0.3		6.497801944e-24

-182791395.7		0.3		1.902873511e-23

-183541770.9		0.3		1.016119609e-23

-185792896.4		0.3		3.287747417e-24

-181290645.3		0.3		5.146639201e-24

-209654827.4		0.3		9.443273105e-24

-283641820.9		0.3		3.349691298e-22

-185042521.3		0.3		1.793989135e-24

-176788394.2		0.3		1.674346019e-24

-184292146.1		0.3		3.723748563e-24

-182041020.5		0.3		1.331131188e-23

-192396198.1		0.3		1.039850182e-23

-175287643.8		0.3		1.470436841e-23

-179039519.8		0.3		1.292081257e-23

-180540270.1		0.3		1.696306497e-24

-179789894.9		0.3		4.176188312e-24

-177538769.4		0.3		7.524894546e-24

-173786893.4		0.3		4.15008477e-24

-176038019		0.3		4.207090886e-24

-178289144.6		0.3		1.828980836e-23

-166283141.6		0.3		1.541877849e-23

-174537268.6		0.3		1.526543749e-23

-171535767.9		0.3		1.893441962e-23

-169284642.3		0.3		1.058898912e-23

-165532766.4		0.3		1.166507724e-23

-172286143.1		0.3		1.037328774e-23

-173036518.3		0.3		1.755153612e-24

-168534267.1		0.3		1.766653909e-23

-136268134.1		0.3		6.317889423e-25

-134917458.7		0.3		1.304261267e-24

-170785392.7		0.3		5.601006985e-24

-167033516.8		0.3		2.361729558e-24

-164782391.2		0.3		1.029403545e-24

-167783891.9		0.3		3.85895924e-24

-155777888.9		0.3		5.424402507e-24

-139269634.8		0.3		1.447473363e-23

-206653326.7		0.3		1.238288071e-23

-163281640.8		0.3		1.891924461e-23

-164032016		0.3		7.839257129e-24

-161030515.3		0.3		2.05429902e-23

-152026013		0.3		1.751589604e-23

-151275637.8		0.3		4.197177499e-25

-162531265.6		0.3		3.076312215e-24

-149774887.4		0.3		9.762963724e-24

-157278639.3		0.3		1.337384923e-24

-159529764.9		0.3		1.820500236e-24

-161780890.4		0.3		3.624709472e-24

-158029014.5		0.3		6.465559277e-24

-160280140.1		0.3		5.513953983e-24

-158779389.7		0.3		1.827263232e-23

-153526763.4		0.3		2.665539045e-24

-156528264.1		0.3		1.845248471e-23

-285892946.5		0.3		5.95709333e-22

-149024512.3		0.3		6.309502811e-25

-207253626.8		0.3		5.896821296e-24

-154277138.6		0.3		2.080983608e-23

-152776388.2		0.3		4.532176039e-24

-155027513.8		0.3		1.967746392e-24

-148274137.1		0.3		1.880436697e-23

-150375187.6		0.3		3.484649605e-24

-146023011.5		0.3		1.192306683e-23

-145272636.3		0.3		1.93112196e-24

-143021510.8		0.3		7.040176811e-24

-141520760.4		0.3		1.012344602e-24

-143771885.9		0.3		2.061975706e-25

-142271135.6		0.3		7.678614494e-24

-146773386.7		0.3		5.763222629e-24

-137768884.4		0.3		6.826786959e-24

-208154077		0.3		1.742183567e-23

-140770385.2		0.3		1.641623476e-23

-147523761.9		0.3		1.279804705e-24

-144522261.1		0.3		1.786128015e-23

-140020010		0.3		3.775417135e-24

-299399699.8		0.3		2.204166484e-21

-169884942.5		0.3		2.201802122e-24

-293396698.3		0.3		1.480086617e-21

-286643321.7		0.3		6.830971371e-22

-205902951.5		0.3		9.976030432e-24

-138519259.6		0.3		1.422376854e-24

-205152576.3		0.3		8.067524494e-24

-204402201.1		0.3		6.617084145e-24

-133416708.4		0.3		2.761038205e-24

-192996498.2		0.3		1.518084738e-23

-132666333.2		0.3		1.003549054e-23

-131915958		0.3		5.377977206e-24

-199899950		0.3		4.690597106e-24

-294147073.5		0.3		1.569798933e-21

-203651825.9		0.3		5.571350173e-24

-202151075.5		0.3		4.461180955e-24

-201400700.4		0.3		4.301801095e-24

-196898449.2		0.3		9.230405454e-24

-137018509.3		0.3		3.489763925e-24

-288894447.2		0.3		9.466807898e-22

-202901450.7		0.3		4.871019427e-24

-292646323.2		0.3		1.390604938e-21

-192246123.1		0.3		1.973279301e-23

-290395197.6		0.3		1.123556922e-21

-208754377.2		0.3		1.18743641e-23

-200650325.2		0.3		4.375448098e-24

-197648824.4		0.3		7.492396198e-24

-199149574.8		0.3		5.279993402e-24

-195397698.8		0.3		1.41912438e-23

-287393696.8		0.3		7.707291073e-22

-136118059		0.3		3.84111646e-24

-196148074		0.3		1.145340995e-23

-198399199.6		0.3		6.194321422e-24

-191645822.9		0.3		6.523338714e-24

-194647323.7		0.3		1.745799743e-23

-295647823.9		0.3		1.749891642e-21

-187143571.8		0.3		1.60368981e-23

-297148574.3		0.3		1.930922632e-21

-206503251.6		0.3		3.99940522e-24

-134017008.5		0.3		1.301471067e-23

-193896948.5		0.3		1.833423844e-23

-188644322.2		0.3		4.461187108e-24

-182641320.7		0.3		9.847987699e-24

-135517758.9		0.3		8.686648745e-24

-189394697.3		0.3		1.995831629e-24

-186393196.6		0.3		1.751212251e-23

-190145072.5		0.3		1.86931903e-24

-190895447.7		0.3		3.35846085e-24

-187893947		0.3		9.432148387e-24

-296398199.1		0.3		1.840291964e-21

-207103551.8		0.3		1.93276348e-24

-150225112.6		0.3		5.776042189e-25

-183391695.8		0.3		3.324812753e-24

-185642821.4		0.3		1.017393476e-23

-178889444.7		0.3		5.172683628e-24

-176638319.2		0.3		5.476639368e-24

-209504752.4		0.3		1.591084158e-23

-131165582.8		0.3		1.242191222e-23

-181140570.3		0.3		1.297970983e-23

-173636818.4		0.3		1.119380914e-23

-175137568.8		0.3		6.613986052e-24

-181890945.5		0.3		1.910734523e-23

-184892446.2		0.3		4.126924631e-24

-179639819.9		0.3		1.667565985e-24

-184142071		0.3		1.773741593e-24

-180390195.1		0.3		4.642447758e-24

-166133066.5		0.3		7.484543934e-24

-291895948		0.3		1.301370845e-21

-177388694.3		0.3		1.596233167e-23

-174387193.6		0.3		1.869545804e-23

-175887944		0.3		1.545888106e-24

-171385692.8		0.3		1.558679908e-23

-166883441.7		0.3		1.147355199e-24

-178139069.5		0.3		1.488303564e-23

-169734867.4		0.3		7.583780252e-24

-169134567.3		0.3		3.83422658e-24

-165382691.3		0.3		2.017699677e-23

-172136068		0.3		3.657237915e-24

-172886443.2		0.3		2.045048878e-24

-134767383.7		0.3		3.619257226e-24

-168384192.1		0.3		1.734707671e-23

-170635317.7		0.3		1.317423957e-23

-164632316.2		0.3		4.453534269e-24

-294897448.7		0.3		1.659721138e-21

-155627813.9		0.3		1.25562873e-23

-167633816.9		0.3		1.05840482e-23

-139119559.8		0.3		7.517420191e-24

-156378189.1		0.3		1.04713241e-23

-163131565.8		0.3		1.679368725e-23

-151125562.8		0.3		3.526484862e-24

-149624812.4		0.3		1.734548545e-23

-163881941		0.3		2.231757541e-24

-151875938		0.3		1.82125215e-23

-157128564.3		0.3		1.577864629e-25

-192846423.2		0.3		6.32619334e-24

-160880440.2		0.3		1.224140679e-23

-159379689.8		0.3		4.008292594e-25

-162381190.6		0.3		9.31690318e-24

-157878939.5		0.3		1.38896281e-23

-160130065		0.3		1.274877852e-23

-153376688.3		0.3		8.878152511e-24

-161630815.4		0.3		6.481384709e-25

-148874437.2		0.3		1.083355233e-24

-158629314.7		0.3		1.02120795e-23

-131765882.9		0.3		6.734612959e-24

-130415207.6		0.3		6.891573817e-24

-152626313.2		0.3		9.406796598e-26

-154127063.5		0.3		1.307894004e-23

-145872936.5		0.3		1.905150679e-23

-148124062		0.3		1.129916467e-23

-142121060.5		0.3		1.477566496e-23

-142871435.7		0.3		9.655080786e-25

-145122561.3		0.3		1.621483536e-24

-141370685.3		0.3		3.364232414e-24

-154877438.7		0.3		2.895321477e-25

-208004002		0.3		8.52421009e-24

-143621810.9		0.3		5.246707242e-24

-146623311.7		0.3		2.800692202e-25

-137618809.4		0.3		6.209851267e-25

-140620310.2		0.3		1.597044689e-23

-147373686.8		0.3		7.146428262e-24

-192096048		0.3		1.003286355e-23

-144372186.1		0.3		1.062624999e-23

-129664832.4		0.3		1.341221731e-23

-128914457.2		0.3		7.781994883e-24

-139869935		0.3		1.456277158e-24

-128164082		0.3		1.32783537e-23

-138369184.6		0.3		4.007642958e-24

-205002501.3		0.3		2.146076873e-24

-204252126.1		0.3		1.920334844e-24

-205752876.4		0.3		2.786073649e-24

-133266633.3		0.3		5.889729427e-24

-199749874.9		0.3		1.95135065e-24

-133866933.5		0.3		1.519294889e-23

-206353176.6		0.3		1.94251258e-24

-132516258.1		0.3		1.512577423e-23

-127413706.9		0.3		8.422028597e-24

-150075037.5		0.3		6.619325454e-25

-203501750.9		0.3		1.935618714e-24

-121410705.4		0.3		9.021922688e-24

-202001000.5		0.3		1.930822333e-24

-196748374.2		0.3		2.629220627e-24

-201250625.3		0.3		1.919441038e-24

-125912956.5		0.3		8.980435458e-24

-136868434.2		0.3		1.009059589e-23

-202751375.7		0.3		1.969564434e-24

-125162581.3		0.3		1.191903965e-23

-126663331.7		0.3		1.269312242e-23

-208604302.2		0.3		3.656007849e-24

-169584792.4		0.3		1.567479698e-23

-195247623.8		0.3		5.522123054e-24

-197498749.4		0.3		2.067537986e-24

-200500250.1		0.3		1.923603971e-24

-198999499.7		0.3		1.926870552e-24

-191495747.9		0.3		1.537146536e-23

-195997999		0.3		3.74081146e-24

-124412206.1		0.3		9.430235523e-24

-135967984		0.3		5.142703436e-24

-198249124.6		0.3		1.892014099e-24

-186993496.7		0.3		7.205494537e-24

-194497248.6		0.3		8.028553357e-24

-123661830.9		0.3		1.062016035e-23

-182491245.6		0.3		3.176460478e-24

-186243121.6		0.3		1.381189956e-23

-188494247.1		0.3		1.852411427e-24

-122911455.7		0.3		9.579295029e-24

-119159579.8		0.3		3.630742952e-26

-189244622.3		0.3		2.709653881e-24

-189994997.5		0.3		6.01420335e-24

-193746873.4		0.3		1.12592039e-23

-135367683.8		0.3		1.506693051e-23

-190745372.7		0.3		1.051718464e-23

-187743871.9		0.3		2.872836805e-24

-131615807.9		0.3		4.716432972e-24

-183241620.8		0.3		1.764875562e-24

-122161080.5		0.3		8.270003278e-24

-185492746.4		0.3		1.955518261e-23

-176488244.1		0.3		1.324057938e-23

-131015507.8		0.3		1.388493489e-23

-173486743.4		0.3		2.008428416e-23

-180990495.2		0.3		1.967531967e-23

-178739369.7		0.3		1.678235259e-24

-174987493.7		0.3		1.889995587e-24

-209354677.3		0.3		6.253964697e-24

-179489744.9		0.3		3.897555239e-24

-165982991.5		0.3		2.095404279e-24

-180240120.1		0.3		1.220023229e-23

-177238619.3		0.3		1.738355467e-23

-181740870.4		0.3		9.955834849e-24

-184742371.2		0.3		1.159232546e-23

-183991996		0.3		4.808957458e-24

-175737868.9		0.3		3.51377651e-24

-120660330.2		0.3		4.670296534e-24

-118409204.6		0.3		3.629944229e-24

-174237118.6		0.3		9.933685118e-24

-171235617.8		0.3		7.448918694e-24

-166733366.7		0.3		4.411569031e-24

-177988994.5		0.3		6.651199952e-24

-168984492.2		0.3		1.205711103e-24

-165232616.3		0.3		1.531069921e-23

-171985993		0.3		1.367267499e-24

-172736368.2		0.3		7.129923118e-24

-168234117.1		0.3		9.024177154e-24

-134617308.7		0.3		5.672673074e-24

-164482241.1		0.3		1.140415862e-23

-170485242.6		0.3		2.14709163e-23

-155477738.9		0.3		2.04872132e-23

-119909955		0.3		7.143388856e-24

-167483741.9		0.3		1.909472612e-23

-150975487.7		0.3		1.011387517e-23

-151725862.9		0.3		1.046107759e-23

-149474737.4		0.3		1.800154466e-23

-138969484.7		0.3		1.217061722e-24

-156978489.2		0.3		3.273731973e-24

-162981490.7		0.3		8.744610891e-24

-160730365.2		0.3		5.099477481e-24

-156228114.1		0.3		3.803627967e-24

-163731865.9		0.3		8.656937863e-25

-133716858.4		0.3		9.245757281e-24

-153226613.3		0.3		1.654885232e-23

-148724362.2		0.3		2.473837018e-24

-159229614.8		0.3		3.32734496e-24

-117658829.4		0.3		5.471348486e-24

-157728864.4		0.3		2.144201228e-23

-161480740.4		0.3		2.060126843e-24

-159979990		0.3		2.095933828e-23

-162231115.6		0.3		1.741039092e-23

-158479239.6		0.3		3.629341047e-24

-130265132.6		0.3		6.902981805e-24

-145722861.4		0.3		1.511826787e-23

-152476238.1		0.3		3.556766225e-25

-153976988.5		0.3		5.843982851e-24

-116908454.2		0.3		1.287558011e-24

-147973987		0.3		4.418053391e-24

-141970985.5		0.3		1.797993028e-23

-121260630.3		0.3		1.054392782e-23

-142721360.7		0.3		2.600474533e-24

-144972486.2		0.3		2.436976452e-24

-141220610.3		0.3		1.86896685e-24

-207853927		0.3		2.240446415e-24

-143471735.9		0.3		1.218407846e-23

-154727363.7		0.3		1.728506305e-24

-140470235.1		0.3		8.957255221e-24

-146473236.6		0.3		1.971642752e-24

-137468734.4		0.3		3.642756176e-24

-129514757.4		0.3		1.176625836e-23

-128764382.2		0.3		6.963372118e-24

-147223611.8		0.3		1.441168768e-23

-144222111.1		0.3		3.855545976e-24

-115407703.9		0.3		6.550927493e-24

-139719859.9		0.3		3.797994125e-24

-128014007		0.3		1.018846324e-23

-138219109.6		0.3		1.06918434e-23

-204852426.2		0.3		3.064988349e-24

-204102051		0.3		3.905110308e-24

-205602801.4		0.3		2.331572653e-24

-199599799.9		0.3		5.197593911e-24

-133116558.3		0.3		5.636554436e-24

-119009504.8		0.3		5.541953662e-24

-132366183.1		0.3		1.150310985e-23

-127263631.8		0.3		7.268992275e-24

-131465732.9		0.3		5.903563052e-26

-203351675.8		0.3		4.684223675e-24

-196598299.1		0.3		2.206142813e-24

-125762881.4		0.3		7.960090162e-24

-136718359.2		0.3		1.628883026e-23

-201850925.5		0.3		5.67262262e-24

-201100550.3		0.3		5.784784031e-24

-125012506.3		0.3		9.438179899e-24

-116158079		0.3		1.047809891e-23

-202601300.7		0.3		5.29474251e-24

-126513256.6		0.3		9.411122114e-24

-118259129.6		0.3		8.525868427e-24

-195097548.8		0.3		1.878888488e-24

-197348674.3		0.3		2.905812651e-24

-200350175.1		0.3		5.62213234e-24

-191345672.8		0.3		1.465408676e-23

-198849424.7		0.3		4.548849328e-24

-195847924		0.3		1.88943863e-24

-135817909		0.3		2.845350088e-24

-124262131.1		0.3		8.960536814e-24

-186843421.7		0.3		2.065126093e-24

-182341170.6		0.3		1.757394744e-24

-186093046.5		0.3		5.56889309e-24

-198099049.5		0.3		3.746173804e-24

-188344172.1		0.3		4.407995433e-24

-194347173.6		0.3		2.234793446e-24

-123511755.9		0.3		1.008855686e-23

-189094547.3		0.3		9.108973247e-24

-122761380.7		0.3		9.959108058e-24

-133566783.4		0.3		2.734398784e-24

-189844922.5		0.3		1.460501056e-23

-187593796.9		0.3		1.909694331e-24

-190595297.6		0.3		2.001136416e-23

-117508754.4		0.3		4.069177104e-26

-193596798.4		0.3		3.692061844e-24

-135217608.8		0.3		1.425329273e-23

-183091545.8		0.3		5.233685038e-24

-122011005.5		0.3		1.065645292e-23

-116758379.2		0.3		4.274993056e-24

-176338169.1		0.3		2.042378329e-23

-185342671.3		0.3		1.211347842e-23

-174837418.7		0.3		2.039868033e-24

-121110555.3		0.3		9.813990077e-24

-173336668.3		0.3		1.412221969e-23

-130865432.7		0.3		8.129980461e-24

-180840420.2		0.3		1.048905465e-23

-178589294.6		0.3		3.023494043e-24

-114657328.7		0.3		1.139302067e-23

-179339669.8		0.3		1.099606308e-23

-165832916.5		0.3		1.125027802e-24

-180090045		0.3		2.071137397e-23

-177088544.3		0.3		8.697608895e-24

-175587793.9		0.3		1.022013132e-23

-181590795.4		0.3		3.250770195e-24

-120510255.1		0.3		9.415808659e-24

-184592296.1		0.3		2.033127696e-23

-183841921		0.3		1.260779713e-23

-171085542.8		0.3		2.147017677e-24

-174087043.5		0.3		3.368229939e-24

-166583291.6		0.3		1.138751232e-23

-168834417.2		0.3		3.062300366e-24

-177838919.5		0.3		1.923835882e-24

-115257628.8		0.3		1.620951383e-24

-165082541.3		0.3		7.42888639e-24

-164332166.1		0.3		1.984132077e-23

-171835918		0.3		3.603289683e-24

-172586293.1		0.3		1.524347289e-23

-134467233.6		0.3		4.187035362e-24

-168084042		0.3		2.903293468e-24

-155327663.8		0.3		1.54104061e-23

-170335167.6		0.3		1.275927494e-23

-119759879.9		0.3		1.040981375e-23

-150825412.7		0.3		1.777629048e-23

-149324662.3		0.3		1.038593473e-23

-151575787.9		0.3		3.76482962e-24

-167333666.8		0.3		1.60933275e-23

-156828414.2		0.3		9.682836755e-24

-138819409.7		0.3		3.136556269e-24

-160580290.1		0.3		9.243516612e-25

-162831415.7		0.3		2.716552711e-24

-118859429.7		0.3		9.341233329e-24

-153076538.3		0.3		1.927997509e-23

-156078039		0.3		1.625884813e-25

-148574287.1		0.3		8.76306749e-24

-163581790.9		0.3		3.917007281e-24

-161330665.3		0.3		7.579742626e-24

-157578789.4		0.3		1.395799779e-23

-159829915		0.3		1.49316321e-23

-159079539.8		0.3		9.734736358e-24

-162081040.5		0.3		1.840121424e-23

-158329164.6		0.3		3.426546747e-25

-145572786.4		0.3		7.81190626e-24

-130115057.5		0.3		3.71614801e-24

-153826913.5		0.3		8.043844297e-25

-152326163.1		0.3		3.312864674e-24

-131315657.8		0.3		6.194926993e-24

-147823912		0.3		4.032066768e-25

-141820910.5		0.3		1.117454847e-23

-142571285.6		0.3		2.398579619e-24

-144822411.2		0.3		8.82257893e-24

-141070535.3		0.3		2.911716292e-24

-113906953.5		0.3		6.659721336e-24

-143321660.8		0.3		1.879629564e-23

-140320160.1		0.3		2.431973199e-24

-154577288.6		0.3		7.374225097e-24

-128614307.2		0.3		3.142208376e-24

-129364682.3		0.3		5.62412855e-24

-146323161.6		0.3		1.797471037e-25

-137318659.3		0.3		4.582489641e-24

-118109054.5		0.3		1.107798189e-23

-147073536.8		0.3		1.981012346e-23

-144072036		0.3		1.073174274e-24

-138069034.5		0.3		1.692556853e-23

-139569784.9		0.3		1.048172623e-23

-127863932		0.3		4.033687594e-24

-113156578.3		0.3		1.140379485e-23

-112406203.1		0.3		9.655403296e-25

-110905452.7		0.3		9.947081257e-24

-111655827.9		0.3		5.154705545e-24

-132966483.2		0.3		2.090264946e-24

-95897948.97		0.3		7.58461791e-24

-132216108.1		0.3		5.008878716e-24

-127113556.8		0.3		3.238542594e-24

-116608304.2		0.3		9.094668742e-24

-109404702.4		0.3		1.058299672e-23

-125612806.4		0.3		4.086184015e-24

-136568284.1		0.3		1.364553408e-23

-110155077.5		0.3		3.512078708e-24

-108654327.2		0.3		4.303770878e-24

-120960480.2		0.3		6.329180098e-24

-116008004		0.3		6.407029002e-24

-107903952		0.3		1.136765823e-23

-124862431.2		0.3		3.570664466e-24

-107153576.8		0.3		6.591455891e-24

-126363181.6		0.3		3.34997077e-24

-106403201.6		0.3		9.552183795e-25

-105652826.4		0.3		1.040212794e-23

-117358679.3		0.3		5.387542241e-24

-115107553.8		0.3		3.880892453e-24

-104152076		0.3		1.237208692e-23

-104902451.2		0.3		4.349803684e-24

-102651325.7		0.3		4.406971591e-25

-101900950.5		0.3		8.875982469e-24

-101150575.3		0.3		1.157825936e-24

-103401700.9		0.3		7.878314537e-24

-124112056		0.3		5.648177023e-24

-100400200.1		0.3		9.959084465e-24

-99649824.91		0.3		1.259417411e-23

-98149074.54		0.3		1.043887352e-23

-97398699.35		0.3		7.906745292e-24

-123361680.8		0.3		4.692874647e-24

-96648324.16		0.3		1.1462501e-24

-98899449.72		0.3		3.426248683e-24

-122611305.7		0.3		7.73149168e-24

-118709354.7		0.3		7.328159713e-24

-66633316.66		0.3		3.055922287e-24

-94397198.6		0.3		5.734704558e-24

-95147573.79		0.3		3.290221608e-24

-92146073.04		0.3		8.666579442e-24

-93646823.41		0.3		7.627587498e-24

-135067533.8		0.3		7.679455788e-24

-91395697.85		0.3		8.187374522e-24

-92896448.22		0.3		7.008399436e-25

-121860930.5		0.3		6.633900541e-24

-89894947.47		0.3		9.765712696e-24

-90645322.66		0.3		1.053976216e-25

-89144572.29		0.3		7.955387545e-24

-56128064.03		0.3		8.759815035e-24

-130715357.7		0.3		1.773374312e-24

-88394197.1		0.3		4.738032999e-25

-87643821.91		0.3		9.046491393e-24

-114507253.6		0.3		1.144500015e-23

-86893446.72		0.3		6.793508793e-24

-86143071.54		0.3		2.563557351e-24

-85392696.35		0.3		6.49118848e-24

-84642321.16		0.3		5.680375098e-24

-83891945.97		0.3		6.604520505e-24

-83141570.79		0.3		2.376781236e-24

-79389694.85		0.3		7.933276028e-24

-80890445.22		0.3		1.257251372e-24

-120360180.1		0.3		8.906575863e-24

-82391195.6		0.3		7.050468939e-24

-81640820.41		0.3		1.253829962e-23

-78639319.66		0.3		2.023463816e-24

-77888944.47		0.3		6.596780418e-24

-77138569.28		0.3		5.191384409e-24

-80140070.04		0.3		1.24421515e-23

-73386693.35		0.3		6.108039385e-24

-117958979.5		0.3		1.124115733e-23

-76388194.1		0.3		1.174869151e-23

-74137068.53		0.3		5.647535743e-24

-134317158.6		0.3		3.38831924e-25

-75637818.91		0.3		8.909724691e-25

-74887443.72		0.3		1.322663727e-23

-71885942.97		0.3		9.183804859e-24

-119609804.9		0.3		1.09517971e-23

-71135567.78		0.3		7.819694992e-24

-70385192.6		0.3		3.676522588e-24

-72636318.16		0.3		1.976131351e-24

-68884442.22		0.3		7.905810979e-24

-69634817.41		0.3		3.816951839e-24

-67383691.85		0.3		4.063725404e-24

-68134067.03		0.3		8.011331796e-24

-65882941.47		0.3		9.278111897e-24

-64382191.1		0.3		7.347279836e-24

-65132566.28		0.3		5.862730794e-24

-63631815.91		0.3		3.792529555e-25

-95747873.94		0.3		8.314989668e-24

-62881440.72		0.3		1.349593191e-23

-62131065.53		0.3		3.550294796e-24

-61380690.35		0.3		1.350738887e-23

-59129564.78		0.3		7.663820063e-24

-60630315.16		0.3		7.14169679e-25

-59879939.97		0.3		6.131314344e-24

-58379189.59		0.3		5.298254405e-24

-57628814.41		0.3		9.565931624e-24

-129964982.5		0.3		1.671726761e-24

-56878439.22		0.3		2.594703708e-25

-116458229.1		0.3		1.139881079e-23

-55377688.84		0.3		6.178109891e-24

-54627313.66		0.3		5.590021797e-24

-53876938.47		0.3		9.936417074e-24

-53126563.28		0.3		9.03350064e-27

-113756878.4		0.3		7.076080449e-24

-52376188.09		0.3		6.765755336e-24

-51625812.91		0.3		8.617863303e-24

-120810405.2		0.3		1.069107022e-24

-128464232.1		0.3		2.494015839e-24

-50875437.72		0.3		3.304560293e-24

-49374687.34		0.3		3.435439333e-24

-129214607.3		0.3		5.058274232e-25

-50125062.53		0.3		1.269470204e-23

-48624312.16		0.3		1.256409187e-24

-46373186.59		0.3		4.291136447e-24

-127713856.9		0.3		1.918615052e-24

-113006503.3		0.3		1.133964351e-23

-112256128.1		0.3		4.081765093e-24

-47873936.97		0.3		1.162094317e-23

-45622811.41		0.3		1.358595726e-23

-114957478.7		0.3		8.857942925e-24

-47123561.78		0.3		5.433986023e-24

-110755377.7		0.3		5.191059305e-24

-111505752.9		0.3		9.956899376e-24

-132816408.2		0.3		3.576047202e-24

-126963481.7		0.3		2.432867085e-24

-118559279.6		0.3		2.019849261e-24

-66483241.62		0.3		5.936474725e-24

-132066033		0.3		1.019866469e-24

-125462731.4		0.3		1.468185611e-24

-109254627.3		0.3		1.191712673e-23

-44872436.22		0.3		3.263570982e-24

-110005002.5		0.3		1.44068539e-24

-115857929		0.3		1.090761428e-24

-55977988.99		0.3		1.147641367e-23

-124712356.2		0.3		2.324895737e-24

-108504252.1		0.3		5.90350011e-24

-107753876.9		0.3		1.132011146e-23

-107003501.8		0.3		1.545060558e-24

-122461230.6		0.3		3.049421542e-24

-126213106.6		0.3		2.527407656e-24

-106253126.6		0.3		6.007426106e-24

-104002001		0.3		1.038004455e-23

-105502751.4		0.3		1.231291919e-23

-117208604.3		0.3		8.785014817e-24

-101000500.3		0.3		3.940414341e-24

-102501250.6		0.3		5.235412348e-24

-100250125.1		0.3		1.241875221e-23

-101750875.4		0.3		1.076378612e-23

-99499749.87		0.3		9.561955367e-24

-97998999.5		0.3		8.178729554e-24

-104752376.2		0.3		4.490859725e-24

-123961981		0.3		3.822239371e-25

-103251625.8		0.3		3.009888967e-24

-96498249.12		0.3		5.590115312e-24

-97248624.31		0.3		3.315583253e-24

-123211605.8		0.3		1.237308824e-24

-98749374.69		0.3		5.286438936e-25

-94247123.56		0.3		1.02101258e-23

-91245622.81		0.3		1.128321929e-23

-91995998		0.3		1.268038151e-23

-94997498.75		0.3		6.695198231e-25

-93496748.37		0.3		1.014924167e-23

-117808904.5		0.3		9.769053301e-24

-44122061.03		0.3		8.788387335e-25

-89744872.44		0.3		1.299261905e-23

-92746373.19		0.3		2.174835239e-24

-90495247.62		0.3		2.26286263e-24

-88994497.25		0.3		1.105542983e-23

-116308154.1		0.3		1.143360489e-23

-121710855.4		0.3		8.179191156e-25

-130565282.6		0.3		3.672056884e-24

-88244122.06		0.3		1.858176356e-24

-86743371.69		0.3		9.373669389e-24

-85992996.5		0.3		5.641760762e-25

-87493746.87		0.3		1.289330988e-23

-114357178.6		0.3		8.232247359e-24

-95597798.9		0.3		1.112420328e-23

-85242621.31		0.3		1.056926341e-23

-84492246.12		0.3		6.766303401e-24

-42621310.66		0.3		7.788678533e-24

-83741870.94		0.3		2.809743847e-24

-79239619.81		0.3		1.109875662e-23

-120210105.1		0.3		3.820661543e-24

-80740370.19		0.3		5.869636293e-25

-76988494.25		0.3		4.874058953e-24

-82991495.75		0.3		6.090862441e-24

-78489244.62		0.3		4.519779674e-25

-82241120.56		0.3		5.464303345e-24

-81490745.37		0.3		8.742768667e-24

-77738869.43		0.3		1.032446645e-23

-73236618.31		0.3		2.899558344e-24

-79989995		0.3		9.083010624e-24

-76238119.06		0.3		8.105629832e-24

-73986993.5		0.3		8.033147769e-24

-43371685.84		0.3		9.765863093e-24

-74737368.68		0.3		1.005711517e-23

-75487743.87		0.3		7.481300097e-25

-70235117.56		0.3		1.049983491e-24

-70985492.75		0.3		1.079286446e-23

-71735867.93		0.3		6.467009157e-24

-68734367.18		0.3		5.534508735e-24

-114807403.7		0.3		1.156417645e-23

-72486243.12		0.3		4.993395792e-24

-119459729.9		0.3		9.601037367e-24

-67233616.81		0.3		1.476429833e-24

-69484742.37		0.3		6.951988966e-24

-65732866.43		0.3		6.646704116e-24

-64232116.06		0.3		4.429387946e-24

-67983992		0.3		1.09228787e-23

-64982491.25		0.3		8.272611466e-24

-63481740.87		0.3		2.325455279e-24

-41120560.28		0.3		8.751364815e-24

-62731365.68		0.3		1.084062875e-23

-61980990.5		0.3		4.198744682e-24

-61230615.31		0.3		1.094901123e-23

-66333166.58		0.3		9.075198334e-24

-58229114.56		0.3		7.403596395e-24

-58979489.74		0.3		5.478744e-24

-59729864.93		0.3		8.952002834e-24

-60480240.12		0.3		2.965631927e-25

-57478739.37		0.3		6.830045567e-24

-56728364.18		0.3		1.746934787e-25

-129814907.5		0.3		7.923720156e-24

-55227613.81		0.3		4.411198901e-24

-53726863.43		0.3		7.364008763e-24

-54477238.62		0.3		7.665010391e-24

-113606803.4		0.3		2.959853084e-24

-52226113.06		0.3		9.247703836e-24

-52976488.24		0.3		1.023827061e-25

-55827913.96		0.3		1.343404728e-23

-51475737.87		0.3		6.482732246e-24

-128314157.1		0.3		8.687620403e-24

-50725362.68		0.3		4.404262052e-24

-122311155.6		0.3		2.672626475e-24

-129064532.3		0.3		5.427363385e-24

-46223111.56		0.3		5.814191613e-24

-49224612.31		0.3		1.674574257e-24

-49974987.49		0.3		1.260886814e-23

-127563781.9		0.3		6.515719032e-24

-112856428.2		0.3		1.158896837e-23

-112106053		0.3		7.016978812e-24

-48474237.12		0.3		2.866992022e-24

-110605302.7		0.3		2.832055864e-26

-45472736.37		0.3		1.151698721e-23

-47723861.93		0.3		1.36032232e-23

-46973486.74		0.3		3.983256254e-24

-111355677.8		0.3		1.181829653e-23

-41870935.47		0.3		2.643722097e-24

-126813406.7		0.3		8.521012704e-24

-40370185.09		0.3		9.257642014e-24

-125312656.3		0.3		7.471706017e-24

-109104552.3		0.3		1.006565304e-23

-44722361.18		0.3		1.691470024e-24

-115707853.9		0.3		4.290721713e-24

-124562281.1		0.3		7.114413377e-24

-109854927.5		0.3		6.653964374e-24

-38869434.72		0.3		2.09482754e-24

-108354177.1		0.3		3.028096482e-24

-106853426.7		0.3		3.064782435e-24

-107603801.9		0.3		1.014093668e-23

-95447723.86		0.3		1.203861566e-23

-126063031.5		0.3		7.081848242e-24

-106103051.5		0.3		1.070947824e-23

-42471235.62		0.3		6.051056916e-24

-103851926		0.3		9.265529738e-24

-105352676.3		0.3		9.003610528e-24

-100100050		0.3		9.575905711e-24

-99349674.84		0.3		4.897032598e-24

-100850425.2		0.3		3.123179106e-24

-97848924.46		0.3		8.396900787e-24

-117058529.3		0.3		6.526670117e-24

-102351175.6		0.3		1.000320037e-23

-101600800.4		0.3		1.219402935e-23

-37368684.34		0.3		8.249589316e-24

-123811906		0.3		5.532056015e-24

-104602301.2		0.3		1.000484189e-24

-96348174.09		0.3		1.015077081e-23

-103101550.8		0.3		1.532410873e-24

-97098549.27		0.3		8.071811112e-25

-94097048.52		0.3		1.260147742e-23

-91095547.77		0.3		1.205790068e-23

-91845922.96		0.3		1.056587687e-23

-123061530.8		0.3		6.435961342e-24

-40970485.24		0.3		1.063593505e-23

-98599299.65		0.3		3.833754745e-24

-93346673.34		0.3		1.286724572e-23

-94847423.71		0.3		2.916430308e-24

-89594797.4		0.3		9.818294111e-24

-39619809.9		0.3		1.115280635e-24

-43971985.99		0.3		2.165708391e-24

-90345172.59		0.3		1.587150778e-24

-66183091.55		0.3		1.226584735e-23

-88844422.21		0.3		1.238959932e-23

-92596298.15		0.3		2.355719226e-24

-88094047.02		0.3		1.601475967e-24

-38119059.53		0.3		1.05043024e-23

-121560780.4		0.3		4.778516538e-24

-86593296.65		0.3		1.274679719e-23

-85842921.46		0.3		1.851816226e-24

-84342171.09		0.3		9.476322631e-24

-85092546.27		0.3		1.280907137e-23

-87343671.84		0.3		1.052181034e-23

-55677838.92		0.3		1.09029385e-23

-114207103.6		0.3		3.17469182e-24

-83591795.9		0.3		2.479583811e-25

-35117558.78		0.3		1.365925667e-23

-76838419.21		0.3		6.314893102e-24

-79089544.77		0.3		1.278545703e-23

-73086543.27		0.3		3.667511439e-25

-80590295.15		0.3		3.755538466e-24

-78339169.58		0.3		1.172552518e-24

-120060030		0.3		1.9483036e-24

-77588794.4		0.3		1.326555306e-23

-82841420.71		0.3		1.005533242e-23

-70085042.52		0.3		5.211349544e-25

-81340670.34		0.3		4.909544598e-24

-82091045.52		0.3		5.852340716e-24

-71585792.9		0.3		4.672856771e-24

-68584292.15		0.3		4.1682738e-24

-79839919.96		0.3		6.39193404e-24

-70835417.71		0.3		1.335007436e-23

-76088044.02		0.3		4.566786434e-24

-73836918.46		0.3		1.11144627e-23

-43221610.81		0.3		1.187608925e-23

-74587293.65		0.3		7.122531983e-24

-75337668.83		0.3		3.605649743e-24

-67083541.77		0.3		2.194266617e-25

-65582791.4		0.3		4.681838975e-24

-64082041.02		0.3		1.900340261e-24

-72336168.08		0.3		8.380155451e-24

-69334667.33		0.3		1.027984224e-23

-119309654.8		0.3		5.474408799e-24

-67833916.96		0.3		1.338115168e-23

-64832416.21		0.3		1.110888783e-23

-63331665.83		0.3		4.917035704e-24

-62581290.65		0.3		8.09407748e-24

-61080540.27		0.3		8.004487414e-24

-61830915.46		0.3		5.870394279e-24

-58079039.52		0.3		9.893894131e-24

-58829414.71		0.3		3.938818027e-24

-59579789.89		0.3		1.184071407e-23

-57328664.33		0.3		4.269964125e-24

-56578289.14		0.3		1.593606406e-24

-60330165.08		0.3		5.559298225e-26

-36618309.15		0.3		2.581375713e-24

-38719359.68		0.3		3.50844301e-24

-53576788.39		0.3		4.928409979e-24

-55077538.77		0.3		3.348848033e-24

-54327163.58		0.3		1.004062315e-23

-52076038.02		0.3		1.178094335e-23

-35867933.97		0.3		5.824980784e-24

-113456728.4		0.3		2.399003526e-24

-52826413.21		0.3		7.584981583e-25

-51325662.83		0.3		4.701921326e-24

-50575287.64		0.3		6.065957271e-24

-42321160.58		0.3		4.561450619e-24

-46073036.52		0.3		7.648266877e-24

-34367183.59		0.3		5.614325037e-24

-33616808.4		0.3		2.317061129e-25

-112706353.2		0.3		1.063279041e-23

-111955978		0.3		5.002275729e-24

-49074537.27		0.3		4.249381027e-25

-110455227.6		0.3		4.673340641e-24

-95297648.82		0.3		7.772002984e-24

-49824912.46		0.3		1.019239052e-23

-48324162.08		0.3		4.830270838e-24

-45322661.33		0.3		9.311991988e-24

-111205602.8		0.3		1.092298795e-23

-32866433.22		0.3		2.793078547e-24

-37218609.3		0.3		6.661115572e-24

-47573786.89		0.3		1.151395658e-23

-46823411.71		0.3		3.05487952e-24

-41720860.43		0.3		3.100249071e-24

-40820410.21		0.3		1.257577738e-23

-32116058.03		0.3		1.000146763e-23

-44572286.14		0.3		5.465665238e-25

-40220110.06		0.3		7.340974314e-24

-108954477.2		0.3		5.301749176e-24

-115557778.9		0.3		8.019414082e-24

-66033016.51		0.3		1.224760302e-23

-31365682.84		0.3		1.007532234e-23

-109704852.4		0.3		1.110800797e-23

-108204102.1		0.3		1.811101211e-24

-106703351.7		0.3		5.460754584e-24

-55527763.88		0.3		8.404456008e-24

-107453726.9		0.3		1.152016672e-23

-105952976.5		0.3		1.175937756e-23

-30615307.65		0.3		3.866869269e-24

-103701850.9		0.3		1.087173412e-23

-34967483.74		0.3		1.220360197e-23

-99199599.8		0.3		3.842827125e-25

-105202601.3		0.3		4.120009258e-24

-99949974.99		0.3		8.367658648e-24

-97698849.42		0.3		1.093898539e-23

-100700350.2		0.3		5.742931869e-25

-81940970.49		0.3		8.027792637e-24

-102201100.6		0.3		1.229714522e-23

-29864932.47		0.3		2.72898909e-24

-101450725.4		0.3		8.053759196e-24

-29114557.28		0.3		7.494478928e-24

-96198099.05		0.3		1.252987181e-23

-90945472.74		0.3		7.885306316e-24

-104452226.1		0.3		3.797123787e-24

-93946973.49		0.3		9.356652432e-24

-102951475.7		0.3		4.379878821e-24

-96948474.24		0.3		3.234735775e-24

-91695847.92		0.3		7.704550233e-24

-28364182.09		0.3		1.348773364e-23

-89444722.36		0.3		7.14968823e-24

-39469734.87		0.3		3.095156896e-25

-93196598.3		0.3		9.200150967e-24

-94697348.67		0.3		1.986044493e-24

-43821910.96		0.3		3.807565522e-24

-98449224.61		0.3		8.521245726e-24

-90195097.55		0.3		1.439045636e-24

-88694347.17		0.3		8.344129031e-24

-37968984.49		0.3		1.236156528e-23

-87943971.99		0.3		1.061642125e-24

-38569284.64		0.3		5.114970349e-24

-92446223.11		0.3		2.870098984e-25

-27613806.9		0.3		6.783094495e-24

-86443221.61		0.3		1.057674325e-23

-85692846.42		0.3		5.29640605e-25

-84192096.05		0.3		1.284249445e-23

-84942471.24		0.3		9.415577473e-24

-114057028.5		0.3		2.204123336e-24

-87193596.8		0.3		7.507152818e-24

-83441720.86		0.3		1.61283526e-24

-76688344.17		0.3		8.982827324e-24

-72936468.23		0.3		8.396571133e-25

-78939469.73		0.3		9.124855119e-24

-42171085.54		0.3		3.424316248e-24

-26863431.72		0.3		1.460815542e-24

-78189094.55		0.3		2.399549129e-25

-68434217.11		0.3		4.207498943e-24

-80440220.11		0.3		7.476968668e-24

-69934967.48		0.3		4.696958466e-25

-71435717.86		0.3		4.303411966e-24

-81190595.3		0.3		1.483311523e-24

-70685342.67		0.3		1.020530992e-23

-77438719.36		0.3		1.011984105e-23

-82691345.67		0.3		1.317671048e-23

-43071535.77		0.3		1.361645398e-23

-79689844.92		0.3		5.095530574e-24

-73686843.42		0.3		1.301231087e-23

-75937968.98		0.3		1.473736994e-24

-74437218.61		0.3		5.089460435e-24

-75187593.8		0.3		7.022999406e-24

-66933466.73		0.3		4.997306965e-25

-65432716.36		0.3		3.788857455e-24

-63931965.98		0.3		1.164232336e-25

-37068534.27		0.3		5.233395051e-24

-26113056.53		0.3		3.700487638e-25

-67683841.92		0.3		1.034104013e-23

-69184592.3		0.3		1.337913564e-23

-72186093.05		0.3		1.185303396e-23

-40670335.17		0.3		1.317807514e-23

-62431215.61		0.3		5.753649049e-24

-63181590.8		0.3		7.831483414e-24

-64682341.17		0.3		1.338257625e-23

-60930465.23		0.3		5.189048194e-24

-57928964.48		0.3		1.25678945e-23

-61680840.42		0.3		8.208220559e-24

-58679339.67		0.3		3.343275586e-24

-57178589.29		0.3		2.051014539e-24

-59429714.86		0.3		1.296908661e-23

-56428214.11		0.3		3.66823964e-24

-36468234.12		0.3		2.47179764e-24

-35717858.93		0.3		7.268272637e-24

-23861930.97		0.3		1.189816143e-23

-53426713.36		0.3		2.75159685e-24

-60180090.05		0.3		1.345391338e-24

-54927463.73		0.3		3.209149586e-24

-113306653.3		0.3		7.620364691e-24

-51925962.98		0.3		1.336524155e-23

-54177088.54		0.3		1.256203338e-23

-52676338.17		0.3		2.356984629e-24

-51175587.79		0.3		3.462674939e-24

-50425212.61		0.3		8.094078157e-24

-23111555.78		0.3		6.543383929e-24

-33466733.37		0.3		4.466700761e-26

-45922961.48		0.3		9.678362856e-24

-34217108.55		0.3		4.146003325e-24

-112556278.1		0.3		6.229634872e-24

-34817408.7		0.3		1.050074762e-23

-111805903		0.3		1.690554423e-25

-110305152.6		0.3		6.444009385e-24

-25362681.34		0.3		4.226028089e-24

-81790895.45		0.3		1.123703528e-23

-48924462.23		0.3		1.053644805e-25

-49674837.42		0.3		7.803726312e-24

-32716358.18		0.3		4.064739322e-24

-111055527.8		0.3		1.184445975e-23

-48174087.04		0.3		7.002709408e-24

-45172586.29		0.3		7.161732997e-24

-41570785.39		0.3		4.051830646e-24

-31965982.99		0.3		1.156693021e-23

-47423711.86		0.3		9.308899695e-24

-46673336.67		0.3		2.789361766e-24

-44422211.11		0.3		1.477525615e-26

-108804402.2		0.3		1.731718375e-25

-24612306.15		0.3		9.957118309e-24

-40070035.02		0.3		5.510622236e-24

-31215607.8		0.3		8.634932113e-24

-38419209.6		0.3		6.846568929e-24

-109554777.4		0.3		1.145212687e-23

-108054027		0.3		6.944330418e-24

-106553276.6		0.3		3.518303631e-24

-105802901.5		0.3		9.829579652e-24

-103551775.9		0.3		1.204304242e-23

-30465232.62		0.3		3.090641944e-24

-107303651.8		0.3		1.109659818e-23

-99049524.76		0.3		3.003741417e-24

-99799899.95		0.3		9.848510776e-24

-97548774.39		0.3		1.215009046e-23

-100550275.1		0.3		5.24403904e-24

-105052526.3		0.3		7.119201223e-25

-42021010.51		0.3		2.755665398e-24

-102051025.5		0.3		9.655080958e-24

-29714857.43		0.3		3.337774505e-24

-101300650.3		0.3		3.271327835e-24

-90795397.7		0.3		3.621799379e-24

-96048024.01		0.3		9.383554875e-24

-28964482.24		0.3		8.77986598e-24

-36918459.23		0.3		4.027725946e-24

-93796898.45		0.3		7.297609612e-24

-91545772.89		0.3		6.747817366e-24

-89294647.32		0.3		6.407115281e-24

-96798399.2		0.3		2.344412914e-24

-104302151.1		0.3		8.718943215e-24

-28214107.05		0.3		1.214848526e-23

-102801400.7		0.3		3.434868001e-24

-93046523.26		0.3		4.790440374e-24

-39319659.83		0.3		1.982113952e-27

-40520260.13		0.3		1.122260193e-23

-94547273.64		0.3		1.406112568e-24

-88544272.14		0.3		4.173155964e-24

-90045022.51		0.3		5.473442299e-24

-37818909.45		0.3		1.349074432e-23

-43671835.92		0.3		5.676534139e-24

-87793896.95		0.3		4.87312034e-24

-98299149.57		0.3		1.253581036e-23

-85542771.39		0.3		2.601793242e-24

-86293146.57		0.3		6.472407014e-24

-23711855.93		0.3		1.07578654e-23

-92296148.07		0.3		4.281195541e-24

-27463731.87		0.3		5.539950728e-24

-84042021.01		0.3		1.060238104e-23

-83291645.82		0.3		5.240306227e-25

-84792396.2		0.3		6.716511835e-24

-22361180.59		0.3		2.851802187e-24

-76538269.13		0.3		1.224801391e-23

-87043521.76		0.3		6.047546174e-24

-22961480.74		0.3		5.622346229e-24

-72786393.2		0.3		1.996877458e-25

-68284142.07		0.3		5.629139864e-24

-69784892.45		0.3		1.172595009e-24

-71285642.82		0.3		5.487630979e-24

-70535267.63		0.3		6.832573754e-24

-81040520.26		0.3		8.901390798e-25

-78789394.7		0.3		5.397845244e-24

-78039019.51		0.3		3.089005164e-24

-26713356.68		0.3		7.954131693e-25

-66783391.7		0.3		7.441382293e-25

-34667333.67		0.3		8.818947701e-24

-80290145.07		0.3		1.132380643e-23

-77288644.32		0.3		7.144455459e-24

-18609304.65		0.3		8.544698013e-24

-82541270.64		0.3		9.98843369e-24

-73536768.38		0.3		9.595799526e-24

-42921460.73		0.3		1.170422018e-23

-74287143.57		0.3		4.527787613e-24

-79539769.88		0.3		5.699115289e-24

-75787893.95		0.3		6.021440247e-25

-65282641.32		0.3		4.233552798e-24

-63781890.95		0.3		4.595931513e-25

-75037518.76		0.3		1.062821736e-23

-57778889.44		0.3		1.235243291e-23

-35567783.89		0.3		8.828444752e-24

-67533766.88		0.3		7.106019911e-24

-72036018.01		0.3		1.235126801e-23

-52526263.13		0.3		4.42592538e-24

-51025512.76		0.3		2.963626273e-24

-69034517.26		0.3		1.084523462e-23

-25962981.49		0.3		8.389596586e-25

-62281140.57		0.3		4.122390206e-24

-63031515.76		0.3		1.087400988e-23

-59279639.82		0.3		1.023372093e-23

-19359679.84		0.3		1.31570621e-23

-61530765.38		0.3		1.091709996e-23

-64532266.13		0.3		1.043635931e-23

-60780390.2		0.3		2.670385386e-24

-36318159.08		0.3		2.797816291e-24

-53276638.32		0.3		1.019916539e-24

-57028514.26		0.3		4.315430177e-25

-58529264.63		0.3		3.844250393e-24

-54777388.69		0.3		4.019768543e-24

-45772886.44		0.3		1.181970507e-23

-33316658.33		0.3		2.499367661e-25

-32566283.14		0.3		5.454727368e-24

-60030015.01		0.3		3.522943497e-24

-56278139.07		0.3		6.117297549e-24

-38269134.57		0.3		8.654939667e-24

-21610805.4		0.3		2.493298316e-24

-25212606.3		0.3		5.301601504e-24

-51775887.94		0.3		1.096806245e-23

-20110055.03		0.3		9.848768141e-24

-54027013.51		0.3		1.254432385e-23

-31815907.95		0.3		1.311412482e-23

-34067033.52		0.3		2.816764566e-24

-50275137.57		0.3		1.034248988e-23

-20860430.22		0.3		5.432459935e-24

-44272136.07		0.3		1.06175471e-25

-41420710.36		0.3		5.382079422e-24

-24462231.12		0.3		1.11558824e-23

-17108554.28		0.3		1.338392947e-24

-17858929.46		0.3		4.41938278e-24

-8104052.026		0.3		2.343703338e-24

-48774387.19		0.3		1.978477613e-25

-10355177.59		0.3		6.551166147e-24

-16358179.09		0.3		1.097693468e-25

-31065532.77		0.3		7.266561384e-24

-30315157.58		0.3		2.563740521e-24

-45022511.26		0.3		5.121518227e-24

-15607803.9		0.3		1.109949453e-24

-9604802.401		0.3		4.62180107e-24

-36768384.19		0.3		3.118300324e-24

-11855927.96		0.3		1.162753172e-23

-49524762.38		0.3		5.521910964e-24

-47273636.82		0.3		7.251112048e-24

-46523261.63		0.3		3.230420749e-24

-48024012.01		0.3		9.289219315e-24

-39919959.98		0.3		3.814810719e-24

-14857428.71		0.3		3.605787856e-24

-4352176.088		0.3		3.945426626e-24

-14107053.53		0.3		6.722864086e-24

-13356678.34		0.3		9.988102797e-24

-2851425.713		0.3		5.193302404e-24

-1350675.338		0.3		6.011254147e-24

-5102551.276		0.3		3.260467628e-24

-3601800.9		0.3		4.607495628e-24

-5852926.463		0.3		2.632852416e-24

-12606303.15		0.3		1.315939642e-23

-28814407.2		0.3		1.011260755e-23

-7353676.838		0.3		2.03245943e-24

-11105552.78		0.3		8.91345e-24

-8854427.214		0.3		3.202451179e-24

-600300.1501		0.3		6.208935609e-24

-28064032.02		0.3		1.077265582e-23

-37668834.42		0.3		1.172767533e-23

-23561780.89		0.3		9.643801459e-24

-2101050.525		0.3		5.668424669e-24

-29564782.39		0.3		4.161824839e-24

-39169584.79		0.3		2.351231473e-25

-22811405.7		0.3		4.777342411e-24

-43521760.88		0.3		7.683192955e-24

-6603301.651		0.3		2.176117379e-24

-27313656.83		0.3		4.364371967e-24

-18459229.61		0.3		7.66579042e-24

-34517258.63		0.3		7.182061588e-24

-22211105.55		0.3		2.467744076e-24

-35417708.85		0.3		1.046539651e-23

-19209604.8		0.3		1.222373942e-23

-25812906.45		0.3		1.492711617e-24

-42771385.69		0.3		9.693752392e-24

-36168084.04		0.3		3.515976503e-24

-26563281.64		0.3		3.3457912e-25

-33166583.29		0.3		8.187748203e-25

-32416208.1		0.3		6.925235991e-24

-25062531.27		0.3		6.425360444e-24

-21460730.37		0.3		2.873303777e-24

-19959979.99		0.3		1.079502756e-23

-31665832.92		0.3		1.307909636e-23

-33916958.48		0.3		1.678308487e-24

-20710355.18		0.3		6.247868824e-24

-24312156.08		0.3		1.235045836e-23

-41270635.32		0.3		6.978233396e-24

-16958479.24		0.3		9.176323308e-25

-17708854.43		0.3		3.696904205e-24

-10205102.55		0.3		6.128070402e-24

-7953976.988		0.3		2.239531415e-24

-16208104.05		0.3		1.417350227e-25

-30915457.73		0.3		5.994533416e-24

-30165082.54		0.3		2.321361724e-24

-11705852.93		0.3		1.106072155e-23

-15457728.86		0.3		1.522824803e-24

-9454727.364		0.3		4.294902862e-24

-14707353.68		0.3		4.199939936e-24

-39769884.94		0.3		2.319823598e-24

-4202101.051		0.3		4.081713124e-24

-13956978.49		0.3		7.373610704e-24

-13206603.3		0.3		1.06365e-23

-2701350.675		0.3		5.298026228e-24

-4952476.238		0.3		3.395892786e-24

-5702851.426		0.3		2.748836152e-24

-3451725.863		0.3		4.732086874e-24

-1200600.3		0.3		6.062691492e-24

-12456228.11		0.3		1.36831198e-23

-7203601.801		0.3		2.02895164e-24

-10955477.74		0.3		8.410232409e-24

-28664332.17		0.3		1.147523379e-23

-450225.1126		0.3		6.230385257e-24

-8704352.176		0.3		2.985130858e-24

-37518759.38		0.3		9.951281672e-24

-23411705.85		0.3		8.56429686e-24

-27913956.98		0.3		9.411706921e-24

-29414707.35		0.3		5.155341018e-24

-1950975.488		0.3		5.748091859e-24

-39019509.75		0.3		9.665405728e-25

-22661330.67		0.3		4.023009497e-24

-6453226.613		0.3		2.247234914e-24

-27163581.79		0.3		3.275850831e-24

-18309154.58		0.3		6.809930094e-24

-22061030.52		0.3		2.236172439e-24

-35267633.82		0.3		1.214548134e-23

-19059529.76		0.3		1.128665059e-23

-25662831.42		0.3		2.29621437e-24

-36018009		0.3		4.55150035e-24

-33016508.25		0.3		1.689989441e-24

-32266133.07		0.3		8.448050395e-24

-26413206.6		0.3		1.045108247e-25

-24912456.23		0.3		7.583089916e-24

-21310655.33		0.3		3.375372052e-24

-19809904.95		0.3		1.174755988e-23

-31515757.88		0.3		1.156691759e-23

-33766883.44		0.3		7.940892361e-25

-20560280.14		0.3		7.106366546e-24

-24162081.04		0.3		1.349865966e-23

-16808404.2		0.3		5.791607914e-25

-17558779.39		0.3		3.020791282e-24

-10055027.51		0.3		5.722942546e-24

-7803901.951		0.3		2.157030848e-24

-16058029.01		0.3		2.644191202e-25

-30765382.69		0.3		4.849005324e-24

-30015007.5		0.3		2.379576174e-24

-11555777.89		0.3		1.050510421e-23

-9304652.326		0.3		3.989041814e-24

-15307653.83		0.3		1.986569651e-24

-14557278.64		0.3		4.81257083e-24

-4052026.013		0.3		4.216501269e-24

-13806903.45		0.3		8.027323954e-24

-2551275.638		0.3		5.39807806e-24

-13056528.26		0.3		1.128002333e-23

-3301650.825		0.3		4.853245553e-24

-5552776.388		0.3		2.870528469e-24

-4802401.201		0.3		3.532761535e-24

-12306153.08		0.3		1.336808414e-23

-1050525.263		0.3		6.108233897e-24

-10805402.7		0.3		7.921755288e-24

-7053526.763		0.3		2.042727514e-24

-300150.075		0.3		6.245725231e-24

-28514257.13		0.3		1.284647257e-23

-8554277.139		0.3		2.790615127e-24

-23261630.82		0.3		7.52768621e-24

-27763881.94		0.3		8.078028941e-24

-29264632.32		0.3		6.27743395e-24

-1800900.45		0.3		5.822314959e-24

-22511255.63		0.3		3.375540096e-24

-6303151.576		0.3		2.32964739e-24

-27013506.75		0.3		2.298409111e-24

-18159079.54		0.3		5.980775494e-24

-21910955.48		0.3		2.164391795e-24

-18909454.73		0.3		1.03583867e-23

-25512756.38		0.3		3.216655888e-24

-26263131.57		0.3		1.180179178e-25

-21160580.29		0.3		3.980971173e-24

-24762381.19		0.3		8.763448782e-24

-19659829.91		0.3		1.269864764e-23

-20410205.1		0.3		7.997980475e-24

-24012006		0.3		1.304901249e-23

-16658329.16		0.3		3.291451901e-25

-17408704.35		0.3		2.3975362e-24

-7653826.913		0.3		2.095555366e-24

-9904952.476		0.3		5.336431229e-24

-15907953.98		0.3		4.719428798e-25

-11405702.85		0.3		9.961544475e-24

-9154577.289		0.3		3.704728215e-24

-15157578.79		0.3		2.493056666e-24

-14407203.6		0.3		5.43953991e-24

-3901950.975		0.3		4.349334625e-24

-13656828.41		0.3		8.682073301e-24

-2401200.6		0.3		5.493271813e-24

-12906453.23		0.3		1.191719534e-23

-3151575.788		0.3		4.970676795e-24

-5402701.351		0.3		2.996961664e-24

-12156078.04		0.3		1.278836048e-23

-900450.2251		0.3		6.147821381e-24

-4652326.163		0.3		3.670388184e-24

-10655327.66		0.3		7.448656738e-24

-6903451.726		0.3		2.072643928e-24

-150075.0375		0.3		6.254936705e-24

-8404202.101		0.3		2.618951079e-24

-1650825.413		0.3		5.890981578e-24

-6153076.538		0.3		2.422157758e-24

-18009004.5		0.3		5.182398752e-24

-21760880.44		0.3		2.252531004e-24

-18759379.69		0.3		9.44329675e-24

-21010505.25		0.3		4.672106655e-24

-20260130.07		0.3		8.914426744e-24

-19509754.88		0.3		1.35942087e-23

-16508254.13		0.3		1.72001431e-25

-17258629.31		0.3		1.834231492e-24

-7503751.876		0.3		2.054329185e-24

-9754877.439		0.3		4.969176297e-24

-15757878.94		0.3		7.566688559e-25

-11255627.81		0.3		9.430769588e-24

-9004502.251		0.3		3.442408616e-24

-15007503.75		0.3		3.03495272e-24

-14257128.56		0.3		6.077311269e-24

-3751875.938		0.3		4.479794174e-24

-13506753.38		0.3		9.336167907e-24

-2251125.563		0.3		5.583438439e-24

-12756378.19		0.3		1.254579117e-23

-3001500.75		0.3		5.084111104e-24

-5252626.313		0.3		3.127225516e-24

-12006003		0.3		1.22042892e-23

-4502251.126		0.3		3.808138416e-24

-750375.1876		0.3		6.181402829e-24

-10505252.63		0.3		6.991578293e-24

-6753376.688		0.3		2.117512292e-24

0		0.3		6.258008442e-24

-8254127.064		0.3		2.470054729e-24

-1500750.375		0.3		5.953991142e-24

-6003001.501		0.3		2.523600838e-24

