# ky		B		eigenvalue
-285742871.4		0.3		1.532430879e-23

-291745872.9		0.3		1.675502228e-23

-296248124.1		0.3		1.540187679e-23

-270735367.7		0.3		2.001385362e-23

-262481240.6		0.3		2.015403843e-23

-272986493.2		0.3		1.799471761e-23

-240720360.2		0.3		1.579782705e-23

-247473736.9		0.3		1.698858259e-23

-272236118.1		0.3		1.924152267e-23

-284242121.1		0.3		1.789815687e-23

-289494747.4		0.3		1.712690182e-23

-212956478.2		0.3		1.297323945e-23

-228714357.2		0.3		1.372272205e-23

-300000000		0.3		1.552691353e-23

-229464732.4		0.3		1.483258972e-23

-293246623.3		0.3		1.612146226e-23

-264732366.2		0.3		2.17943002e-23

-273736868.4		0.3		1.648862497e-23

-275237618.8		0.3		1.550587399e-23

-253476738.4		0.3		1.498842767e-23

-267733866.9		0.3		1.551068625e-23

-254227113.6		0.3		1.524882741e-23

-299249624.8		0.3		1.555634199e-23

-276738369.2		0.3		2.099865553e-23

-281990995.5		0.3		1.821423695e-23

-296998499.2		0.3		1.602626171e-23

-251225612.8		0.3		1.644713311e-23

-290995497.7		0.3		1.685523614e-23

-265482741.4		0.3		2.120041815e-23

-295497748.9		0.3		1.554409806e-23

-260980490.2		0.3		1.526259411e-23

-277488744.4		0.3		1.659373256e-23

-287243621.8		0.3		1.53433218e-23

-294747373.7		0.3		1.539938312e-23

-287993997		0.3		1.550447444e-23

-293996998.5		0.3		1.676111962e-23

-282741370.7		0.3		1.534220911e-23

-259479739.9		0.3		1.557481949e-23

-271485742.9		0.3		1.994163004e-23

-283491745.9		0.3		1.827563683e-23

-288744372.2		0.3		1.691910178e-23

-281240620.3		0.3		1.62763348e-23

-231715857.9		0.3		1.861716321e-23

-235467733.9		0.3		1.46789648e-23

-245972986.5		0.3		1.474696678e-23

-239219609.8		0.3		1.607465968e-23

-260230115.1		0.3		1.546081949e-23

-274487243.6		0.3		1.539453426e-23

-286493246.6		0.3		1.535326602e-23

-269234617.3		0.3		1.82757063e-23

-290245122.6		0.3		1.542008378e-23

-269984992.5		0.3		1.9441162e-23

-284992496.2		0.3		1.576002534e-23

-226463231.6		0.3		1.588092841e-23

-224212106.1		0.3		1.599932938e-23

-298499249.6		0.3		1.568469138e-23

-279739869.9		0.3		1.582367177e-23

-263231615.8		0.3		1.539178699e-23

-245222611.3		0.3		1.588122528e-23

-257228614.3		0.3		1.533866193e-23

-242971485.7		0.3		1.439917438e-23

-234717358.7		0.3		1.434177301e-23

-233966983.5		0.3		1.481794997e-23

-218959479.7		0.3		1.446459632e-23

-258729364.7		0.3		1.489816106e-23

-263981991		0.3		1.664982921e-23

-254977488.7		0.3		1.412879385e-23

-211455727.9		0.3		1.388274302e-23

-237718859.4		0.3		1.495293125e-23

-217458729.4		0.3		1.449516056e-23

-297748874.4		0.3		1.566398157e-23

-222711355.7		0.3		1.29199681e-23

-280490245.1		0.3		1.768822728e-23

-266983491.7		0.3		1.531957493e-23

-249724862.4		0.3		1.644523545e-23

-241470735.4		0.3		1.589905167e-23

-223461730.9		0.3		1.907143509e-23

-239969985		0.3		1.411148966e-23

-278239119.6		0.3		1.55468243e-23

-278989494.7		0.3		2.024123138e-23

-236218109.1		0.3		1.526610462e-23

-236968484.2		0.3		1.261783929e-23

-248974487.2		0.3		1.501777307e-23

-216708354.2		0.3		1.319291012e-23

-256478239.1		0.3		1.473925578e-23

-238469234.6		0.3		1.750779868e-23

-275987994		0.3		1.782328906e-23

-292496248.1		0.3		1.591579445e-23

-261730865.4		0.3		2.113961358e-23

-268484242.1		0.3		1.676592032e-23

-224962481.2		0.3		1.44481689e-23

-257978989.5		0.3		1.575478856e-23

-215207603.8		0.3		1.662014503e-23

-252726363.2		0.3		1.67027193e-23

-215957979		0.3		1.347321552e-23

-233216608.3		0.3		1.326466375e-23

-227963982		0.3		1.537003553e-23

-248224112.1		0.3		1.496693753e-23

-255727863.9		0.3		1.608586662e-23

-218209104.6		0.3		1.611892913e-23

-246723361.7		0.3		1.406709653e-23

-244472236.1		0.3		1.364246288e-23

-230215107.6		0.3		1.435302992e-23

-220460230.1		0.3		1.417996826e-23

-242221110.6		0.3		1.451064662e-23

-266233116.6		0.3		1.699946436e-23

-221210605.3		0.3		1.524488375e-23

-250475237.6		0.3		1.483069704e-23

-210705352.7		0.3		1.470974379e-23

-243721860.9		0.3		1.650218854e-23

-213706853.4		0.3		1.437601289e-23

-230965482.7		0.3		1.989143677e-23

-225712856.4		0.3		2.202640258e-23

-232466233.1		0.3		1.899333337e-23

-227213606.8		0.3		1.480446344e-23

-296098049		0.3		1.542726424e-23

-219709854.9		0.3		1.161274819e-23

-221960980.5		0.3		1.407822608e-23

-251975988		0.3		1.52905789e-23

-214457228.6		0.3		1.489503142e-23

-212206103.1		0.3		1.155438877e-23

-212806403.2		0.3		1.329448561e-23

-285592796.4		0.3		1.861393586e-23

-270585292.6		0.3		1.732613097e-23

-267583791.9		0.3		2.257648765e-23

-291595797.9		0.3		1.704278641e-23

-262331165.6		0.3		1.529471778e-23

-272836418.2		0.3		1.843756464e-23

-296848424.2		0.3		1.605896939e-23

-294597298.6		0.3		1.550837317e-23

-284092046		0.3		1.615291889e-23

-240570285.1		0.3		1.43308232e-23

-272086043		0.3		1.750744384e-23

-289344672.3		0.3		1.536081309e-23

-247323661.8		0.3		1.58230796e-23

-253326663.3		0.3		1.605045556e-23

-235317658.8		0.3		1.991918596e-23

-228564282.1		0.3		1.352516488e-23

-299849925		0.3		1.55829735e-23

-211305652.8		0.3		1.946393722e-23

-229314657.3		0.3		1.46725357e-23

-293096548.3		0.3		1.69748444e-23

-273586793.4		0.3		2.006276242e-23

-248824412.2		0.3		1.439905404e-23

-281840920.5		0.3		1.592566097e-23

-264582291.1		0.3		1.764888903e-23

-275087543.8		0.3		1.894278899e-23

-299099549.8		0.3		1.546657945e-23

-276588294.1		0.3		1.539323252e-23

-254077038.5		0.3		1.538906967e-23

-260830415.2		0.3		1.55177602e-23

-251075537.8		0.3		1.526436785e-23

-265332666.3		0.3		1.528543217e-23

-295947974		0.3		1.547146605e-23

-293846923.5		0.3		1.626832899e-23

-295347673.8		0.3		1.551801035e-23

-290845422.7		0.3		1.542782946e-23

-287843922		0.3		1.834669301e-23

-277338669.3		0.3		1.847794985e-23

-287093546.8		0.3		1.77086412e-23

-283341670.8		0.3		1.545407044e-23

-282591295.6		0.3		1.92080802e-23

-271335667.8		0.3		1.716497183e-23

-288594297.1		0.3		1.701522267e-23

-245822911.5		0.3		1.856373663e-23

-281090545.3		0.3		1.754073609e-23

-259329664.8		0.3		1.530320777e-23

-231565782.9		0.3		1.485736557e-23

-239069534.8		0.3		1.479166069e-23

-290095047.5		0.3		1.722428034e-23

-274337168.6		0.3		2.163715702e-23

-269084542.3		0.3		1.94526082e-23

-269834917.5		0.3		1.803849214e-23

-286343171.6		0.3		1.772277126e-23

-226313156.6		0.3		1.556182095e-23

-260080040		0.3		1.492724455e-23

-257078539.3		0.3		1.532364098e-23

-284842421.2		0.3		1.852885838e-23

-245072536.3		0.3		1.498571738e-23

-217308654.3		0.3		1.746807485e-23

-224062031		0.3		1.531448361e-23

-233816908.5		0.3		1.472802374e-23

-242821410.7		0.3		1.469145374e-23

-230815407.7		0.3		1.478594869e-23

-279589794.9		0.3		1.887634973e-23

-234567283.6		0.3		1.394367841e-23

-263081540.8		0.3		1.874164035e-23

-258579289.6		0.3		1.540836472e-23

-218809404.7		0.3		1.890642154e-23

