# phi		energy
-0.3141592654		3.263188027e-23
-0.3141592654		3.260083779e-23
-0.3141592654		3.256592449e-23
-0.3141592654		3.255297356e-23
-0.3141592654		3.247793303e-23
-0.3141592654		3.243390877e-23
-0.3141592654		3.241415866e-23
-0.3141592654		3.238186405e-23
-0.3141592654		3.236507179e-23
-0.3141592654		3.229379993e-23
-0.3141592654		3.227789099e-23
-0.3141592654		3.223593004e-23
-0.3141592654		3.218205234e-23
-0.3141592654		3.21399197e-23
-0.3141592654		3.209103194e-23
-0.3141592654		3.205328441e-23
-0.3141592654		3.201274068e-23
-0.3141592654		3.198797982e-23
-0.3141592654		3.196126689e-23
-0.3141592654		3.192637079e-23
-0.3141592654		3.189186095e-23
-0.3141592654		3.185536818e-23
-0.3141592654		3.181937752e-23
-0.3141592654		3.177779869e-23
-0.3141592654		3.173587427e-23
-0.3141592654		3.172194075e-23
-0.3141592654		3.169629835e-23
-0.3141592654		3.166571489e-23
-0.3141592654		3.162939712e-23
-0.3141592654		3.162417531e-23
-0.3141592654		3.160295505e-23
-0.3141592654		3.157686742e-23
-0.3141592654		3.155229512e-23
-0.3141592654		3.153497184e-23
-0.3141592654		3.152028092e-23
-0.3141592654		3.148021743e-23
-0.3141592654		3.147272127e-23
-0.3141592654		3.145342157e-23
-0.3141592654		3.143157872e-23
-0.3141592654		3.141714768e-23
-0.3141592654		3.139625119e-23
-0.3141592654		3.13864973e-23
-0.3141592654		3.135830986e-23
-0.3141592654		3.134613411e-23
-0.3141592654		3.13338212e-23
-0.3141592654		3.130553364e-23
-0.3141592654		3.128242071e-23
-0.3141592654		3.12762971e-23
-0.3141592654		3.125033294e-23
-0.3141592654		3.12434821e-23
-0.3141592654		3.121019643e-23
-0.3141592654		3.119514147e-23
-0.3141592654		3.117211239e-23
-0.3141592654		3.116285654e-23
-0.3141592654		3.111079595e-23
-0.3141592654		3.109231999e-23
-0.3141592654		3.103101996e-23
-0.3141592654		3.097620899e-23
-0.3141592654		3.090348934e-23
-0.3141592654		3.080530281e-23
-0.3141592654		3.037395324e-23
-0.3141592654		2.497440944e-23

-0.1157428872		3.269679642e-23
-0.1157428872		3.267050071e-23
-0.1157428872		3.264702679e-23
-0.1157428872		3.261814381e-23
-0.1157428872		3.259718499e-23
-0.1157428872		3.256980224e-23
-0.1157428872		3.255920528e-23
-0.1157428872		3.2525522e-23
-0.1157428872		3.250198536e-23
-0.1157428872		3.248016948e-23
-0.1157428872		3.243377054e-23
-0.1157428872		3.242447352e-23
-0.1157428872		3.238211216e-23
-0.1157428872		3.235875009e-23
-0.1157428872		3.233457826e-23
-0.1157428872		3.229278701e-23
-0.1157428872		3.224968205e-23
-0.1157428872		3.223070091e-23
-0.1157428872		3.219218517e-23
-0.1157428872		3.217720613e-23
-0.1157428872		3.214997159e-23
-0.1157428872		3.213331033e-23
-0.1157428872		3.210220078e-23
-0.1157428872		3.209481356e-23
-0.1157428872		3.206993078e-23
-0.1157428872		3.203825706e-23
-0.1157428872		3.202758708e-23
-0.1157428872		3.201359356e-23
-0.1157428872		3.199152137e-23
-0.1157428872		3.198279293e-23
-0.1157428872		3.196235098e-23
-0.1157428872		3.193479503e-23
-0.1157428872		3.192082776e-23
-0.1157428872		3.190245721e-23
-0.1157428872		3.189290622e-23
-0.1157428872		3.188012768e-23
-0.1157428872		3.186524482e-23
-0.1157428872		3.184945169e-23
-0.1157428872		3.183603386e-23
-0.1157428872		3.181221925e-23
-0.1157428872		3.180429239e-23
-0.1157428872		3.178469216e-23
-0.1157428872		3.175526393e-23
-0.1157428872		3.17416882e-23
-0.1157428872		3.172938793e-23
-0.1157428872		3.171206041e-23
-0.1157428872		3.169217708e-23
-0.1157428872		3.16786188e-23
-0.1157428872		3.166528049e-23
-0.1157428872		3.164661373e-23
-0.1157428872		3.161846593e-23
-0.1157428872		3.160196259e-23
-0.1157428872		3.158153174e-23
-0.1157428872		3.156046669e-23
-0.1157428872		3.153922164e-23
-0.1157428872		3.150361489e-23
-0.1157428872		3.146648211e-23
-0.1157428872		3.138860126e-23
-0.1157428872		3.129153041e-23
-0.1157428872		3.124494052e-23
-0.1157428872		3.084140515e-23
-0.1157428872		2.523258737e-23

0.08267349088		3.270426453e-23
0.08267349088		3.267535552e-23
0.08267349088		3.264794101e-23
0.08267349088		3.262165962e-23
0.08267349088		3.260551819e-23
0.08267349088		3.257556686e-23
0.08267349088		3.256560558e-23
0.08267349088		3.253788616e-23
0.08267349088		3.250925791e-23
0.08267349088		3.249950629e-23
0.08267349088		3.245653468e-23
0.08267349088		3.243145683e-23
0.08267349088		3.240431363e-23
0.08267349088		3.237806716e-23
0.08267349088		3.234794137e-23
0.08267349088		3.23033324e-23
0.08267349088		3.226111994e-23
0.08267349088		3.22447663e-23
0.08267349088		3.221232465e-23
0.08267349088		3.21889327e-23
0.08267349088		3.216980211e-23
0.08267349088		3.214930144e-23
0.08267349088		3.213881108e-23
0.08267349088		3.211206341e-23
0.08267349088		3.209662431e-23
0.08267349088		3.206636033e-23
0.08267349088		3.204941334e-23
0.08267349088		3.204300957e-23
0.08267349088		3.202062662e-23
0.08267349088		3.201141577e-23
0.08267349088		3.198612629e-23
0.08267349088		3.195983763e-23
0.08267349088		3.195252665e-23
0.08267349088		3.193320691e-23
0.08267349088		3.192209581e-23
0.08267349088		3.190935119e-23
0.08267349088		3.189380068e-23
0.08267349088		3.18838121e-23
0.08267349088		3.186898027e-23
0.08267349088		3.184675343e-23
0.08267349088		3.183283316e-23
0.08267349088		3.181528189e-23
0.08267349088		3.178678839e-23
0.08267349088		3.177700421e-23
0.08267349088		3.176873996e-23
0.08267349088		3.174527001e-23
0.08267349088		3.172202591e-23
0.08267349088		3.170853343e-23
0.08267349088		3.169682956e-23
0.08267349088		3.168088013e-23
0.08267349088		3.165146782e-23
0.08267349088		3.163585385e-23
0.08267349088		3.161346601e-23
0.08267349088		3.159147299e-23
0.08267349088		3.157313713e-23
0.08267349088		3.153684105e-23
0.08267349088		3.150162302e-23
0.08267349088		3.142081785e-23
0.08267349088		3.132272247e-23
0.08267349088		3.127898835e-23
0.08267349088		3.088003331e-23
0.08267349088		2.525271194e-23

0.281089869		3.265273072e-23
0.281089869		3.262547632e-23
0.281089869		3.258327793e-23
0.281089869		3.257707082e-23
0.281089869		3.2507257e-23
0.281089869		3.2470939e-23
0.281089869		3.24399851e-23
0.281089869		3.241943302e-23
0.281089869		3.240606365e-23
0.281089869		3.234054305e-23
0.281089869		3.231001659e-23
0.281089869		3.227599368e-23
0.281089869		3.222832045e-23
0.281089869		3.218584809e-23
0.281089869		3.214622832e-23
0.281089869		3.211333692e-23
0.281089869		3.207678142e-23
0.281089869		3.204312656e-23
0.281089869		3.202578079e-23
0.281089869		3.199137214e-23
0.281089869		3.1952e-23
0.281089869		3.191917032e-23
0.281089869		3.189120341e-23
0.281089869		3.184397303e-23
0.281089869		3.181089013e-23
0.281089869		3.179577518e-23
0.281089869		3.177510706e-23
0.281089869		3.173961751e-23
0.281089869		3.171302808e-23
0.281089869		3.170761555e-23
0.281089869		3.168583933e-23
0.281089869		3.166060581e-23
0.281089869		3.163406721e-23
0.281089869		3.161796595e-23
0.281089869		3.160727388e-23
0.281089869		3.156934221e-23
0.281089869		3.155735867e-23
0.281089869		3.153786815e-23
0.281089869		3.152407727e-23
0.281089869		3.15081444e-23
0.281089869		3.148786552e-23
0.281089869		3.147726721e-23
0.281089869		3.14457564e-23
0.281089869		3.143646341e-23
0.281089869		3.142003129e-23
0.281089869		3.139506437e-23
0.281089869		3.137682787e-23
0.281089869		3.136935903e-23
0.281089869		3.134445986e-23
0.281089869		3.133451459e-23
0.281089869		3.130267952e-23
0.281089869		3.128413744e-23
0.281089869		3.126532377e-23
0.281089869		3.125367926e-23
0.281089869		3.120717474e-23
0.281089869		3.118536879e-23
0.281089869		3.112812688e-23
0.281089869		3.107022257e-23
0.281089869		3.099170589e-23
0.281089869		3.090475636e-23
0.281089869		3.047726797e-23
0.281089869		2.50334397e-23

0.4795062471		3.246006965e-23
0.4795062471		3.243775896e-23
0.4795062471		3.238769808e-23
0.4795062471		3.233200622e-23
0.4795062471		3.226098336e-23
0.4795062471		3.217999665e-23
0.4795062471		3.215048321e-23
0.4795062471		3.212535356e-23
0.4795062471		3.207789285e-23
0.4795062471		3.203040472e-23
0.4795062471		3.198561281e-23
0.4795062471		3.190166362e-23
0.4795062471		3.185167573e-23
0.4795062471		3.179158764e-23
0.4795062471		3.174099595e-23
0.4795062471		3.164381879e-23
0.4795062471		3.162296905e-23
0.4795062471		3.155738431e-23
0.4795062471		3.155007718e-23
0.4795062471		3.14783189e-23
0.4795062471		3.145912883e-23
0.4795062471		3.14083134e-23
0.4795062471		3.133698993e-23
0.4795062471		3.132366081e-23
0.4795062471		3.127162148e-23
0.4795062471		3.121374016e-23
0.4795062471		3.119490034e-23
0.4795062471		3.116826602e-23
0.4795062471		3.11194805e-23
0.4795062471		3.109070465e-23
0.4795062471		3.105900264e-23
0.4795062471		3.103737657e-23
0.4795062471		3.100975361e-23
0.4795062471		3.099527132e-23
0.4795062471		3.095714765e-23
0.4795062471		3.093431915e-23
0.4795062471		3.091162327e-23
0.4795062471		3.088498913e-23
0.4795062471		3.086836509e-23
0.4795062471		3.08458237e-23
0.4795062471		3.082371388e-23
0.4795062471		3.080114507e-23
0.4795062471		3.077852671e-23
0.4795062471		3.076443432e-23
0.4795062471		3.075266359e-23
0.4795062471		3.072311163e-23
0.4795062471		3.068654509e-23
0.4795062471		3.068397879e-23
0.4795062471		3.065589623e-23
0.4795062471		3.063326398e-23
0.4795062471		3.062244741e-23
0.4795062471		3.061444432e-23
0.4795062471		3.057577146e-23
0.4795062471		3.057057742e-23
0.4795062471		3.050121846e-23
0.4795062471		3.048279614e-23
0.4795062471		3.041351428e-23
0.4795062471		3.036919923e-23
0.4795062471		3.032542753e-23
0.4795062471		3.017235571e-23
0.4795062471		2.972841065e-23
0.4795062471		2.458855115e-23

0.6779226252		3.205715028e-23
0.6779226252		3.201982814e-23
0.6779226252		3.196715879e-23
0.6779226252		3.192335684e-23
0.6779226252		3.18361846e-23
0.6779226252		3.170598206e-23
0.6779226252		3.164097755e-23
0.6779226252		3.15975855e-23
0.6779226252		3.149667854e-23
0.6779226252		3.142816666e-23
0.6779226252		3.13491517e-23
0.6779226252		3.127798796e-23
0.6779226252		3.12198051e-23
0.6779226252		3.117651063e-23
0.6779226252		3.105359038e-23
0.6779226252		3.097724754e-23
0.6779226252		3.089930144e-23
0.6779226252		3.082489455e-23
0.6779226252		3.078487787e-23
0.6779226252		3.072445507e-23
0.6779226252		3.06870302e-23
0.6779226252		3.061944178e-23
0.6779226252		3.054105735e-23
0.6779226252		3.049713334e-23
0.6779226252		3.046244373e-23
0.6779226252		3.041225427e-23
0.6779226252		3.036712171e-23
0.6779226252		3.030624514e-23
0.6779226252		3.024515005e-23
0.6779226252		3.020377534e-23
0.6779226252		3.016096141e-23
0.6779226252		3.013433169e-23
0.6779226252		3.011255884e-23
0.6779226252		3.007752357e-23
0.6779226252		3.004635279e-23
0.6779226252		2.99928353e-23
0.6779226252		2.997576895e-23
0.6779226252		2.995881427e-23
0.6779226252		2.993624578e-23
0.6779226252		2.989546647e-23
0.6779226252		2.986200478e-23
0.6779226252		2.982942271e-23
0.6779226252		2.981846372e-23
0.6779226252		2.979681889e-23
0.6779226252		2.977481997e-23
0.6779226252		2.974222739e-23
0.6779226252		2.972655007e-23
0.6779226252		2.97123731e-23
0.6779226252		2.966542315e-23
0.6779226252		2.965430825e-23
0.6779226252		2.963234356e-23
0.6779226252		2.961341476e-23
0.6779226252		2.9583405e-23
0.6779226252		2.956752284e-23
0.6779226252		2.950507618e-23
0.6779226252		2.946843974e-23
0.6779226252		2.939899528e-23
0.6779226252		2.937761056e-23
0.6779226252		2.933845504e-23
0.6779226252		2.914622805e-23
0.6779226252		2.8704622e-23
0.6779226252		2.39409102e-23

0.8763390034		3.147484688e-23
0.8763390034		3.138412388e-23
0.8763390034		3.135985276e-23
0.8763390034		3.126416948e-23
0.8763390034		3.115699381e-23
0.8763390034		3.105625265e-23
0.8763390034		3.093761137e-23
0.8763390034		3.080994705e-23
0.8763390034		3.071523399e-23
0.8763390034		3.062206086e-23
0.8763390034		3.046400015e-23
0.8763390034		3.043582946e-23
0.8763390034		3.030686552e-23
0.8763390034		3.030048816e-23
0.8763390034		3.012194526e-23
0.8763390034		3.004167798e-23
0.8763390034		2.996253989e-23
0.8763390034		2.986256203e-23
0.8763390034		2.977819445e-23
0.8763390034		2.973571545e-23
0.8763390034		2.969359424e-23
0.8763390034		2.956216638e-23
0.8763390034		2.95127482e-23
0.8763390034		2.944127491e-23
0.8763390034		2.938589431e-23
0.8763390034		2.93344142e-23
0.8763390034		2.926725316e-23
0.8763390034		2.92239764e-23
0.8763390034		2.910569913e-23
0.8763390034		2.909014828e-23
0.8763390034		2.901306542e-23
0.8763390034		2.897271215e-23
0.8763390034		2.893682485e-23
0.8763390034		2.891104983e-23
0.8763390034		2.887419654e-23
0.8763390034		2.878358773e-23
0.8763390034		2.877137741e-23
0.8763390034		2.876436439e-23
0.8763390034		2.874115196e-23
0.8763390034		2.86707564e-23
0.8763390034		2.864181001e-23
0.8763390034		2.860095871e-23
0.8763390034		2.85821538e-23
0.8763390034		2.855641325e-23
0.8763390034		2.851834137e-23
0.8763390034		2.8493426e-23
0.8763390034		2.847259534e-23
0.8763390034		2.847056561e-23
0.8763390034		2.84051816e-23
0.8763390034		2.838451066e-23
0.8763390034		2.836568385e-23
0.8763390034		2.834064054e-23
0.8763390034		2.829740888e-23
0.8763390034		2.828783728e-23
0.8763390034		2.82289661e-23
0.8763390034		2.818736553e-23
0.8763390034		2.812394181e-23
0.8763390034		2.810605461e-23
0.8763390034		2.805420905e-23
0.8763390034		2.786042677e-23
0.8763390034		2.744129523e-23
0.8763390034		2.311424582e-23

1.074755381		3.070421878e-23
1.074755381		3.058531606e-23
1.074755381		3.051788731e-23
1.074755381		3.040864985e-23
1.074755381		3.031066251e-23
1.074755381		3.021165614e-23
1.074755381		3.00327163e-23
1.074755381		2.982221351e-23
1.074755381		2.974279292e-23
1.074755381		2.958586833e-23
1.074755381		2.940695417e-23
1.074755381		2.937142919e-23
1.074755381		2.920793082e-23
1.074755381		2.917291005e-23
1.074755381		2.898967456e-23
1.074755381		2.88528762e-23
1.074755381		2.881299141e-23
1.074755381		2.867863401e-23
1.074755381		2.865915425e-23
1.074755381		2.852547729e-23
1.074755381		2.840621806e-23
1.074755381		2.830157042e-23
1.074755381		2.824036377e-23
1.074755381		2.816663488e-23
1.074755381		2.806505841e-23
1.074755381		2.80002218e-23
1.074755381		2.793751178e-23
1.074755381		2.789011922e-23
1.074755381		2.777297139e-23
1.074755381		2.770599771e-23
1.074755381		2.763937228e-23
1.074755381		2.760341727e-23
1.074755381		2.751694925e-23
1.074755381		2.748979407e-23
1.074755381		2.745239301e-23
1.074755381		2.736329432e-23
1.074755381		2.734378475e-23
1.074755381		2.730486198e-23
1.074755381		2.726822551e-23
1.074755381		2.720641173e-23
1.074755381		2.717219714e-23
1.074755381		2.712234743e-23
1.074755381		2.709525399e-23
1.074755381		2.707727016e-23
1.074755381		2.700134596e-23
1.074755381		2.69864853e-23
1.074755381		2.695933623e-23
1.074755381		2.694319636e-23
1.074755381		2.689171745e-23
1.074755381		2.686099677e-23
1.074755381		2.683389919e-23
1.074755381		2.681378982e-23
1.074755381		2.675719507e-23
1.074755381		2.674731594e-23
1.074755381		2.669511384e-23
1.074755381		2.665609774e-23
1.074755381		2.659884718e-23
1.074755381		2.65676435e-23
1.074755381		2.650556953e-23
1.074755381		2.633629528e-23
1.074755381		2.595742085e-23
1.074755381		2.212672987e-23

1.27317176		2.977794354e-23
1.27317176		2.966318054e-23
1.27317176		2.94933026e-23
1.27317176		2.938705728e-23
1.27317176		2.930050405e-23
1.27317176		2.920594264e-23
1.27317176		2.895826168e-23
1.27317176		2.86761125e-23
1.27317176		2.855626917e-23
1.27317176		2.836477726e-23
1.27317176		2.817966429e-23
1.27317176		2.812785311e-23
1.27317176		2.792977505e-23
1.27317176		2.785860334e-23
1.27317176		2.767654564e-23
1.27317176		2.751346652e-23
1.27317176		2.744124344e-23
1.27317176		2.736681084e-23
1.27317176		2.72743029e-23
1.27317176		2.713997948e-23
1.27317176		2.691080684e-23
1.27317176		2.687429387e-23
1.27317176		2.674679075e-23
1.27317176		2.668130384e-23
1.27317176		2.653626065e-23
1.27317176		2.646034258e-23
1.27317176		2.638737575e-23
1.27317176		2.632162549e-23
1.27317176		2.622259896e-23
1.27317176		2.610887071e-23
1.27317176		2.606577754e-23
1.27317176		2.601989299e-23
1.27317176		2.588987372e-23
1.27317176		2.585651041e-23
1.27317176		2.579163489e-23
1.27317176		2.574194893e-23
1.27317176		2.569153769e-23
1.27317176		2.561377712e-23
1.27317176		2.55711633e-23
1.27317176		2.551057683e-23
1.27317176		2.548325338e-23
1.27317176		2.542419647e-23
1.27317176		2.537366209e-23
1.27317176		2.533855997e-23
1.27317176		2.528267774e-23
1.27317176		2.523394999e-23
1.27317176		2.519768152e-23
1.27317176		2.517590164e-23
1.27317176		2.514077765e-23
1.27317176		2.509456193e-23
1.27317176		2.505847262e-23
1.27317176		2.5042645e-23
1.27317176		2.49859405e-23
1.27317176		2.496520081e-23
1.27317176		2.492490532e-23
1.27317176		2.488286797e-23
1.27317176		2.483054277e-23
1.27317176		2.479210495e-23
1.27317176		2.471694408e-23
1.27317176		2.459009621e-23
1.27317176		2.42633471e-23
1.27317176		2.098689249e-23

1.471588138		2.875022227e-23
1.471588138		2.860267146e-23
1.471588138		2.835782103e-23
1.471588138		2.822398674e-23
1.471588138		2.814800048e-23
1.471588138		2.805822253e-23
1.471588138		2.775391761e-23
1.471588138		2.739735512e-23
1.471588138		2.720212983e-23
1.471588138		2.70005082e-23
1.471588138		2.680718786e-23
1.471588138		2.673907109e-23
1.471588138		2.649584876e-23
1.471588138		2.639663064e-23
1.471588138		2.62383255e-23
1.471588138		2.602298117e-23
1.471588138		2.59456662e-23
1.471588138		2.586536703e-23
1.471588138		2.568374548e-23
1.471588138		2.55939e-23
1.471588138		2.52907104e-23
1.471588138		2.525034141e-23
1.471588138		2.5076351e-23
1.471588138		2.501780946e-23
1.471588138		2.484990412e-23
1.471588138		2.475004308e-23
1.471588138		2.463388036e-23
1.471588138		2.456424245e-23
1.471588138		2.447397749e-23
1.471588138		2.433559474e-23
1.471588138		2.429899011e-23
1.471588138		2.424316021e-23
1.471588138		2.408069816e-23
1.471588138		2.403297363e-23
1.471588138		2.395652674e-23
1.471588138		2.391399743e-23
1.471588138		2.383976218e-23
1.471588138		2.371805762e-23
1.471588138		2.36786187e-23
1.471588138		2.360739783e-23
1.471588138		2.359284415e-23
1.471588138		2.352282795e-23
1.471588138		2.344174028e-23
1.471588138		2.337549278e-23
1.471588138		2.336198563e-23
1.471588138		2.326868775e-23
1.471588138		2.32383982e-23
1.471588138		2.319231109e-23
1.471588138		2.315699922e-23
1.471588138		2.310996112e-23
1.471588138		2.306369559e-23
1.471588138		2.30401911e-23
1.471588138		2.299423549e-23
1.471588138		2.297471516e-23
1.471588138		2.292792477e-23
1.471588138		2.288561233e-23
1.471588138		2.284118999e-23
1.471588138		2.279444807e-23
1.471588138		2.271039591e-23
1.471588138		2.263555754e-23
1.471588138		2.236386956e-23
1.471588138		1.96906534e-23

1.670004516		2.765073995e-23
1.670004516		2.744206524e-23
1.670004516		2.714842929e-23
1.670004516		2.69601044e-23
1.670004516		2.690562046e-23
1.670004516		2.679053473e-23
1.670004516		2.645412463e-23
1.670004516		2.601668237e-23
1.670004516		2.574464383e-23
1.670004516		2.553627031e-23
1.670004516		2.531971142e-23
1.670004516		2.524322896e-23
1.670004516		2.495202245e-23
1.670004516		2.483066955e-23
1.670004516		2.471223376e-23
1.670004516		2.441546722e-23
1.670004516		2.435551635e-23
1.670004516		2.419221738e-23
1.670004516		2.396628923e-23
1.670004516		2.390184058e-23
1.670004516		2.356562559e-23
1.670004516		2.347395734e-23
1.670004516		2.329059566e-23
1.670004516		2.319477457e-23
1.670004516		2.30325184e-23
1.670004516		2.290133179e-23
1.670004516		2.274697626e-23
1.670004516		2.266669406e-23
1.670004516		2.254542802e-23
1.670004516		2.241587925e-23
1.670004516		2.236614788e-23
1.670004516		2.23159336e-23
1.670004516		2.211843537e-23
1.670004516		2.203908062e-23
1.670004516		2.19960403e-23
1.670004516		2.190533261e-23
1.670004516		2.181150607e-23
1.670004516		2.165108583e-23
1.670004516		2.16093642e-23
1.670004516		2.154749482e-23
1.670004516		2.151492933e-23
1.670004516		2.143365803e-23
1.670004516		2.133120694e-23
1.670004516		2.125631452e-23
1.670004516		2.122261739e-23
1.670004516		2.112629946e-23
1.670004516		2.109002648e-23
1.670004516		2.101643764e-23
1.670004516		2.097597673e-23
1.670004516		2.093395051e-23
1.670004516		2.086698677e-23
1.670004516		2.083948838e-23
1.670004516		2.080669667e-23
1.670004516		2.07821672e-23
1.670004516		2.072515068e-23
1.670004516		2.068278895e-23
1.670004516		2.065083815e-23
1.670004516		2.059290206e-23
1.670004516		2.051181913e-23
1.670004516		2.047968833e-23
1.670004516		2.026267768e-23
1.670004516		1.821878571e-23

1.868420894		2.650438302e-23
1.868420894		2.624331377e-23
1.868420894		2.589484399e-23
1.868420894		2.568860248e-23
1.868420894		2.557849799e-23
1.868420894		2.545640665e-23
1.868420894		2.50998767e-23
1.868420894		2.458157131e-23
1.868420894		2.423958243e-23
1.868420894		2.402170145e-23
1.868420894		2.376156501e-23
1.868420894		2.368614773e-23
1.868420894		2.335183475e-23
1.868420894		2.321208148e-23
1.868420894		2.313094087e-23
1.868420894		2.275089351e-23
1.868420894		2.266645107e-23
1.868420894		2.243502068e-23
1.868420894		2.219046677e-23
1.868420894		2.208765355e-23
1.868420894		2.174356673e-23
1.868420894		2.163185385e-23
1.868420894		2.142064787e-23
1.868420894		2.12641432e-23
1.868420894		2.112086795e-23
1.868420894		2.095841045e-23
1.868420894		2.078075556e-23
1.868420894		2.067514835e-23
1.868420894		2.048444193e-23
1.868420894		2.038293448e-23
1.868420894		2.03242069e-23
1.868420894		2.026983334e-23
1.868420894		2.004541654e-23
1.868420894		1.992739265e-23
1.868420894		1.990424511e-23
1.868420894		1.977682187e-23
1.868420894		1.964055359e-23
1.868420894		1.944659796e-23
1.868420894		1.940035261e-23
1.868420894		1.935800711e-23
1.868420894		1.928075572e-23
1.868420894		1.919294133e-23
1.868420894		1.907616963e-23
1.868420894		1.898076186e-23
1.868420894		1.892321359e-23
1.868420894		1.882542429e-23
1.868420894		1.877848956e-23
1.868420894		1.86859217e-23
1.868420894		1.862990312e-23
1.868420894		1.858822779e-23
1.868420894		1.849692737e-23
1.868420894		1.848636764e-23
1.868420894		1.842558459e-23
1.868420894		1.840736171e-23
1.868420894		1.83422678e-23
1.868420894		1.829554509e-23
1.868420894		1.827697399e-23
1.868420894		1.82109069e-23
1.868420894		1.816324773e-23
1.868420894		1.811002829e-23
1.868420894		1.796902022e-23
1.868420894		1.653642458e-23

2.066837272		2.535365291e-23
2.066837272		2.50667832e-23
2.066837272		2.464493714e-23
2.066837272		2.444278973e-23
2.066837272		2.423403875e-23
2.066837272		2.412063148e-23
2.066837272		2.374206053e-23
2.066837272		2.3148756e-23
2.066837272		2.274262557e-23
2.066837272		2.251563651e-23
2.066837272		2.219097794e-23
2.066837272		2.212318636e-23
2.066837272		2.17581788e-23
2.066837272		2.159822022e-23
2.066837272		2.153855636e-23
2.066837272		2.107609197e-23
2.066837272		2.09442987e-23
2.066837272		2.065899907e-23
2.066837272		2.040243283e-23
2.066837272		2.022298159e-23
2.066837272		1.988002026e-23
2.066837272		1.978521792e-23
2.066837272		1.951110198e-23
2.066837272		1.929138464e-23
2.066837272		1.916684559e-23
2.066837272		1.897501492e-23
2.066837272		1.878434533e-23
2.066837272		1.863938413e-23
2.066837272		1.836531778e-23
2.066837272		1.829661844e-23
2.066837272		1.822108929e-23
2.066837272		1.814143053e-23
2.066837272		1.791036211e-23
2.066837272		1.779090781e-23
2.066837272		1.769107171e-23
2.066837272		1.756243953e-23
2.066837272		1.737348171e-23
2.066837272		1.714858284e-23
2.066837272		1.709607986e-23
2.066837272		1.706602959e-23
2.066837272		1.692952816e-23
2.066837272		1.685272596e-23
2.066837272		1.670737817e-23
2.066837272		1.658203064e-23
2.066837272		1.650097818e-23
2.066837272		1.639597186e-23
2.066837272		1.634418832e-23
2.066837272		1.623827725e-23
2.066837272		1.615987092e-23
2.066837272		1.609543122e-23
2.066837272		1.599655771e-23
2.066837272		1.597418026e-23
2.066837272		1.590741542e-23
2.066837272		1.587268729e-23
2.066837272		1.580325695e-23
2.066837272		1.57584266e-23
2.066837272		1.573131811e-23
2.066837272		1.567815062e-23
2.066837272		1.564548244e-23
2.066837272		1.556869176e-23
2.066837272		1.550084974e-23
2.066837272		1.460008619e-23

2.26525365		2.426124974e-23
2.26525365		2.396829204e-23
2.26525365		2.34603862e-23
2.26525365		2.32613353e-23
2.26525365		2.295333874e-23
2.26525365		2.284618787e-23
2.26525365		2.244232704e-23
2.26525365		2.178333858e-23
2.26525365		2.131715944e-23
2.26525365		2.108401955e-23
2.26525365		2.067933375e-23
2.26525365		2.062098813e-23
2.26525365		2.024479297e-23
2.26525365		2.005074295e-23
2.26525365		1.999803548e-23
2.26525365		1.945439317e-23
2.26525365		1.926991425e-23
2.26525365		1.893847385e-23
2.26525365		1.866840716e-23
2.26525365		1.839102105e-23
2.26525365		1.804763861e-23
2.26525365		1.79998908e-23
2.26525365		1.763578373e-23
2.26525365		1.735155355e-23
2.26525365		1.723951936e-23
2.26525365		1.702034638e-23
2.26525365		1.681758823e-23
2.26525365		1.662517106e-23
2.26525365		1.629073401e-23
2.26525365		1.621427445e-23
2.26525365		1.610485631e-23
2.26525365		1.599707653e-23
2.26525365		1.577231091e-23
2.26525365		1.566257802e-23
2.26525365		1.545765605e-23
2.26525365		1.53129672e-23
2.26525365		1.506965885e-23
2.26525365		1.48155656e-23
2.26525365		1.475255612e-23
2.26525365		1.471551737e-23
2.26525365		1.451908927e-23
2.26525365		1.447104377e-23
2.26525365		1.426918197e-23
2.26525365		1.410971269e-23
2.26525365		1.399458057e-23
2.26525365		1.388973137e-23
2.26525365		1.383399092e-23
2.26525365		1.371414336e-23
2.26525365		1.36068746e-23
2.26525365		1.348854725e-23
2.26525365		1.33886251e-23
2.26525365		1.334185614e-23
2.26525365		1.329080335e-23
2.26525365		1.322352805e-23
2.26525365		1.313646026e-23
2.26525365		1.30929688e-23
2.26525365		1.30484663e-23
2.26525365		1.300155043e-23
2.26525365		1.297266324e-23
2.26525365		1.289304055e-23
2.26525365		1.287854631e-23
2.26525365		1.237886443e-23

2.463670028		2.329196179e-23
2.463670028		2.300106257e-23
2.463670028		2.240811984e-23
2.463670028		2.220308046e-23
2.463670028		2.18139385e-23
2.463670028		2.169840349e-23
2.463670028		2.127201247e-23
2.463670028		2.055832291e-23
2.463670028		2.00371163e-23
2.463670028		1.979953549e-23
2.463670028		1.931088056e-23
2.463670028		1.92578264e-23
2.463670028		1.889030496e-23
2.463670028		1.864270521e-23
2.463670028		1.859325717e-23
2.463670028		1.797157295e-23
2.463670028		1.773460495e-23
2.463670028		1.736263549e-23
2.463670028		1.707657068e-23
2.463670028		1.669006372e-23
2.463670028		1.635621114e-23
2.463670028		1.633839806e-23
2.463670028		1.589065405e-23
2.463670028		1.553937991e-23
2.463670028		1.543234691e-23
2.463670028		1.518402418e-23
2.463670028		1.496362864e-23
2.463670028		1.472259455e-23
2.463670028		1.436283085e-23
2.463670028		1.421761864e-23
2.463670028		1.406572373e-23
2.463670028		1.393427849e-23
2.463670028		1.371782506e-23
2.463670028		1.36234789e-23
2.463670028		1.329414655e-23
2.463670028		1.311689289e-23
2.463670028		1.281312117e-23
2.463670028		1.253002496e-23
2.463670028		1.244790147e-23
2.463670028		1.238748681e-23
2.463670028		1.215516438e-23
2.463670028		1.209918491e-23
2.463670028		1.183477267e-23
2.463670028		1.163022077e-23
2.463670028		1.146911735e-23
2.463670028		1.138865287e-23
2.463670028		1.130369553e-23
2.463670028		1.116203778e-23
2.463670028		1.1016998e-23
2.463670028		1.082167497e-23
2.463670028		1.071937496e-23
2.463670028		1.064851139e-23
2.463670028		1.060205601e-23
2.463670028		1.050648478e-23
2.463670028		1.037666388e-23
2.463670028		1.032273145e-23
2.463670028		1.026697448e-23
2.463670028		1.020725806e-23
2.463670028		1.018369907e-23
2.463670028		1.013792072e-23
2.463670028		1.009366054e-23
2.463670028		9.883420226e-24

2.662086406		2.250563107e-23
2.662086406		2.221801372e-23
2.662086406		2.155338293e-23
2.662086406		2.133480003e-23
2.662086406		2.088884036e-23
2.662086406		2.075042436e-23
2.662086406		2.030804069e-23
2.662086406		1.955169181e-23
2.662086406		1.898378071e-23
2.662086406		1.874136494e-23
2.662086406		1.817849197e-23
2.662086406		1.812243312e-23
2.662086406		1.77757254e-23
2.662086406		1.746652088e-23
2.662086406		1.741951849e-23
2.662086406		1.672884527e-23
2.662086406		1.644401437e-23
2.662086406		1.603652884e-23
2.662086406		1.573224453e-23
2.662086406		1.524192767e-23
2.662086406		1.495086911e-23
2.662086406		1.487485094e-23
2.662086406		1.439486736e-23
2.662086406		1.397809761e-23
2.662086406		1.386830882e-23
2.662086406		1.358680298e-23
2.662086406		1.334502894e-23
2.662086406		1.305846331e-23
2.662086406		1.268602869e-23
2.662086406		1.244871466e-23
2.662086406		1.224556271e-23
2.662086406		1.209355805e-23
2.662086406		1.188255345e-23
2.662086406		1.17940297e-23
2.662086406		1.133495463e-23
2.662086406		1.111487174e-23
2.662086406		1.073807307e-23
2.662086406		1.042352557e-23
2.662086406		1.031180797e-23
2.662086406		1.021760504e-23
2.662086406		9.977487648e-24
2.662086406		9.849076097e-24
2.662086406		9.526876489e-24
2.662086406		9.259102265e-24
2.662086406		9.037949045e-24
2.662086406		9.006224772e-24
2.662086406		8.849194546e-24
2.662086406		8.673928728e-24
2.662086406		8.480296699e-24
2.662086406		8.1802299e-24
2.662086406		8.070722309e-24
2.662086406		7.977308231e-24
2.662086406		7.888090824e-24
2.662086406		7.778126054e-24
2.662086406		7.572464147e-24
2.662086406		7.49753241e-24
2.662086406		7.444185636e-24
2.662086406		7.379967069e-24
2.662086406		7.291853767e-24
2.662086406		7.274791748e-24
2.662086406		7.211436094e-24
2.662086406		7.167410125e-24

2.860502785		2.19553154e-23
2.860502785		2.166977793e-23
2.860502785		2.095458054e-23
2.860502785		2.072165268e-23
2.860502785		2.02407005e-23
2.860502785		2.007737161e-23
2.860502785		1.96248916e-23
2.860502785		1.883920454e-23
2.860502785		1.823724704e-23
2.860502785		1.798959653e-23
2.860502785		1.737278017e-23
2.860502785		1.730845462e-23
2.860502785		1.698328615e-23
2.860502785		1.662197843e-23
2.860502785		1.65754773e-23
2.860502785		1.583333458e-23
2.860502785		1.551112926e-23
2.860502785		1.507531028e-23
2.860502785		1.475393188e-23
2.860502785		1.418407533e-23
2.860502785		1.391309341e-23
2.860502785		1.379479089e-23
2.860502785		1.329018104e-23
2.860502785		1.281924784e-23
2.860502785		1.270068694e-23
2.860502785		1.238780281e-23
2.860502785		1.212644913e-23
2.860502785		1.180186924e-23
2.860502785		1.14195119e-23
2.860502785		1.109338504e-23
2.860502785		1.084177563e-23
2.860502785		1.067264012e-23
2.860502785		1.046309099e-23
2.860502785		1.036516283e-23
2.860502785		9.790263026e-24
2.860502785		9.525212948e-24
2.860502785		9.068106924e-24
2.860502785		8.719086527e-24
2.860502785		8.571674939e-24
2.860502785		8.438791983e-24
2.860502785		8.189690707e-24
2.860502785		7.973109628e-24
2.860502785		7.57776108e-24
2.860502785		7.227644191e-24
2.860502785		6.956202759e-24
2.860502785		6.92401266e-24
2.860502785		6.69414342e-24
2.860502785		6.465970264e-24
2.860502785		6.202489477e-24
2.860502785		5.751278184e-24
2.860502785		5.617683185e-24
2.860502785		5.4802872e-24
2.860502785		5.311351903e-24
2.860502785		5.176623137e-24
2.860502785		4.831571602e-24
2.860502785		4.74500862e-24
2.860502785		4.668730341e-24
2.860502785		4.552548028e-24
2.860502785		4.380773149e-24
2.860502785		4.328347747e-24
2.860502785		4.314370395e-24
2.860502785		4.264587365e-24

3.058919163		2.168187446e-23
3.058919163		2.139715931e-23
3.058919163		2.065683804e-23
3.058919163		2.041535203e-23
3.058919163		1.991823938e-23
3.058919163		1.974003667e-23
3.058919163		1.928270306e-23
3.058919163		1.84824991e-23
3.058919163		1.786314923e-23
3.058919163		1.761203765e-23
3.058919163		1.696793662e-23
3.058919163		1.689735475e-23
3.058919163		1.658472903e-23
3.058919163		1.619504365e-23
3.058919163		1.614797298e-23
3.058919163		1.537925995e-23
3.058919163		1.503694706e-23
3.058919163		1.458533286e-23
3.058919163		1.425375176e-23
3.058919163		1.364267011e-23
3.058919163		1.337561563e-23
3.058919163		1.323717802e-23
3.058919163		1.271889332e-23
3.058919163		1.22176015e-23
3.058919163		1.209149999e-23
3.058919163		1.175966823e-23
3.058919163		1.148669936e-23
3.058919163		1.114009351e-23
3.058919163		1.075086728e-23
3.058919163		1.037023404e-23
3.058919163		1.008891682e-23
3.058919163		9.909643024e-24
3.058919163		9.698491071e-24
3.058919163		9.589758841e-24
3.058919163		8.94314195e-24
3.058919163		8.647378362e-24
3.058919163		8.132554176e-24
3.058919163		7.757305922e-24
3.058919163		7.582923948e-24
3.058919163		7.421484169e-24
3.058919163		7.161170047e-24
3.058919163		6.878547896e-24
3.058919163		6.41932872e-24
3.058919163		5.996327119e-24
3.058919163		5.694109241e-24
3.058919163		5.620065941e-24
3.058919163		5.339820966e-24
3.058919163		5.053826226e-24
3.058919163		4.71240014e-24
3.058919163		4.082100475e-24
3.058919163		3.903320601e-24
3.058919163		3.699080301e-24
3.058919163		3.416177923e-24
3.058919163		3.226964955e-24
3.058919163		2.620586553e-24
3.058919163		2.510863035e-24
3.058919163		2.30134335e-24
3.058919163		2.072049057e-24
3.058919163		1.634876904e-24
3.058919163		1.567793658e-24
3.058919163		1.419391636e-24
3.058919163		1.302779341e-24

3.257335541		2.170701878e-23
3.257335541		2.142223511e-23
3.257335541		2.068422326e-23
3.257335541		2.044356249e-23
3.257335541		1.994790584e-23
3.257335541		1.977113627e-23
3.257335541		1.931424718e-23
3.257335541		1.85153779e-23
3.257335541		1.789764153e-23
3.257335541		1.764687624e-23
3.257335541		1.700529698e-23
3.257335541		1.693535176e-23
3.257335541		1.662152754e-23
3.257335541		1.623451687e-23
3.257335541		1.618752812e-23
3.257335541		1.542128702e-23
3.257335541		1.508087202e-23
3.257335541		1.463076904e-23
3.257335541		1.430017903e-23
3.257335541		1.369293202e-23
3.257335541		1.342572898e-23
3.257335541		1.328910363e-23
3.257335541		1.277212955e-23
3.257335541		1.227374443e-23
3.257335541		1.214844196e-23
3.257335541		1.1818463e-23
3.257335541		1.15466263e-23
3.257335541		1.120215921e-23
3.257335541		1.081365022e-23
3.257335541		1.04383842e-23
3.257335541		1.015999899e-23
3.257335541		9.981721334e-24
3.257335541		9.770828543e-24
3.257335541		9.663279878e-24
3.257335541		9.023832002e-24
3.257335541		8.73122838e-24
3.257335541		8.222451437e-24
3.257335541		7.850027048e-24
3.257335541		7.678523445e-24
3.257335541		7.520117164e-24
3.257335541		7.261188144e-24
3.257335541		6.985652897e-24
3.257335541		6.533693254e-24
3.257335541		6.119091474e-24
3.257335541		5.820784516e-24
3.257335541		5.751487648e-24
3.257335541		5.477477315e-24
3.257335541		5.198801041e-24
3.257335541		4.867496304e-24
3.257335541		4.261656879e-24
3.257335541		4.089883103e-24
3.257335541		3.895787443e-24
3.257335541		3.630581631e-24
3.257335541		3.451083507e-24
3.257335541		2.892886561e-24
3.257335541		2.790480362e-24
3.257335541		2.608823821e-24
3.257335541		2.407184579e-24
3.257335541		2.044818103e-24
3.257335541		1.986541673e-24
3.257335541		1.879998329e-24
3.257335541		1.790713856e-24

3.455751919		2.202870952e-23
3.455751919		2.174292408e-23
3.455751919		2.103447277e-23
3.455751919		2.080368351e-23
3.455751919		2.032719805e-23
3.455751919		2.016758868e-23
3.455751919		1.971642321e-23
3.455751919		1.893463597e-23
3.455751919		1.833729074e-23
3.455751919		1.809046184e-23
3.455751919		1.748091634e-23
3.455751919		1.74180224e-23
3.455751919		1.70896817e-23
3.455751919		1.673571891e-23
3.455751919		1.668926137e-23
3.455751919		1.595413597e-23
3.455751919		1.563713957e-23
3.455751919		1.520534013e-23
3.455751919		1.488649384e-23
3.455751919		1.432752112e-23
3.455751919		1.405469236e-23
3.455751919		1.394193169e-23
3.455751919		1.344079957e-23
3.455751919		1.297758289e-23
3.455751919		1.286064497e-23
3.455751919		1.255242918e-23
3.455751919		1.22939548e-23
3.455751919		1.197487424e-23
3.455751919		1.159407064e-23
3.455751919		1.128125634e-23
3.455751919		1.103689146e-23
3.455751919		1.087025406e-23
3.455751919		1.066077353e-23
3.455751919		1.056500232e-23
3.455751919		1.000737916e-23
3.455751919		9.749416451e-24
3.455751919		9.305295235e-24
3.455751919		8.961973767e-24
3.455751919		8.820481133e-24
3.455751919		8.693922012e-24
3.455751919		8.446746725e-24
3.455751919		8.244642536e-24
3.455751919		7.862195213e-24
3.455751919		7.526612149e-24
3.455751919		7.260645413e-24
3.455751919		7.236566933e-24
3.455751919		7.016067362e-24
3.455751919		6.798081497e-24
3.455751919		6.547993149e-24
3.455751919		6.126024958e-24
3.455751919		5.998293731e-24
3.455751919		5.870354616e-24
3.455751919		5.717604978e-24
3.455751919		5.588891895e-24
3.455751919		5.274207856e-24
3.455751919		5.187918465e-24
3.455751919		5.123574712e-24
3.455751919		5.017566952e-24
3.455751919		4.864694647e-24
3.455751919		4.818757516e-24
3.455751919		4.796725519e-24
3.455751919		4.758519508e-24

