# phi		energy
-3.769911184		5.094841417e-25
-3.769911184		3.933906563e-25
-3.769911184		6.643971548e-26
-3.769911184		3.384462361e-26

-3.732212072		5.960173401e-25
-3.732212072		4.311089455e-25
-3.732212072		3.58925387e-25
-3.732212072		1.561717761e-25

-3.694512961		6.817111641e-25
-3.694512961		5.630994871e-25
-3.694512961		4.093277046e-25
-3.694512961		5.31039249e-26

-3.656813849		7.551928353e-25
-3.656813849		6.606772605e-25
-3.656813849		1.349653085e-25
-3.656813849		5.976117611e-27

-3.619114737		1.000663861e-24
-3.619114737		6.757721929e-25
-3.619114737		4.451099774e-25
-3.619114737		1.152823306e-25

-3.581415625		1.22376921e-24
-3.581415625		6.738714178e-25
-3.581415625		4.621587222e-25
-3.581415625		2.275066371e-25

-3.543716513		1.087258136e-24
-3.543716513		9.110209736e-25
-3.543716513		1.095947216e-25
-3.543716513		4.136620549e-27

-3.506017401		1.102344854e-24
-3.506017401		9.100524081e-25
-3.506017401		5.255148858e-25
-3.506017401		9.389342991e-26

-3.46831829		1.076950336e-24
-3.46831829		7.384163117e-25
-3.46831829		5.404405289e-25
-3.46831829		3.7980437e-25

-3.430619178		1.004770902e-24
-3.430619178		9.505269315e-25
-3.430619178		1.94980925e-25
-3.430619178		5.899021526e-28

-3.392920066		7.630644214e-25
-3.392920066		7.075853448e-25
-3.392920066		3.020737447e-25
-3.392920066		9.514992708e-26

-3.355220954		1.179065905e-24
-3.355220954		1.111874549e-24
-3.355220954		2.768351196e-25
-3.355220954		2.003473077e-25

-3.317521842		1.724301893e-24
-3.317521842		1.633222156e-24
-3.317521842		7.805564274e-25
-3.317521842		7.389131796e-25

-3.27982273		2.272861617e-24
-3.27982273		2.176687849e-24
-3.27982273		1.310569705e-24
-3.27982273		1.289103052e-24

-3.242123619		2.816509161e-24
-3.242123619		2.720121945e-24
-3.242123619		1.836038445e-24
-3.242123619		1.835950626e-24

-3.204424507		3.344901146e-24
-3.204424507		3.242285213e-24
-3.204424507		2.369775567e-24
-3.204424507		2.335761643e-24

-3.166725395		3.786815326e-24
-3.166725395		3.612518564e-24
-3.166725395		2.857888878e-24
-3.166725395		2.75120015e-24

-3.129026283		3.702751521e-24
-3.129026283		3.589715104e-24
-3.129026283		3.054923146e-24
-3.129026283		2.871373965e-24

-3.091327171		3.507409155e-24
-3.091327171		3.395870204e-24
-3.091327171		2.672226773e-24
-3.091327171		2.55740402e-24

-3.053628059		3.066884094e-24
-3.053628059		2.916229085e-24
-3.053628059		2.157926644e-24
-3.053628059		2.08138754e-24

-3.015928947		2.55000878e-24
-3.015928947		2.385388706e-24
-3.015928947		1.622753725e-24
-3.015928947		1.569835704e-24

-2.978229836		2.023217003e-24
-2.978229836		1.839240917e-24
-2.978229836		1.089145661e-24
-2.978229836		1.060141574e-24

-2.940530724		1.512074649e-24
-2.940530724		1.289143691e-24
-2.940530724		5.979694296e-25
-2.940530724		5.875244484e-25

-2.902831612		1.087426563e-24
-2.902831612		7.527958847e-25
-2.902831612		3.902870745e-25
-2.902831612		2.713860198e-25

-2.8651325		1.061566863e-24
-2.8651325		7.854767163e-25
-2.8651325		1.632946217e-25
-2.8651325		1.106237626e-25

-2.827433388		1.278809586e-24
-2.827433388		7.905162302e-25
-2.827433388		3.01586907e-25
-2.827433388		2.689282191e-25

-2.789734276		1.10616107e-24
-2.789734276		1.030094342e-24
-2.789734276		4.295187454e-25
-2.789734276		1.036362778e-25

-2.752035165		1.320021377e-24
-2.752035165		8.190693601e-25
-2.752035165		1.585736755e-25
-2.752035165		4.893374305e-26

-2.714336053		1.166556561e-24
-2.714336053		7.656537681e-25
-2.714336053		4.53887194e-25
-2.714336053		1.951073614e-25

-2.676636941		9.645878165e-25
-2.676636941		7.165327781e-25
-2.676636941		6.665046704e-25
-2.676636941		2.222032565e-25

-2.638937829		9.943853748e-25
-2.638937829		5.672806524e-25
-2.638937829		1.915995035e-25
-2.638937829		1.741635643e-25

-2.601238717		9.539215928e-25
-2.601238717		4.461196062e-25
-2.601238717		2.520676812e-25
-2.601238717		2.153544441e-25

-2.563539605		7.554832913e-25
-2.563539605		4.586013233e-25
-2.563539605		3.490357118e-25
-2.563539605		6.370381268e-26

-2.525840493		6.512343652e-25
-2.525840493		3.660723453e-25
-2.525840493		1.02606934e-25
-2.525840493		6.77573085e-27

-2.488141382		4.341546638e-25
-2.488141382		2.961935466e-25
-2.488141382		2.951112345e-25
-2.488141382		9.737910309e-26

-2.45044227		4.245297051e-25
-2.45044227		2.123696031e-25
-2.45044227		1.483665008e-25
-2.45044227		7.363774934e-26

-2.412743158		3.416388971e-25
-2.412743158		1.262934762e-25
-2.412743158		1.149619084e-25
-2.412743158		5.037221639e-26

-2.375044046		2.204629161e-25
-2.375044046		1.955173773e-25
-2.375044046		1.920643062e-25
-2.375044046		1.453692399e-26

-2.337344934		3.094828753e-25
-2.337344934		2.359263202e-25
-2.337344934		1.409908091e-25
-2.337344934		9.020343701e-26

-2.299645822		3.837950694e-25
-2.299645822		3.598166048e-25
-2.299645822		8.395821569e-26
-2.299645822		6.832613419e-28

-2.261946711		2.602602884e-25
-2.261946711		2.523301924e-25
-2.261946711		1.394515056e-25
-2.261946711		7.780342092e-26

-2.224247599		1.799626449e-25
-2.224247599		1.602543807e-25
-2.224247599		1.545678809e-25
-2.224247599		1.071329822e-25

-2.186548487		5.474100854e-25
-2.186548487		4.014013229e-25
-2.186548487		3.651436689e-25
-2.186548487		3.158438857e-25

-2.148849375		9.186135789e-25
-2.148849375		8.83207386e-25
-2.148849375		8.327186083e-25
-2.148849375		1.247158504e-25

-2.111150263		1.433494949e-24
-2.111150263		1.398499594e-24
-2.111150263		1.347025502e-24
-2.111150263		2.970802044e-25

-2.073451151		1.944140892e-24
-2.073451151		1.909365032e-24
-2.073451151		1.856951766e-24
-2.073451151		7.174507593e-25

-2.03575204		2.450051417e-24
-2.03575204		2.415411653e-24
-2.03575204		2.362020519e-24
-2.03575204		1.136213936e-24

-1.998052928		2.950950371e-24
-1.998052928		2.916406223e-24
-1.998052928		2.861962017e-24
-1.998052928		1.553231394e-24

-1.960353816		3.44662681e-24
-1.960353816		3.412158132e-24
-1.960353816		3.356565471e-24
-1.960353816		1.968378713e-24

-1.922654704		3.936895219e-24
-1.922654704		3.902490829e-24
-1.922654704		3.845642718e-24
-1.922654704		2.381538459e-24

-1.884955592		4.421577579e-24
-1.884955592		4.387237502e-24
-1.884955592		4.329016234e-24
-1.884955592		2.792597626e-24

-1.84725648		4.900524627e-24
-1.84725648		4.866241266e-24
-1.84725648		4.806514409e-24
-1.84725648		3.20144635e-24

-1.809557368		5.373537144e-24
-1.809557368		5.33932892e-24
-1.809557368		5.277969115e-24
-1.809557368		3.607977115e-24

-1.771858257		5.840492116e-24
-1.771858257		5.806358499e-24
-1.771858257		5.743215193e-24
-1.771858257		4.012084175e-24

-1.734159145		6.301222344e-24
-1.734159145		6.267171998e-24
-1.734159145		6.202089331e-24
-1.734159145		4.413663114e-24

-1.696460033		6.755575175e-24
-1.696460033		6.721618811e-24
-1.696460033		6.654430013e-24
-1.696460033		4.812610483e-24

-1.658760921		7.203399338e-24
-1.658760921		7.169549251e-24
-1.658760921		7.100077273e-24
-1.658760921		5.208823492e-24

-1.621061809		7.644551509e-24
-1.621061809		7.610820027e-24
-1.621061809		7.538872577e-24
-1.621061809		5.602199746e-24

-1.583362697		8.07888909e-24
-1.583362697		8.04529442e-24
-1.583362697		7.970658728e-24
-1.583362697		5.992637009e-24

-1.545663586		8.506232023e-24
-1.545663586		8.472795122e-24
-1.545663586		8.395279804e-24
-1.545663586		6.380032992e-24

-1.507964474		8.926483392e-24
-1.507964474		8.893221917e-24
-1.507964474		8.812581141e-24
-1.507964474		6.764285162e-24

-1.470265362		9.339486501e-24
-1.470265362		9.306423293e-24
-1.470265362		9.222409239e-24
-1.470265362		7.145290561e-24

-1.43256625		9.745103155e-24
-1.43256625		9.712263981e-24
-1.43256625		9.624611748e-24
-1.43256625		7.522945634e-24

-1.394867138		1.014319715e-23
-1.394867138		1.011061079e-23
-1.394867138		1.001903741e-23
-1.394867138		7.897146065e-24

-1.357168026		1.05336325e-23
-1.357168026		1.050133184e-23
-1.357168026		1.040553602e-23
-1.357168026		8.267786622e-24

-1.319468915		1.091628261e-23
-1.319468915		1.088429956e-23
-1.319468915		1.078395833e-23
-1.319468915		8.634760989e-24

-1.281769803		1.129101114e-23
-1.281769803		1.125938346e-23
-1.281769803		1.115415605e-23
-1.281769803		8.997961608e-24

-1.244070691		1.165768976e-23
-1.244070691		1.162645899e-23
-1.244070691		1.151598171e-23
-1.244070691		9.357279507e-24

-1.206371579		1.201623936e-23
-1.206371579		1.198540381e-23
-1.206371579		1.186928861e-23
-1.206371579		9.712604125e-24

-1.168672467		1.236640322e-23
-1.168672467		1.233609131e-23
-1.168672467		1.221393072e-23
-1.168672467		1.006382312e-23

-1.130973355		1.27081645e-23
-1.130973355		1.267847002e-23
-1.130973355		1.254976262e-23
-1.130973355		1.041082215e-23

-1.093274243		1.304137142e-23
-1.093274243		1.301220419e-23
-1.093274243		1.287663932e-23
-1.093274243		1.075348466e-23

-1.055575132		1.336589598e-23
-1.055575132		1.333738679e-23
-1.055575132		1.319441623e-23
-1.055575132		1.10916916e-23

-1.01787602		1.368161459e-23
-1.01787602		1.365382302e-23
-1.01787602		1.350294898e-23
-1.01787602		1.142532111e-23

-0.9801769079		1.398840642e-23
-0.9801769079		1.396139264e-23
-0.9801769079		1.380209336e-23
-0.9801769079		1.175424822e-23

-0.9424777961		1.428610803e-23
-0.9424777961		1.42599562e-23
-0.9424777961		1.409170515e-23
-0.9424777961		1.207834435e-23

-0.9047786842		1.457462411e-23
-0.9047786842		1.454939705e-23
-0.9047786842		1.437164005e-23
-0.9047786842		1.239747689e-23

-0.8670795724		1.485380664e-23
-0.8670795724		1.482957825e-23
-0.8670795724		1.464175358e-23
-0.8670795724		1.271150852e-23

-0.8293804605		1.512351694e-23
-0.8293804605		1.510036107e-23
-0.8293804605		1.490190098e-23
-0.8293804605		1.302029652e-23

-0.7916813487		1.538361172e-23
-0.7916813487		1.53616015e-23
-0.7916813487		1.515193719e-23
-0.7916813487		1.332369176e-23

-0.7539822369		1.563400735e-23
-0.7539822369		1.561315436e-23
-0.7539822369		1.53917168e-23
-0.7539822369		1.362153759e-23

-0.716283125		1.587434929e-23
-0.716283125		1.585483769e-23
-0.716283125		1.56210941e-23
-0.716283125		1.391366828e-23

-0.6785840132		1.610472361e-23
-0.6785840132		1.60865177e-23
-0.6785840132		1.583992316e-23
-0.6785840132		1.419990708e-23

-0.6408849013		1.632479503e-23
-0.6408849013		1.630799369e-23
-0.6408849013		1.604805799e-23
-0.6408849013		1.448006362e-23

-0.6031857895		1.653435658e-23
-0.6031857895		1.651900491e-23
-0.6031857895		1.624535281e-23
-0.6031857895		1.47539305e-23

-0.5654866776		1.673333474e-23
-0.5654866776		1.671943918e-23
-0.5654866776		1.643166232e-23
-0.5654866776		1.502127863e-23

-0.5277875658		1.692146906e-23
-0.5277875658		1.690903731e-23
-0.5277875658		1.66068422e-23
-0.5277875658		1.528185087e-23

-0.490088454		1.709854909e-23
-0.490088454		1.708753944e-23
-0.490088454		1.677074969e-23
-0.490088454		1.553535314e-23

-0.4523893421		1.726432595e-23
-0.4523893421		1.725470404e-23
-0.4523893421		1.692324421e-23
-0.4523893421		1.578144178e-23

-0.4146902303		1.748760478e-23
-0.4146902303		1.741224817e-23
-0.4146902303		1.706418827e-23
-0.4146902303		1.601970532e-23

-0.3769911184		1.756104412e-23
-0.3769911184		1.755384506e-23
-0.3769911184		1.719344837e-23
-0.3769911184		1.624963762e-23

-0.3392920066		1.769147296e-23
-0.3392920066		1.768525255e-23
-0.3392920066		1.73108961e-23
-0.3392920066		1.64705976e-23

-0.3015928947		1.788669926e-23
-0.3015928947		1.78049615e-23
-0.3015928947		1.741640931e-23
-0.3015928947		1.668174764e-23

-0.2638937829		1.799629489e-23
-0.2638937829		1.791222877e-23
-0.2638937829		1.75098734e-23
-0.2638937829		1.688195833e-23

-0.2261946711		1.800794239e-23
-0.2261946711		1.800302726e-23
-0.2261946711		1.759118267e-23
-0.2261946711		1.706965972e-23

-0.1884955592		1.808759288e-23
-0.1884955592		1.808240714e-23
-0.1884955592		1.766024159e-23
-0.1884955592		1.72426117e-23

-0.1507964474		1.81540063e-23
-0.1507964474		1.814805852e-23
-0.1507964474		1.77169662e-23
-0.1507964474		1.739756626e-23

-0.1130973355		1.820683562e-23
-0.1130973355		1.819964938e-23
-0.1130973355		1.77612853e-23
-0.1130973355		1.752983833e-23

-0.07539822369		1.824602035e-23
-0.07539822369		1.823702411e-23
-0.07539822369		1.779314159e-23
-0.07539822369		1.763298341e-23

-0.03769911184		1.827137504e-23
-0.03769911184		1.825998577e-23
-0.03769911184		1.78124926e-23
-0.03769911184		1.769920757e-23

0		1.82827767e-23
0		1.826845187e-23
0		1.781931142e-23
0		1.77214558e-23

0.03769911184		1.828020788e-23
0.03769911184		1.826234003e-23
0.03769911184		1.781358715e-23
0.03769911184		1.769687994e-23

0.07539822369		1.826364709e-23
0.07539822369		1.82417047e-23
0.07539822369		1.779532515e-23
0.07539822369		1.762865457e-23

0.1130973355		1.823313449e-23
0.1130973355		1.82066226e-23
0.1130973355		1.77645469e-23
0.1130973355		1.752396676e-23

0.1507964474		1.818875598e-23
0.1507964474		1.815723777e-23
0.1507964474		1.772128964e-23
0.1507964474		1.739056769e-23

0.1884955592		1.813064024e-23
0.1884955592		1.809374893e-23
0.1884955592		1.766560578e-23
0.1884955592		1.723479805e-23

0.2261946711		1.805895336e-23
0.2261946711		1.801639902e-23
0.2261946711		1.759756201e-23
0.2261946711		1.706124691e-23

0.2638937829		1.797392581e-23
0.2638937829		1.792549041e-23
0.2638937829		1.751723827e-23
0.2638937829		1.68730921e-23

0.3015928947		1.787567615e-23
0.3015928947		1.782124693e-23
0.3015928947		1.742472652e-23
0.3015928947		1.667252649e-23

0.3392920066		1.776454768e-23
0.3392920066		1.770405977e-23
0.3392920066		1.73201295e-23
0.3392920066		1.64610891e-23

0.3769911184		1.7640784e-23
0.3769911184		1.757422773e-23
0.3769911184		1.720355937e-23
0.3769911184		1.623988903e-23

0.4146902303		1.750460401e-23
0.4146902303		1.743207072e-23
0.4146902303		1.707513639e-23
0.4146902303		1.600975038e-23

0.4523893421		1.735623019e-23
0.4523893421		1.727787931e-23
0.4523893421		1.693498761e-23
0.4523893421		1.577130514e-23

0.490088454		1.719600837e-23
0.490088454		1.711195555e-23
0.490088454		1.678324568e-23
0.490088454		1.552505316e-23

0.5277875658		1.702416114e-23
0.5277875658		1.693460731e-23
0.5277875658		1.662004771e-23
0.5277875658		1.527140154e-23

0.5654866776		1.68408644e-23
0.5654866776		1.674607918e-23
0.5654866776		1.644553429e-23
0.5654866776		1.50106908e-23

0.6031857895		1.664639195e-23
0.6031857895		1.654664637e-23
0.6031857895		1.625984859e-23
0.6031857895		1.474321277e-23

0.6408849013		1.644103975e-23
0.6408849013		1.63365114e-23
0.6408849013		1.606313563e-23
0.6408849013		1.446922292e-23

0.6785840132		1.622482985e-23
0.6785840132		1.611589046e-23
0.6785840132		1.585554169e-23
0.6785840132		1.418894913e-23

0.716283125		1.599815468e-23
0.716283125		1.588501362e-23
0.716283125		1.56372138e-23
0.716283125		1.390259787e-23

0.7539822369		1.576116121e-23
0.7539822369		1.564405603e-23
0.7539822369		1.540829934e-23
0.7539822369		1.36103588e-23

0.7916813487		1.551393445e-23
0.7916813487		1.539322294e-23
0.7916813487		1.516894577e-23
0.7916813487		1.331240816e-23

0.8293804605		1.525672942e-23
0.8293804605		1.513258373e-23
0.8293804605		1.491930047e-23
0.8293804605		1.300891127e-23

0.8670795724		1.498969066e-23
0.8670795724		1.48623914e-23
0.8670795724		1.465951055e-23
0.8670795724		1.270002447e-23

0.9047786842		1.471302474e-23
0.9047786842		1.458276413e-23
0.9047786842		1.438972288e-23
0.9047786842		1.238589664e-23

0.9424777961		1.442678446e-23
0.9424777961		1.429383563e-23
0.9424777961		1.411008408e-23
0.9424777961		1.206667032e-23

0.9801769079		1.413116541e-23
0.9801769079		1.399574778e-23
0.9801769079		1.382074023e-23
0.9801769079		1.17424827e-23

1.01787602		1.382633961e-23
1.01787602		1.368863181e-23
1.01787602		1.352183763e-23
1.01787602		1.141346627e-23

1.055575132		1.351249245e-23
1.055575132		1.33726168e-23
1.055575132		1.321352221e-23
1.055575132		1.107974954e-23

1.093274243		1.318960565e-23
1.093274243		1.304782983e-23
1.093274243		1.289593991e-23
1.093274243		1.074145743e-23

1.130973355		1.285794766e-23
1.130973355		1.271438826e-23
1.130973355		1.256923678e-23
1.130973355		1.039871176e-23

1.168672467		1.251756068e-23
1.168672467		1.237242611e-23
1.168672467		1.223355905e-23
1.168672467		1.005163154e-23

1.206371579		1.21686894e-23
1.206371579		1.202206374e-23
1.206371579		1.188905326e-23
1.206371579		9.700333323e-24

1.244070691		1.181138073e-23
1.244070691		1.166342373e-23
1.244070691		1.153586636e-23
1.244070691		9.344931449e-24

1.281769803		1.144582746e-23
1.281769803		1.129663372e-23
1.281769803		1.117414581e-23
1.281769803		8.985538265e-24

1.319468915		1.107214751e-23
1.319468915		1.092181863e-23
1.319468915		1.080403965e-23
1.319468915		8.622264347e-24

1.357168026		1.069047079e-23
1.357168026		1.053910568e-23
1.357168026		1.042569664e-23
1.357168026		8.255218684e-24

1.394867138		1.030093562e-23
1.394867138		1.014862377e-23
1.394867138		1.00392663e-23
1.394867138		7.884508861e-24

1.43256625		9.903688228e-24
1.43256625		9.750503386e-24
1.43256625		9.64489896e-24
1.43256625		7.510241227e-24

1.470265362		9.498866038e-24
1.470265362		9.344876985e-24
1.470265362		9.242745886e-24
1.470265362		7.132521053e-24

1.507964474		9.086614629e-24
1.507964474		8.931878899e-24
1.507964474		8.832959276e-24
1.507964474		6.751452699e-24

1.545663586		8.66706998e-24
1.545663586		8.511645593e-24
1.545663586		8.415692329e-24
1.545663586		6.367139771e-24

1.583362697		8.240400677e-24
1.583362697		8.084316272e-24
1.583362697		7.991099387e-24
1.583362697		5.979685287e-24

1.621061809		7.806707138e-24
1.621061809		7.650029679e-24
1.621061809		7.559335437e-24
1.621061809		5.58919185e-24

1.658760921		7.366207611e-24
1.658760921		7.208931209e-24
1.658760921		7.120557201e-24
1.658760921		5.195761828e-24

1.696460033		6.918981618e-24
1.696460033		6.761175355e-24
1.696460033		6.674922063e-24
1.696460033		4.799497555e-24

1.734159145		6.465213897e-24
1.734159145		6.306877005e-24
1.734159145		6.222588685e-24
1.734159145		4.400501541e-24

1.771858257		6.00507861e-24
1.771858257		5.846219601e-24
1.771858257		5.763716859e-24
1.771858257		3.998876717e-24

1.809557368		5.538716533e-24
1.809557368		5.37934422e-24
1.809557368		5.298467541e-24
1.809557368		3.594726713e-24

1.84725648		5.0662963e-24
1.84725648		4.906406006e-24
1.84725648		4.827002871e-24
1.84725648		3.188156181e-24

1.884955592		4.587982496e-24
1.884955592		4.427563158e-24
1.884955592		4.349486208e-24
1.884955592		2.779271185e-24

1.922654704		4.103950593e-24
1.922654704		3.942978366e-24
1.922654704		3.866082256e-24
1.922654704		2.368179698e-24

1.960353816		3.614374659e-24
1.960353816		3.452816433e-24
1.960353816		3.37695682e-24
1.960353816		1.954992272e-24

1.998052928		3.119448447e-24
1.998052928		2.957253634e-24
1.998052928		2.882277718e-24
1.998052928		1.539823042e-24

2.03575204		2.619397085e-24
2.03575204		2.456477103e-24
2.03575204		2.382214596e-24
2.03575204		1.122791479e-24

2.073451151		2.114488388e-24
2.073451151		1.950701382e-24
2.073451151		1.876940432e-24
2.073451151		7.040262141e-25

2.111150263		1.605123069e-24
2.111150263		1.440210529e-24
2.111150263		1.366634891e-24
2.111150263		2.836762358e-25

2.148849375		1.092126071e-24
2.148849375		9.255284367e-25
2.148849375		8.514970234e-25
2.148849375		1.380385892e-25

2.186548487		5.785596975e-25
2.186548487		5.602742749e-25
2.186548487		4.086363521e-25
2.186548487		3.318275377e-25

2.224247599		4.475944942e-25
2.224247599		1.921274183e-25
2.224247599		1.742903501e-25
2.224247599		1.148932222e-26

2.261946711		3.20752499e-25
2.261946711		1.240991867e-25
2.261946711		1.150105347e-25
2.261946711		3.108819493e-26

2.299645822		3.84498408e-25
2.299645822		3.401170114e-25
2.299645822		4.979382223e-26
2.299645822		3.16232933e-26

2.337344934		2.433821347e-25
2.337344934		1.833697527e-25
2.337344934		1.616568155e-25
2.337344934		3.749056473e-26

2.375044046		2.869777993e-25
2.375044046		1.334346882e-25
2.375044046		6.376541698e-26
2.375044046		2.966348824e-26

2.412743158		2.971042676e-25
2.412743158		2.386497106e-25
2.412743158		2.341841903e-25
2.412743158		5.438859055e-27

2.45044227		3.469272084e-25
2.45044227		2.629108285e-25
2.45044227		6.19601949e-26
2.45044227		4.83067593e-26

2.488141382		4.031537981e-25
2.488141382		3.679733601e-25
2.488141382		2.216475643e-25
2.488141382		3.284353017e-26

2.525840493		5.725967476e-25
2.525840493		4.086634845e-25
2.525840493		9.829608019e-26
2.525840493		3.201642382e-26

2.563539605		7.639738085e-25
2.563539605		4.499530574e-25
2.563539605		3.27146431e-25
2.563539605		2.533353942e-25

2.601238717		8.635393753e-25
2.601238717		5.114790452e-25
2.601238717		2.915894926e-25
2.601238717		1.053501069e-25

2.638937829		9.267077403e-25
2.638937829		4.899621214e-25
2.638937829		2.959109525e-25
2.638937829		1.618843262e-25

2.676636941		8.566009249e-25
2.676636941		8.404900825e-25
2.676636941		5.351214836e-25
2.676636941		4.746428246e-26

2.714336053		1.220635036e-24
2.714336053		7.651406465e-25
2.714336053		3.290821106e-25
2.714336053		1.491369874e-25

2.752035165		1.265183044e-24
2.752035165		8.143890891e-25
2.752035165		1.976094067e-25
2.752035165		1.697568235e-25

2.789734276		1.054091826e-24
2.789734276		9.211861541e-25
2.789734276		7.018262105e-25
2.789734276		5.129515531e-26

2.827433388		1.257542323e-24
2.827433388		6.399237436e-25
2.827433388		4.793254912e-25
2.827433388		3.579940218e-25

2.8651325		8.999564501e-25
2.8651325		8.374734361e-25
2.8651325		1.677147103e-25
2.8651325		4.916172447e-26

2.902831612		8.360973104e-25
2.902831612		8.29020431e-25
2.902831612		1.888376527e-25
2.902831612		4.670639174e-26

2.940530724		1.359481683e-24
2.940530724		1.280185872e-24
2.940530724		4.369087199e-25
2.940530724		3.758004717e-25

2.978229836		1.907306429e-24
2.978229836		1.813487874e-24
2.978229836		9.56604941e-25
2.978229836		9.221918092e-25

3.015928947		2.454956922e-24
3.015928947		2.358523387e-24
3.015928947		1.48707316e-24
3.015928947		1.472125143e-24

3.053628059		2.995231492e-24
3.053628059		2.898440782e-24
3.053628059		2.016064978e-24
3.053628059		2.006988848e-24

3.091327171		3.512153099e-24
3.091327171		3.399416398e-24
3.091327171		2.541069487e-24
3.091327171		2.489181412e-24

3.129026283		3.815314473e-24
3.129026283		3.620199906e-24
3.129026283		2.986185859e-24
3.129026283		2.841254279e-24

3.166725395		3.627308206e-24
3.166725395		3.608353828e-24
3.166725395		2.964017978e-24
3.166725395		2.802369473e-24

3.204424507		3.380347739e-24
3.204424507		3.246771433e-24
3.204424507		2.505669079e-24
3.204424507		2.406773904e-24

3.242123619		2.89765823e-24
3.242123619		2.742202685e-24
3.242123619		1.980425013e-24
3.242123619		1.912439551e-24

3.27982273		2.374269343e-24
3.27982273		2.204308206e-24
3.27982273		1.443825642e-24
3.27982273		1.398291828e-24

3.317521842		1.84953268e-24
3.317521842		1.655902792e-24
3.317521842		9.155128643e-25
3.317521842		8.967353851e-25

3.355220954		1.353263886e-24
3.355220954		1.10666853e-24
3.355220954		4.787267863e-25
3.355220954		4.452605377e-25

3.392920066		1.011442806e-24
3.392920066		6.179700552e-25
3.392920066		4.159695504e-25
3.392920066		2.402706352e-25

3.430619178		1.078501862e-24
3.430619178		9.449202419e-25
3.430619178		1.511634433e-26
3.430619178		1.407959506e-26

3.46831829		1.254443186e-24
3.46831829		7.673540159e-25
3.46831829		3.810705849e-25
3.46831829		3.324314825e-25

3.506017401		1.203140545e-24
3.506017401		9.584987748e-25
3.506017401		3.38420435e-25
3.506017401		3.081890042e-26

3.543716513		1.134595532e-24
3.543716513		8.850926469e-25
3.543716513		1.159549974e-25
3.543716513		8.964324957e-26

3.581415625		1.132740981e-24
3.581415625		6.136237958e-25
3.581415625		5.831434685e-25
3.581415625		3.627556066e-25

3.619114737		8.962500033e-25
3.619114737		7.933752747e-25
3.619114737		5.195047815e-25
3.619114737		5.142118304e-26

3.656813849		8.102085186e-25
3.656813849		6.392687019e-25
3.656813849		1.020422755e-25
3.656813849		3.106703426e-26

3.694512961		7.809456982e-25
3.694512961		3.977573828e-25
3.694512961		3.486319425e-25
3.694512961		2.60762139e-25

3.732212072		6.617439816e-25
3.732212072		4.145298563e-25
3.732212072		2.577638961e-25
3.732212072		1.133922656e-25

3.769911184		4.692633926e-25
3.769911184		4.179215396e-25
3.769911184		1.204452152e-25
3.769911184		4.421880045e-26

