# ky		B		phi		eigenvalue
94386133.93		0		-3.078126135		1.181037478e-24

-58672461.63		0		-2.126128362		9.398638934e-24

-94386133.93		0		-3.014659617		1.473617354e-24

-165813478.5		0		-2.126128362		7.784052749e-24

89284180.75		0		-2.824260062		3.842492855e-24

84182227.56		0		-2.570393989		6.301986282e-24

-155609572.2		0		-2.633860508		5.009659645e-24

130099806.2		0		-2.18959488		7.334900185e-24

-17856836.15		0		-2.824260062		5.327191725e-24

68876368.01		0		-3.141592654		8.602577457e-25

38264648.89		0		-2.951193099		3.704303437e-24

33162695.71		0		-2.697327026		4.255052885e-24

-170915431.7		0		-1.872262289		9.585628713e-24

119895899.9		0		-3.014659617		1.925943759e-24

-176017384.9		0		-1.618396215		1.143204571e-23

-63774414.82		0		-1.872262289		1.081281435e-23

-221934963.6		0		-1.999195325		8.675396479e-24

140303712.6		0		-2.697327026		4.742136274e-24

221934963.6		0		-2.760793544		3.075407687e-24

38264648.89		0		-1.618396215		1.190956399e-23

109691993.5		0		-2.506927471		5.626509553e-24

-7652929.778		0		-1.999195325		1.037798007e-23

-237240823.1		0		-2.570393989		4.752747677e-24

-211731057.2		0		-2.506927471		5.820043811e-24

-119895899.9		0		-1.745329252		1.049851553e-23

-201527150.8		0		-1.681862734		1.068966803e-23

22958789.34		0		-2.18959488		7.927538276e-24

-119895899.9		0		-3.078126135		1.710998833e-24

-252546682.7		0		-1.80879577		9.907135066e-24

196425197.6		0		-2.824260062		3.346641188e-24

211731057.2		0		-2.253061398		7.592439578e-24

176017384.9		0		-1.80879577		1.027089792e-23

-48468555.26		0		-2.633860508		5.067046563e-24

-160711525.3		0		-2.379994435		6.011911138e-24

227036916.8		0		-1.681862734		1.097954415e-23

73978321.19		0		-2.062661843		9.144762673e-24

-181119338.1		0		-2.697327026		3.561577633e-24

-186221291.3		0		-2.443460953		5.547643312e-24

-53570508.45		0		-2.379994435		6.167834465e-24

-130099806.2		0		-2.570393989		4.511483057e-24

186221291.3		0		-2.316527916		6.484156729e-24

-89284180.75		0		-1.935728807		9.702187357e-24

-43366602.08		0		-2.887726581		2.192868301e-24

-135201759.4		0		-2.316527916		6.425506171e-24

28060742.52		0		-2.443460953		6.549089496e-24

135201759.4		0		-2.443460953		5.483026146e-24

160711525.3		0		-2.379994435		6.011911138e-24

247444729.5		0		-2.697327026		3.525227769e-24

-124997853		0		-2.824260062		4.661638577e-24

206629104		0		-1.999195325		8.695478821e-24

-227036916.8		0		-3.078126135		1.749571706e-24

237240823.1		0		-2.18959488		7.526565887e-24

58672461.63		0		-2.633860508		6.212010099e-24

124997853		0		-1.935728807		1.022845734e-23

-247444729.5		0		-2.062661843		8.220000791e-24

-216833010.4		0		-2.253061398		6.976850357e-24

53570508.45		0		-2.379994435		6.167834465e-24

119895899.9		0		-1.681862734		1.088305827e-23

-12754882.96		0		-3.078126135		3.947694457e-24

-114793946.7		0		-1.999195325		1.012814715e-23

-196425197.6		0		-1.935728807		9.472218024e-24

-38264648.89		0		-3.141592654		3.360724858e-24

2550976.593		0		-2.506927471		5.12138388e-24

-232138869.9		0		-2.824260062		2.645082587e-24

43366602.08		0		-1.872262289		9.547384186e-24

181119338.1		0		-2.062661843		8.240622707e-24

79080274.38		0		-2.316527916		6.584668319e-24

12754882.96		0		-3.014659617		4.050858443e-24

63774414.82		0		-2.887726581		4.685256739e-24

-79080274.38		0		-2.443460953		5.660903037e-24

48468555.26		0		-2.126128362		8.49555857e-24

-140303712.6		0		-2.062661843		8.982821736e-24

165813478.5		0		-2.633860508		4.024842364e-24

227036916.8		0		-3.014659617		1.961754582e-24

145405665.8		0		-2.951193099		1.529402674e-24

68876368.01		0		-1.80879577		9.949157387e-24

7652929.778		0		-2.760793544		5.742815219e-24

176017384.9		0		-3.141592654		2.139584184e-24

114793946.7		0		-2.760793544		5.404185765e-24

12754882.96		0		-1.681862734		1.184284342e-23

-206629104		0		-2.760793544		3.108548365e-24

-191323244.5		0		-2.18959488		7.766014461e-24

-38264648.89		0		-1.80879577		1.074776182e-23

216833010.4		0		-2.506927471		5.111027002e-24

-22958789.34		0		-2.570393989		5.307099306e-24

-68876368.01		0		-1.618396215		1.110033289e-23

-252546682.7		0		-3.141592654		3.200466e-25

104590040.3		0		-2.253061398		8.288858133e-24

-99488087.12		0		-2.760793544		3.267270708e-24

-109691993.5		0		-2.253061398		7.398408465e-24

-176017384.9		0		-2.951193099		2.635225281e-24

-145405665.8		0		-3.141592654		1.527997351e-25

-28060742.52		0		-2.316527916		7.400391369e-24

-2550976.593		0		-2.253061398		6.980493864e-24

252546682.7		0		-1.618396215		1.106351498e-23

242342776.3		0		-2.443460953		5.471414664e-24

252546682.7		0		-2.951193099		1.554309764e-24

-201527150.8		0		-3.014659617		1.105587595e-24

17856836.15		0		-1.935728807		1.068633299e-23

201527150.8		0		-1.745329252		1.030541279e-23

170915431.7		0		-2.887726581		2.290823726e-24

-12754882.96		0		-1.745329252		1.145151382e-23

145405665.8		0		-1.618396215		1.105200548e-23

232138869.9		0		-1.935728807		9.13330243e-24

99488087.12		0		-1.999195325		8.771023457e-24

-104590040.3		0		-2.506927471		6.6450194e-24

-33162695.71		0		-2.062661843		8.651343633e-24

-242342776.3		0		-2.316527916		6.413980826e-24

155609572.2		0		-2.126128362		8.463138666e-24

201527150.8		0		-3.078126135		6.702382198e-25

-145405665.8		0		-1.80879577		9.899708028e-24

-73978321.19		0		-2.697327026		4.99135778e-24

-150507619		0		-2.887726581		4.235732701e-24

-68876368.01		0		-2.951193099		1.749470994e-24

94386133.93		0		-1.745329252		1.038064498e-23

-84182227.56		0		-2.18959488		8.746504451e-24

150507619		0		-1.872262289		1.056186739e-23

-94386133.93		0		-1.681862734		1.076493499e-23

191323244.5		0		-2.570393989		5.079172392e-24

-227036916.8		0		-1.745329252		1.058646792e-23

-58672461.63		0.1		-2.126128362		5.154849507e-24

-155609572.2		0.1		-2.633860508		2.078221501e-24

130099806.2		0.1		-2.18959488		4.143137364e-24

-94386133.93		0.1		-3.014659617		1.804800489e-24

94386133.93		0.1		-3.078126135		2.025528564e-24

-63774414.82		0.1		-1.872262289		6.741984102e-24

33162695.71		0.1		-2.697327026		3.692622796e-25

-176017384.9		0.1		-1.618396215		8.782459918e-24

84182227.56		0.1		-2.570393989		2.458276959e-24

-130099806.2		0.1		-2.570393989		1.83423954e-24

-17856836.15		0.1		-2.824260062		8.003222455e-25

119895899.9		0.1		-3.014659617		1.236996863e-24

-43366602.08		0.1		-2.887726581		2.615551895e-24

68876368.01		0.1		-3.141592654		2.332082424e-24

-7652929.778		0.1		-1.999195325		5.747768585e-24

48468555.26		0.1		-2.126128362		4.354475638e-24

89284180.75		0.1		-2.824260062		6.544897146e-25

-186221291.3		0.1		-2.443460953		2.941692857e-24

-48468555.26		0.1		-2.633860508		1.243511692e-24

-237240823.1		0.1		-2.570393989		2.829613201e-24

-221934963.6		0.1		-1.999195325		6.559832997e-24

181119338.1		0.1		-2.062661843		5.950380764e-24

176017384.9		0.1		-1.80879577		7.574287238e-24

114793946.7		0.1		-2.760793544		2.307145024e-24

206629104		0.1		-1.999195325		6.424002816e-24

-227036916.8		0.1		-3.078126135		2.449098137e-24

-232138869.9		0.1		-2.824260062		7.960757204e-25

99488087.12		0.1		-1.999195325		4.994862623e-24

43366602.08		0.1		-1.872262289		5.102215064e-24

-12754882.96		0.1		-3.078126135		6.475238696e-25

-165813478.5		0.1		-2.126128362		5.291671041e-24

221934963.6		0.1		-2.760793544		1.458176445e-24

135201759.4		0.1		-2.443460953		2.866652799e-24

-160711525.3		0.1		-2.379994435		2.857311893e-24

-170915431.7		0.1		-1.872262289		6.629109615e-24

165813478.5		0.1		-2.633860508		1.944463884e-24

-140303712.6		0.1		-2.062661843		5.622924104e-24

38264648.89		0.1		-1.618396215		7.714812885e-24

237240823.1		0.1		-2.18959488		5.559619155e-24

-119895899.9		0.1		-1.745329252		7.613257392e-24

-181119338.1		0.1		-2.697327026		1.790753285e-24

145405665.8		0.1		-2.951193099		1.78285853e-24

109691993.5		0.1		-2.506927471		2.272463942e-24

227036916.8		0.1		-1.681862734		8.847240541e-24

119895899.9		0.1		-1.681862734		8.004075599e-24

252546682.7		0.1		-2.951193099		2.127348476e-25

-124997853		0.1		-2.824260062		1.718173896e-24

-196425197.6		0.1		-1.935728807		6.923035167e-24

-216833010.4		0.1		-2.253061398		5.020536025e-24

-201527150.8		0.1		-3.014659617		1.308117194e-24

-33162695.71		0.1		-2.062661843		4.367504687e-24

-89284180.75		0.1		-1.935728807		6.18620732e-24

-206629104		0.1		-2.760793544		1.554409752e-24

-201527150.8		0.1		-1.681862734		8.256659824e-24

38264648.89		0.1		-2.951193099		4.457014886e-25

104590040.3		0.1		-2.253061398		4.479623247e-24

58672461.63		0.1		-2.633860508		2.124447501e-24

73978321.19		0.1		-2.062661843		5.38596564e-24

28060742.52		0.1		-2.443460953		2.245374006e-24

-252546682.7		0.1		-1.80879577		8.32466661e-24

-247444729.5		0.1		-2.062661843		6.462290866e-24

155609572.2		0.1		-2.126128362		5.489922765e-24

63774414.82		0.1		-2.887726581		9.343739615e-25

176017384.9		0.1		-3.141592654		1.741375064e-24

-104590040.3		0.1		-2.506927471		2.848206518e-24

-252546682.7		0.1		-3.141592654		1.457227587e-24

-114793946.7		0.1		-1.999195325		6.471356841e-24

-191323244.5		0.1		-2.18959488		5.183556573e-24

53570508.45		0.1		-2.379994435		1.84612932e-24

-94386133.93		0.1		-1.681862734		7.084897725e-24

12754882.96		0.1		-3.014659617		5.546868542e-25

160711525.3		0.1		-2.379994435		2.857311893e-24

216833010.4		0.1		-2.506927471		3.337300517e-24

-68876368.01		0.1		-1.618396215		7.309173488e-24

-38264648.89		0.1		-3.141592654		6.835451315e-25

-28060742.52		0.1		-2.316527916		3.071064802e-24

-145405665.8		0.1		-3.141592654		2.115006886e-24

-176017384.9		0.1		-2.951193099		1.195386241e-24

211731057.2		0.1		-2.253061398		5.239504513e-24

242342776.3		0.1		-2.443460953		3.653874913e-24

196425197.6		0.1		-2.824260062		1.491064824e-24

2550976.593		0.1		-2.506927471		4.887914243e-25

-84182227.56		0.1		-2.18959488		4.808749922e-24

170915431.7		0.1		-2.887726581		1.540491849e-24

124997853		0.1		-1.935728807		6.788490918e-24

22958789.34		0.1		-2.18959488		3.493436224e-24

-119895899.9		0.1		-3.078126135		1.18924336e-24

-109691993.5		0.1		-2.253061398		4.004795527e-24

-211731057.2		0.1		-2.506927471		3.593388793e-24

68876368.01		0.1		-1.80879577		6.163376346e-24

12754882.96		0.1		-1.681862734		7.263319719e-24

140303712.6		0.1		-2.697327026		1.857233246e-24

-2550976.593		0.1		-2.253061398		2.346796666e-24

-22958789.34		0.1		-2.570393989		9.787298513e-25

17856836.15		0.1		-1.935728807		6.110577669e-24

247444729.5		0.1		-2.697327026		1.733970166e-24

-38264648.89		0.1		-1.80879577		6.539873044e-24

-227036916.8		0.1		-1.745329252		8.448750632e-24

7652929.778		0.1		-2.760793544		1.119887514e-24

79080274.38		0.1		-2.316527916		2.475738347e-24

186221291.3		0.1		-2.316527916		3.835788019e-24

-79080274.38		0.1		-2.443460953		1.581252761e-24

-99488087.12		0.1		-2.760793544		1.084226403e-24

-150507619		0.1		-2.887726581		2.080867238e-24

-135201759.4		0.1		-2.316527916		3.66535232e-24

94386133.93		0.1		-1.745329252		6.69438244e-24

-68876368.01		0.1		-2.951193099		1.958629424e-24

252546682.7		0.1		-1.618396215		9.507228492e-24

-145405665.8		0.1		-1.80879577		7.177810167e-24

201527150.8		0.1		-3.078126135		1.699789394e-24

-242342776.3		0.1		-2.316527916		4.59505751e-24

227036916.8		0.1		-3.014659617		2.120857961e-24

-73978321.19		0.1		-2.697327026		1.657553752e-24

-53570508.45		0.1		-2.379994435		1.84612932e-24

232138869.9		0.1		-1.935728807		7.155345596e-24

145405665.8		0.1		-1.618396215		8.347400948e-24

150507619		0.1		-1.872262289		7.391669563e-24

-12754882.96		0.1		-1.745329252		6.871497091e-24

191323244.5		0.1		-2.570393989		2.711189265e-24

201527150.8		0.1		-1.745329252		7.857226697e-24

-58672461.63		0.5		-2.126128362		3.594960945e-24

130099806.2		0.5		-2.18959488		8.802304731e-24

33162695.71		0.5		-2.697327026		3.902740545e-24

-94386133.93		0.5		-3.014659617		7.347662035e-24

-63774414.82		0.5		-1.872262289		3.036431827e-24

94386133.93		0.5		-3.078126135		7.378193058e-24

-176017384.9		0.5		-1.618396215		2.609902737e-24

-17856836.15		0.5		-2.824260062		1.756720218e-24

84182227.56		0.5		-2.570393989		4.794609461e-24

-7652929.778		0.5		-1.999195325		1.019927977e-24

48468555.26		0.5		-2.126128362		4.003846411e-24

-155609572.2		0.5		-2.633860508		7.24169302e-24

-12754882.96		0.5		-3.078126135		2.376009891e-24

-186221291.3		0.5		-2.443460953		7.719733833e-24

-237240823.1		0.5		-2.570393989		5.697455069e-24

-43366602.08		0.5		-2.887726581		7.755064159e-24

-201527150.8		0.5		-3.014659617		9.968384549e-24

-165813478.5		0.5		-2.126128362		6.386044873e-24

-33162695.71		0.5		-2.062661843		3.699871721e-24

-232138869.9		0.5		-2.824260062		7.65191116e-24

-227036916.8		0.5		-3.078126135		1.056100775e-23

-130099806.2		0.5		-2.570393989		9.958907624e-24

114793946.7		0.5		-2.760793544		7.385633474e-24

-221934963.6		0.5		-1.999195325		3.057762797e-24

-247444729.5		0.5		-2.062661843		6.371813703e-25

-119895899.9		0.5		-1.745329252		6.101826381e-24

252546682.7		0.5		-2.951193099		6.611201745e-24

-28060742.52		0.5		-2.316527916		2.823163592e-24

165813478.5		0.5		-2.633860508		8.572390993e-24

58672461.63		0.5		-2.633860508		3.788141577e-24

-160711525.3		0.5		-2.379994435		8.070244009e-24

181119338.1		0.5		-2.062661843		5.517017244e-24

-94386133.93		0.5		-1.681862734		5.357558288e-24

119895899.9		0.5		-3.014659617		7.208384774e-24

68876368.01		0.5		-3.141592654		6.117932837e-24

-89284180.75		0.5		-1.935728807		4.181905098e-24

135201759.4		0.5		-2.443460953		8.377644309e-24

145405665.8		0.5		-2.951193099		9.245571698e-24

-48468555.26		0.5		-2.633860508		4.137437802e-24

104590040.3		0.5		-2.253061398		4.859339709e-24

-104590040.3		0.5		-2.506927471		5.128618876e-24

73978321.19		0.5		-2.062661843		4.537628059e-24

160711525.3		0.5		-2.379994435		8.070244009e-24

89284180.75		0.5		-2.824260062		4.912099094e-24

221934963.6		0.5		-2.760793544		8.291921086e-24

2550976.593		0.5		-2.506927471		5.594766721e-24

-124997853		0.5		-2.824260062		7.131657745e-24

-206629104		0.5		-2.760793544		9.093954051e-24

109691993.5		0.5		-2.506927471		6.121849837e-24

38264648.89		0.5		-2.951193099		2.960453438e-24

68876368.01		0.5		-1.80879577		5.770480257e-24

-181119338.1		0.5		-2.697327026		8.724751159e-24

-38264648.89		0.5		-3.141592654		2.96725352e-24

-170915431.7		0.5		-1.872262289		5.017790832e-24

237240823.1		0.5		-2.18959488		3.016890035e-24

-216833010.4		0.5		-2.253061398		5.571948186e-24

196425197.6		0.5		-2.824260062		9.388976948e-24

176017384.9		0.5		-1.80879577		3.718382341e-24

43366602.08		0.5		-1.872262289		7.536379512e-24

99488087.12		0.5		-1.999195325		7.445102619e-24

22958789.34		0.5		-2.18959488		3.551945762e-24

-140303712.6		0.5		-2.062661843		6.970214485e-24

-114793946.7		0.5		-1.999195325		6.761167936e-24

-191323244.5		0.5		-2.18959488		6.255806807e-24

247444729.5		0.5		-2.697327026		5.355915941e-24

17856836.15		0.5		-1.935728807		1.358235638e-24

206629104		0.5		-1.999195325		4.067898862e-24

12754882.96		0.5		-3.014659617		2.373611167e-24

-176017384.9		0.5		-2.951193099		9.417879737e-24

-84182227.56		0.5		-2.18959488		4.495519364e-24

242342776.3		0.5		-2.443460953		4.062689311e-24

119895899.9		0.5		-1.681862734		5.951841433e-24

28060742.52		0.5		-2.443460953		2.862232856e-24

140303712.6		0.5		-2.697327026		8.742362934e-24

211731057.2		0.5		-2.253061398		5.785257956e-24

-252546682.7		0.5		-3.141592654		8.06681251e-24

-145405665.8		0.5		-3.141592654		9.338236048e-24

155609572.2		0.5		-2.126128362		5.626244896e-24

-135201759.4		0.5		-2.316527916		8.061096005e-24

79080274.38		0.5		-2.316527916		7.232644834e-24

53570508.45		0.5		-2.379994435		6.113003336e-24

12754882.96		0.5		-1.681862734		1.87043704e-24

-196425197.6		0.5		-1.935728807		4.007389837e-24

-2550976.593		0.5		-2.253061398		5.57514285e-24

63774414.82		0.5		-2.887726581		3.525102756e-24

-150507619		0.5		-2.887726581		9.241749918e-24

94386133.93		0.5		-1.745329252		5.531121906e-24

-211731057.2		0.5		-2.506927471		7.515730222e-24

124997853		0.5		-1.935728807		5.644587389e-24

176017384.9		0.5		-3.141592654		9.82061058e-24

-68876368.01		0.5		-1.618396215		5.66267923e-24

186221291.3		0.5		-2.316527916		6.941817131e-24

-79080274.38		0.5		-2.443460953		7.318752707e-24

227036916.8		0.5		-1.681862734		2.25333226e-24

38264648.89		0.5		-1.618396215		2.37112639e-24

145405665.8		0.5		-1.618396215		5.241596111e-24

216833010.4		0.5		-2.506927471		7.301151002e-24

-227036916.8		0.5		-1.745329252		2.304490426e-24

170915431.7		0.5		-2.887726581		1.060387575e-23

252546682.7		0.5		-1.618396215		3.076018066e-24

-252546682.7		0.5		-1.80879577		1.856577394e-24

-109691993.5		0.5		-2.253061398		5.708110139e-24

-22958789.34		0.5		-2.570393989		3.640734534e-24

232138869.9		0.5		-1.935728807		1.3588857e-24

7652929.778		0.5		-2.760793544		1.380748236e-24

191323244.5		0.5		-2.570393989		8.635269939e-24

-145405665.8		0.5		-1.80879577		6.052601833e-24

-99488087.12		0.5		-2.760793544		8.251135638e-24

-38264648.89		0.5		-1.80879577		2.509930202e-24

-68876368.01		0.5		-2.951193099		6.117281813e-24

-201527150.8		0.5		-1.681862734		1.671762451e-24

227036916.8		0.5		-3.014659617		1.011226894e-23

201527150.8		0.5		-3.078126135		1.021476856e-23

-53570508.45		0.5		-2.379994435		6.113003336e-24

-119895899.9		0.5		-3.078126135		7.196679932e-24

201527150.8		0.5		-1.745329252		2.077737803e-24

150507619		0.5		-1.872262289		6.05881968e-24

-73978321.19		0.5		-2.697327026		4.73339196e-24

-242342776.3		0.5		-2.316527916		3.134551131e-24

-12754882.96		0.5		-1.745329252		1.914270808e-24

-58672461.63		0.6		-2.126128362		3.400749144e-24

94386133.93		0.6		-3.078126135		4.379950915e-24

33162695.71		0.6		-2.697327026		5.083565087e-25

-63774414.82		0.6		-1.872262289		2.245835271e-24

-94386133.93		0.6		-3.014659617		4.35717746e-24

-17856836.15		0.6		-2.824260062		3.14425306e-24

130099806.2		0.6		-2.18959488		7.334206302e-24

-7652929.778		0.6		-1.999195325		3.709830926e-24

-201527150.8		0.6		-3.014659617		9.623739367e-24

-124997853		0.6		-2.824260062		4.970085585e-24

48468555.26		0.6		-2.126128362		2.141981515e-24

-130099806.2		0.6		-2.570393989		7.466299358e-24

-119895899.9		0.6		-1.745329252		3.749246317e-24

-237240823.1		0.6		-2.570393989		7.531917563e-24

-12754882.96		0.6		-3.078126135		2.399572026e-24

-227036916.8		0.6		-3.078126135		1.158011282e-23

-232138869.9		0.6		-2.824260062		8.673619886e-24

-43366602.08		0.6		-2.887726581		3.649284829e-24

2550976.593		0.6		-2.506927471		9.638288437e-25

-104590040.3		0.6		-2.506927471		2.411905222e-24

-89284180.75		0.6		-1.935728807		9.475969564e-25

252546682.7		0.6		-2.951193099		8.119744716e-24

-176017384.9		0.6		-1.618396215		4.166413298e-24

58672461.63		0.6		-2.633860508		3.300392825e-24

-170915431.7		0.6		-1.872262289		6.468871892e-24

109691993.5		0.6		-2.506927471		3.59820273e-24

84182227.56		0.6		-2.570393989		3.047794035e-24

-186221291.3		0.6		-2.443460953		8.339090045e-24

-155609572.2		0.6		-2.633860508		5.079406634e-24

-114793946.7		0.6		-1.999195325		5.255994892e-24

145405665.8		0.6		-2.951193099		6.751699866e-24

68876368.01		0.6		-3.141592654		2.450002803e-24

-33162695.71		0.6		-2.062661843		6.185968714e-25

114793946.7		0.6		-2.760793544		5.585316347e-24

181119338.1		0.6		-2.062661843		6.063722011e-24

99488087.12		0.6		-1.999195325		4.97452838e-24

-160711525.3		0.6		-2.379994435		7.939074775e-24

28060742.52		0.6		-2.443460953		1.876648774e-24

-211731057.2		0.6		-2.506927471		9.464993681e-24

247444729.5		0.6		-2.697327026		7.001573372e-24

-145405665.8		0.6		-3.141592654		6.793691543e-24

-28060742.52		0.6		-2.316527916		1.92197716e-24

135201759.4		0.6		-2.443460953		6.135578663e-24

-94386133.93		0.6		-1.681862734		3.082219457e-24

-221934963.6		0.6		-1.999195325		4.946569674e-24

17856836.15		0.6		-1.935728807		3.552831877e-24

160711525.3		0.6		-2.379994435		7.939074775e-24

-247444729.5		0.6		-2.062661843		2.358462031e-24

176017384.9		0.6		-1.80879577		5.040966625e-24

38264648.89		0.6		-2.951193099		1.282528133e-24

196425197.6		0.6		-2.824260062		9.180199116e-24

-140303712.6		0.6		-2.062661843		6.206577465e-24

-38264648.89		0.6		-3.141592654		1.268045248e-24

-165813478.5		0.6		-2.126128362		6.075579424e-24

63774414.82		0.6		-2.887726581		1.907325011e-24

119895899.9		0.6		-3.014659617		4.317997457e-24

104590040.3		0.6		-2.253061398		2.261533795e-24

-216833010.4		0.6		-2.253061398		7.538553559e-24

12754882.96		0.6		-1.681862734		2.900828007e-24

22958789.34		0.6		-2.18959488		1.378373646e-24

221934963.6		0.6		-2.760793544		9.741569142e-24

237240823.1		0.6		-2.18959488		4.855901778e-24

-227036916.8		0.6		-1.745329252		3.585231793e-24

-206629104		0.6		-2.760793544		9.826680454e-24

89284180.75		0.6		-2.824260062		1.508525282e-24

-48468555.26		0.6		-2.633860508		2.090245265e-24

-191323244.5		0.6		-2.18959488		7.899401679e-24

68876368.01		0.6		-1.80879577		2.141342549e-24

206629104		0.6		-1.999195325		5.994105281e-24

211731057.2		0.6		-2.253061398		7.924094434e-24

53570508.45		0.6		-2.379994435		2.648836522e-24

165813478.5		0.6		-2.633860508		6.955614866e-24

176017384.9		0.6		-3.141592654		8.139049737e-24

-79080274.38		0.6		-2.443460953		4.145587564e-24

119895899.9		0.6		-1.681862734		3.694329747e-24

-68876368.01		0.6		-1.618396215		2.056742363e-24

-150507619		0.6		-2.887726581		7.388075259e-24

232138869.9		0.6		-1.935728807		3.192210342e-24

242342776.3		0.6		-2.443460953		5.814663122e-24

124997853		0.6		-1.935728807		4.297426331e-24

-176017384.9		0.6		-2.951193099		7.991392676e-24

-2550976.593		0.6		-2.253061398		9.441304526e-25

43366602.08		0.6		-1.872262289		3.36377376e-24

73978321.19		0.6		-2.062661843		2.658427011e-24

-252546682.7		0.6		-3.141592654		9.468311706e-24

-181119338.1		0.6		-2.697327026		7.365332231e-24

-84182227.56		0.6		-2.18959488		2.960545399e-24

12754882.96		0.6		-3.014659617		2.402586931e-24

-135201759.4		0.6		-2.316527916		5.999867898e-24

145405665.8		0.6		-1.618396215		5.145544437e-24

94386133.93		0.6		-1.745329252		3.18190325e-24

-119895899.9		0.6		-3.078126135		4.310896212e-24

155609572.2		0.6		-2.126128362		4.405828344e-24

216833010.4		0.6		-2.506927471		9.089586799e-24

-196425197.6		0.6		-1.935728807		5.837840327e-24

-109691993.5		0.6		-2.253061398		3.339844257e-24

7652929.778		0.6		-2.760793544		3.334621307e-24

-252546682.7		0.6		-1.80879577		3.19975013e-25

-38264648.89		0.6		-1.80879577		1.810791543e-24

252546682.7		0.6		-1.618396215		1.480466642e-24

186221291.3		0.6		-2.316527916		7.863129124e-24

140303712.6		0.6		-2.697327026		6.846112125e-24

38264648.89		0.6		-1.618396215		1.971730295e-24

-201527150.8		0.6		-1.681862734		3.631708376e-24

201527150.8		0.6		-3.078126135		9.724020463e-24

170915431.7		0.6		-2.887726581		9.620433478e-24

227036916.8		0.6		-1.681862734		3.298462363e-24

-22958789.34		0.6		-2.570393989		1.296633867e-24

-99488087.12		0.6		-2.760793544		5.333719888e-24

79080274.38		0.6		-2.316527916		4.086996502e-24

227036916.8		0.6		-3.014659617		1.133999469e-23

201527150.8		0.6		-1.745329252		4.008104604e-24

-242342776.3		0.6		-2.316527916		4.906578156e-24

-53570508.45		0.6		-2.379994435		2.648836522e-24

191323244.5		0.6		-2.570393989		9.069563578e-24

-73978321.19		0.6		-2.697327026		2.633222602e-24

-68876368.01		0.6		-2.951193099		2.450551436e-24

-145405665.8		0.6		-1.80879577		5.510097851e-24

150507619		0.6		-1.872262289		6.371647192e-24

-12754882.96		0.6		-1.745329252		2.857673838e-24

-53570508.45		0		-2.126128362		7.971016022e-24

99488087.12		0		-3.078126135		1.302943368e-24

38264648.89		0		-2.697327026		4.934648453e-24

-58672461.63		0		-1.872262289		1.106179601e-23

-2550976.593		0		-1.999195325		8.743874314e-24

135201759.4		0		-2.18959488		7.342495074e-24

-12754882.96		0		-2.824260062		4.705902696e-24

53570508.45		0		-2.126128362		7.971016022e-24

-7652929.778		0		-3.078126135		4.806658451e-24

-124997853		0		-2.570393989		6.05856086e-24

-89284180.75		0		-3.014659617		3.034885613e-24

-232138869.9		0		-2.570393989		4.58153373e-24

33162695.71		0		-2.443460953		6.00750377e-24

114793946.7		0		-2.506927471		6.821262451e-24

-119895899.9		0		-2.824260062		3.023009008e-24

7652929.778		0		-2.506927471		7.111657278e-24

22958789.34		0		-1.935728807		9.6267507e-24

-196425197.6		0		-3.014659617		2.387896211e-24

-181119338.1		0		-2.443460953		5.498402174e-24

-28060742.52		0		-2.062661843		9.106284692e-24

-38264648.89		0		-2.887726581		3.94976954e-24

-150507619		0		-2.633860508		5.552558851e-24

-114793946.7		0		-1.745329252		1.177087431e-23

242342776.3		0		-2.18959488		7.330824286e-24

-155609572.2		0		-2.379994435		6.721382144e-24

165813478.5		0		-2.379994435		5.951715039e-24

-109691993.5		0		-1.999195325		9.126073022e-24

186221291.3		0		-2.062661843		8.283267777e-24

109691993.5		0		-2.253061398		7.398408465e-24

-170915431.7		0		-1.618396215		1.11442002e-23

-221934963.6		0		-3.078126135		7.305894917e-25

-89284180.75		0		-1.681862734		1.129401812e-23

-84182227.56		0		-1.935728807		1.041868349e-23

104590040.3		0		-1.999195325		9.969565051e-24

63774414.82		0		-2.633860508		5.91623643e-24

140303712.6		0		-2.443460953		6.393842663e-24

89284180.75		0		-2.570393989		5.405714328e-24

-206629104		0		-2.506927471		5.047482126e-24

-135201759.4		0		-2.062661843		8.230212425e-24

-99488087.12		0		-2.506927471		5.153309148e-24

73978321.19		0		-3.141592654		3.438219183e-24

150507619		0		-2.951193099		4.003956034e-24

2550976.593		0		-2.253061398		6.980493864e-24

-252546682.7		0		-2.887726581		2.050776941e-24

-160711525.3		0		-2.126128362		7.836712381e-24

-227036916.8		0		-2.824260062		3.052775323e-24

-140303712.6		0		-3.141592654		3.081354075e-24

43366602.08		0		-2.951193099		1.735473386e-24

119895899.9		0		-2.760793544		3.45726933e-24

-165813478.5		0		-1.872262289		9.491822431e-24

-33162695.71		0		-3.141592654		2.318587456e-24

-170915431.7		0		-2.951193099		1.85653696e-24

-211731057.2		0		-2.253061398		7.592439578e-24

201527150.8		0		-2.824260062		2.567256425e-24

-73978321.19		0		-2.443460953		6.592116558e-24

252546682.7		0		-2.697327026		3.540006006e-24

94386133.93		0		-2.824260062		2.750505686e-24

211731057.2		0		-1.999195325		9.344427509e-24

170915431.7		0		-2.633860508		4.168315476e-24

-22958789.34		0		-2.316527916		7.053166669e-24

130099806.2		0		-1.935728807		9.076546387e-24

160711525.3		0		-2.126128362		7.836712381e-24

237240823.1		0		-1.935728807		9.269395021e-24

-242342776.3		0		-2.062661843		8.218259821e-24

48468555.26		0		-1.872262289		1.016822356e-23

99488087.12		0		-1.745329252		1.04038506e-23

-216833010.4		0		-1.999195325		8.74623996e-24

124997853		0		-3.014659617		3.998640033e-24

-221934963.6		0		-1.745329252		1.031092406e-23

-43366602.08		0		-2.633860508		4.111556572e-24

181119338.1		0		-1.80879577		9.912461861e-24

79080274.38		0		-2.062661843		8.368800883e-24

-196425197.6		0		-1.681862734		1.108100537e-23

150507619		0		-1.618396215		1.215400237e-23

227036916.8		0		-2.760793544		3.486604787e-24

181119338.1		0		-3.141592654		4.929314386e-25

-201527150.8		0		-2.760793544		3.061503095e-24

216833010.4		0		-2.253061398		6.976850357e-24

-186221291.3		0		-2.18959488		7.397534846e-24

68876368.01		0		-2.887726581		2.203621022e-24

247444729.5		0		-2.443460953		5.472361165e-24

17856836.15		0		-1.681862734		1.231155029e-23

73978321.19		0		-1.80879577		1.07901477e-23

-104590040.3		0		-2.253061398		8.288858133e-24

221934963.6		0		-2.506927471		5.024089036e-24

58672461.63		0		-2.379994435		7.742702256e-24

-145405665.8		0		-2.887726581		2.032377051e-24

-247444729.5		0		-1.80879577		9.893556957e-24

43366602.08		0		-1.618396215		1.11038597e-23

84182227.56		0		-2.316527916		7.909129303e-24

-176017384.9		0		-2.697327026		4.159257414e-24

-63774414.82		0		-1.618396215		1.239935221e-23

-130099806.2		0		-2.316527916		6.418161012e-24

-79080274.38		0		-2.18959488		7.489239668e-24

28060742.52		0		-2.18959488		8.256793499e-24

124997853		0		-1.681862734		1.184010366e-23

191323244.5		0		-2.316527916		6.875637817e-24

176017384.9		0		-2.887726581		2.962385601e-24

-247444729.5		0		-3.141592654		7.927456691e-26

-191323244.5		0		-1.935728807		9.487223742e-24

-114793946.7		0		-3.078126135		4.412642904e-24

206629104		0		-3.078126135		8.49881607e-25

232138869.9		0		-3.014659617		1.269884094e-24

-252546682.7		0		-1.554929697		1.142778022e-23

12754882.96		0		-2.760793544		5.012213022e-24

145405665.8		0		-2.697327026		3.530340447e-24

232138869.9		0		-1.681862734		1.073524072e-23

17856836.15		0		-3.014659617		4.741432603e-24

-48468555.26		0		-2.379994435		6.763861307e-24

-33162695.71		0		-1.80879577		1.030699057e-23

-17856836.15		0		-2.570393989		6.617013218e-24

-140303712.6		0		-1.80879577		1.063732268e-23

-68876368.01		0		-2.697327026		3.634125135e-24

206629104		0		-1.745329252		1.033193994e-23

-237240823.1		0		-2.316527916		6.61731074e-24

-94386133.93		0		-2.760793544		3.218783801e-24

-63774414.82		0		-2.951193099		4.474221106e-24

155609572.2		0		-1.872262289		1.014405618e-23

196425197.6		0		-2.570393989		5.050568299e-24

-7652929.778		0		-1.745329252		1.202436127e-23

99488087.12		0.1		-3.078126135		2.514486778e-24

38264648.89		0.1		-2.697327026		8.79601737e-25

-2550976.593		0.1		-1.999195325		4.10987107e-24

-53570508.45		0.1		-2.126128362		3.620716686e-24

-58672461.63		0.1		-1.872262289		6.804455433e-24

-232138869.9		0.1		-2.570393989		2.575941518e-24

135201759.4		0.1		-2.18959488		4.499989139e-24

-12754882.96		0.1		-2.824260062		2.66006644e-25

-89284180.75		0.1		-3.014659617		3.364105521e-25

-124997853		0.1		-2.570393989		2.757258775e-24

114793946.7		0.1		-2.506927471		3.366142566e-24

-7652929.778		0.1		-3.078126135		2.285689241e-25

33162695.71		0.1		-2.443460953		1.789709011e-24

22958789.34		0.1		-1.935728807		5.17823007e-24

-196425197.6		0.1		-3.014659617		1.671588918e-24

-119895899.9		0.1		-2.824260062		1.424371564e-24

-28060742.52		0.1		-2.062661843		4.752402759e-24

53570508.45		0.1		-2.126128362		3.620716686e-24

186221291.3		0.1		-2.062661843		5.61528167e-24

104590040.3		0.1		-1.999195325		6.173245121e-24

-33162695.71		0.1		-3.141592654		1.689393118e-24

-38264648.89		0.1		-2.887726581		3.319163528e-25

-114793946.7		0.1		-1.745329252		8.096385376e-24

119895899.9		0.1		-2.760793544		1.585242482e-24

242342776.3		0.1		-2.18959488		5.517528316e-24

43366602.08		0.1		-2.951193099		3.096238129e-24

89284180.75		0.1		-2.570393989		2.005128353e-24

170915431.7		0.1		-2.633860508		1.496379391e-24

-155609572.2		0.1		-2.379994435		3.743108838e-24

-150507619		0.1		-2.633860508		2.752098219e-24

-181119338.1		0.1		-2.443460953		3.343561713e-24

63774414.82		0.1		-2.633860508		1.952587146e-24

7652929.778		0.1		-2.506927471		2.483474378e-24

150507619		0.1		-2.951193099		2.056480846e-24

165813478.5		0.1		-2.379994435		3.55451685e-24

-252546682.7		0.1		-2.887726581		4.566798772e-25

-211731057.2		0.1		-2.253061398		5.239504513e-24

-109691993.5		0.1		-1.999195325		5.735767766e-24

-227036916.8		0.1		-2.824260062		1.751357605e-24

160711525.3		0.1		-2.126128362		4.694156345e-24

109691993.5		0.1		-2.253061398		4.004795527e-24

-99488087.12		0.1		-2.506927471		1.586545575e-24

201527150.8		0.1		-2.824260062		9.391135494e-26

-89284180.75		0.1		-1.681862734		7.812521867e-24

-135201759.4		0.1		-2.062661843		5.341167545e-24

-170915431.7		0.1		-1.618396215		8.2164328e-24

73978321.19		0.1		-3.141592654		9.249255403e-25

-140303712.6		0.1		-3.141592654		1.786316059e-24

130099806.2		0.1		-1.935728807		5.821040368e-24

-84182227.56		0.1		-1.935728807		6.477355483e-24

211731057.2		0.1		-1.999195325		6.955568738e-24

94386133.93		0.1		-2.824260062		8.185584358e-25

227036916.8		0.1		-2.760793544		1.902893756e-24

-73978321.19		0.1		-2.443460953		2.970823132e-24

-206629104		0.1		-2.506927471		2.923627454e-24

-170915431.7		0.1		-2.951193099		1.916652748e-24

2550976.593		0.1		-2.253061398		2.346796666e-24

-165813478.5		0.1		-1.872262289		6.992359602e-24

237240823.1		0.1		-1.935728807		7.32141517e-24

140303712.6		0.1		-2.443460953		3.148532479e-24

181119338.1		0.1		-3.141592654		1.292939634e-24

-221934963.6		0.1		-3.078126135		2.112137494e-24

252546682.7		0.1		-2.697327026		1.912884104e-24

124997853		0.1		-3.014659617		1.526706053e-24

48468555.26		0.1		-1.872262289		6.002827638e-24

-160711525.3		0.1		-2.126128362		4.694156345e-24

-221934963.6		0.1		-1.745329252		8.228305373e-24

79080274.38		0.1		-2.062661843		4.245157211e-24

-216833010.4		0.1		-1.999195325		6.746059615e-24

150507619		0.1		-1.618396215		8.994290126e-24

99488087.12		0.1		-1.745329252		6.623490597e-24

-186221291.3		0.1		-2.18959488		4.732184656e-24

216833010.4		0.1		-2.253061398		5.020536025e-24

-22958789.34		0.1		-2.316527916		2.634868001e-24

68876368.01		0.1		-2.887726581		1.724110937e-24

-247444729.5		0.1		-3.141592654		1.734983938e-24

-43366602.08		0.1		-2.633860508		9.971100515e-25

-196425197.6		0.1		-1.681862734		8.568778479e-24

73978321.19		0.1		-1.80879577		7.017012695e-24

-201527150.8		0.1		-2.760793544		5.491569981e-25

221934963.6		0.1		-2.506927471		2.986362766e-24

-104590040.3		0.1		-2.253061398		4.479623247e-24

17856836.15		0.1		-1.681862734		7.738073115e-24

-17856836.15		0.1		-2.570393989		2.054111007e-24

-176017384.9		0.1		-2.697327026		1.644633984e-24

28060742.52		0.1		-2.18959488		3.911874843e-24

84182227.56		0.1		-2.316527916		3.985726794e-24

247444729.5		0.1		-2.443460953		3.689013521e-24

-130099806.2		0.1		-2.316527916		3.301760678e-24

-63774414.82		0.1		-1.618396215		8.3521344e-24

181119338.1		0.1		-1.80879577		7.638890506e-24

124997853		0.1		-1.681862734		8.427817364e-24

145405665.8		0.1		-2.697327026		1.793250587e-24

-242342776.3		0.1		-2.062661843		6.416244143e-24

-145405665.8		0.1		-2.887726581		1.665724639e-24

58672461.63		0.1		-2.379994435		3.541236185e-24

43366602.08		0.1		-1.618396215		6.648610058e-24

176017384.9		0.1		-2.887726581		1.112376268e-24

206629104		0.1		-3.078126135		1.981199873e-24

-252546682.7		0.1		-1.554929697		9.882156539e-24

191323244.5		0.1		-2.316527916		4.324910032e-24

-247444729.5		0.1		-1.80879577		8.164626938e-24

-79080274.38		0.1		-2.18959488		3.369361316e-24

-237240823.1		0.1		-2.316527916		4.650913991e-24

12754882.96		0.1		-2.760793544		4.971577512e-25

-191323244.5		0.1		-1.935728807		6.889615831e-24

17856836.15		0.1		-3.014659617		3.348621801e-25

232138869.9		0.1		-3.014659617		8.41821272e-25

-63774414.82		0.1		-2.951193099		8.031074961e-25

-48468555.26		0.1		-2.379994435		2.696572317e-24

-114793946.7		0.1		-3.078126135		1.962337315e-24

196425197.6		0.1		-2.570393989		2.623650405e-24

-68876368.01		0.1		-2.697327026		1.218088748e-24

232138869.9		0.1		-1.681862734		8.814078994e-24

-33162695.71		0.1		-1.80879577		6.016039838e-24

-94386133.93		0.1		-2.760793544		4.906393189e-25

-140303712.6		0.1		-1.80879577		7.270448838e-24

206629104		0.1		-1.745329252		8.084422465e-24

155609572.2		0.1		-1.872262289		7.210306248e-24

-7652929.778		0.1		-1.745329252		7.394034322e-24

-2550976.593		0.5		-1.999195325		5.549676433e-24

99488087.12		0.5		-3.078126135		8.273764572e-24

-58672461.63		0.5		-1.872262289		3.447134655e-24

38264648.89		0.5		-2.697327026		2.920804684e-24

114793946.7		0.5		-2.506927471		7.263764589e-24

-53570508.45		0.5		-2.126128362		6.012877633e-24

135201759.4		0.5		-2.18959488		7.683320189e-24

-12754882.96		0.5		-2.824260062		2.354825895e-24

-232138869.9		0.5		-2.570393989		5.831475546e-24

-124997853		0.5		-2.570393989		6.914108163e-24

-89284180.75		0.5		-3.014659617		4.955593048e-24

-33162695.71		0.5		-3.141592654		3.953497837e-24

-7652929.778		0.5		-3.078126135		1.423588813e-24

53570508.45		0.5		-2.126128362		6.012877633e-24

104590040.3		0.5		-1.999195325		4.468745116e-24

22958789.34		0.5		-1.935728807		3.465799505e-24

-28060742.52		0.5		-2.062661843		2.723531359e-24

-38264648.89		0.5		-2.887726581		2.9538155e-24

-150507619		0.5		-2.633860508		8.939401382e-24

170915431.7		0.5		-2.633860508		9.44987066e-24

-119895899.9		0.5		-2.824260062		7.211197616e-24

33162695.71		0.5		-2.443460953		3.83996141e-24

-109691993.5		0.5		-1.999195325		5.132735292e-24

7652929.778		0.5		-2.506927471		1.301720908e-24

186221291.3		0.5		-2.062661843		5.364113319e-24

150507619		0.5		-2.951193099		9.288472244e-24

-211731057.2		0.5		-2.253061398		5.785257956e-24

-196425197.6		0.5		-3.014659617		1.014425799e-23

109691993.5		0.5		-2.253061398		5.708110139e-24

-155609572.2		0.5		-2.379994435		6.599928608e-24

160711525.3		0.5		-2.126128362		6.636559421e-24

-73978321.19		0.5		-2.443460953		4.684341074e-24

-84182227.56		0.5		-1.935728807		4.199866591e-24

-114793946.7		0.5		-1.745329252		6.246853419e-24

43366602.08		0.5		-2.951193099		7.763081211e-24

119895899.9		0.5		-2.760793544		7.201427409e-24

-135201759.4		0.5		-2.062661843		7.248404357e-24

63774414.82		0.5		-2.633860508		3.472405076e-24

-181119338.1		0.5		-2.443460953		7.624418199e-24

-89284180.75		0.5		-1.681862734		3.790535227e-24

165813478.5		0.5		-2.379994435		7.612528996e-24

242342776.3		0.5		-2.18959488		2.237515432e-24

89284180.75		0.5		-2.570393989		4.796348449e-24

130099806.2		0.5		-1.935728807		7.575245781e-24

150507619		0.5		-1.618396215		4.752255709e-24

181119338.1		0.5		-3.141592654		9.495488349e-24

211731057.2		0.5		-1.999195325		4.221462872e-24

-165813478.5		0.5		-1.872262289		5.062007292e-24

-170915431.7		0.5		-1.618396215		3.610252942e-24

-170915431.7		0.5		-2.951193099		1.084174726e-23

-99488087.12		0.5		-2.506927471		8.133742863e-24

99488087.12		0.5		-1.745329252		6.731904279e-24

227036916.8		0.5		-2.760793544		8.270168779e-24

-221934963.6		0.5		-3.078126135		1.03821896e-23

-252546682.7		0.5		-2.887726581		6.119155067e-24

48468555.26		0.5		-1.872262289		3.889954965e-24

140303712.6		0.5		-2.443460953		8.28435834e-24

-227036916.8		0.5		-2.824260062		8.734213735e-24

-216833010.4		0.5		-1.999195325		4.0446667e-24

252546682.7		0.5		-2.697327026		4.641825025e-24

2550976.593		0.5		-2.253061398		5.57514285e-24

124997853		0.5		-3.014659617		7.225651689e-24

237240823.1		0.5		-1.935728807		1.653079252e-24

216833010.4		0.5		-2.253061398		5.571948186e-24

-160711525.3		0.5		-2.126128362		6.636559421e-24

201527150.8		0.5		-2.824260062		9.048920555e-24

-140303712.6		0.5		-3.141592654		9.01934769e-24

73978321.19		0.5		-3.141592654		4.718211121e-24

-196425197.6		0.5		-1.681862734		2.597874323e-24

-221934963.6		0.5		-1.745329252		1.812622605e-24

-206629104		0.5		-2.506927471		7.432407524e-24

-22958789.34		0.5		-2.316527916		3.587015025e-24

-247444729.5		0.5		-3.141592654		8.719320781e-24

-104590040.3		0.5		-2.253061398		4.859339709e-24

28060742.52		0.5		-2.18959488		2.776890918e-24

-130099806.2		0.5		-2.316527916		9.320198677e-24

-43366602.08		0.5		-2.633860508		7.716479969e-24

-17856836.15		0.5		-2.570393989		1.690093629e-24

94386133.93		0.5		-2.824260062		7.232216313e-24

-201527150.8		0.5		-2.760793544		8.696780382e-24

176017384.9		0.5		-2.887726581		9.244777586e-24

206629104		0.5		-3.078126135		1.046277859e-23

221934963.6		0.5		-2.506927471		6.487434172e-24

73978321.19		0.5		-1.80879577		4.394425185e-24

79080274.38		0.5		-2.062661843		6.985473603e-24

-79080274.38		0.5		-2.18959488		7.1231833e-24

-252546682.7		0.5		-1.554929697		3.466548639e-24

145405665.8		0.5		-2.697327026		8.963495505e-24

247444729.5		0.5		-2.443460953		3.421322971e-24

68876368.01		0.5		-2.887726581		6.113321414e-24

-186221291.3		0.5		-2.18959488		6.151652563e-24

124997853		0.5		-1.681862734		4.747205008e-24

17856836.15		0.5		-1.681862734		1.160992511e-24

58672461.63		0.5		-2.379994435		3.708952212e-24

191323244.5		0.5		-2.316527916		7.065042419e-24

-145405665.8		0.5		-2.887726581		9.193478221e-24

-242342776.3		0.5		-2.062661843		1.406073616e-24

-176017384.9		0.5		-2.697327026		8.59371044e-24

84182227.56		0.5		-2.316527916		4.612787358e-24

43366602.08		0.5		-1.618396215		7.444111167e-24

181119338.1		0.5		-1.80879577		4.112494626e-24

-63774414.82		0.5		-1.618396215		2.803880381e-24

12754882.96		0.5		-2.760793544		2.344693565e-24

17856836.15		0.5		-3.014659617		1.782479142e-24

-94386133.93		0.5		-2.760793544		7.185020092e-24

-247444729.5		0.5		-1.80879577		1.12882378e-24

-114793946.7		0.5		-3.078126135		7.459377918e-24

-68876368.01		0.5		-2.697327026		6.090314181e-24

-48468555.26		0.5		-2.379994435		4.086179089e-24

-191323244.5		0.5		-1.935728807		4.69202852e-24

-237240823.1		0.5		-2.316527916		3.871208462e-24

232138869.9		0.5		-1.681862734		7.84163083e-25

232138869.9		0.5		-3.014659617		8.936405581e-24

-63774414.82		0.5		-2.951193099		3.530990629e-24

196425197.6		0.5		-2.570393989		8.013863227e-24

-33162695.71		0.5		-1.80879577		3.577493482e-24

206629104		0.5		-1.745329252		2.647174155e-24

-7652929.778		0.5		-1.745329252		8.169137996e-25

-140303712.6		0.5		-1.80879577		5.754637197e-24

155609572.2		0.5		-1.872262289		4.397556411e-24

99488087.12		0.6		-3.078126135		5.344100376e-24

-2550976.593		0.6		-1.999195325		9.185214175e-25

38264648.89		0.6		-2.697327026		1.334486268e-24

114793946.7		0.6		-2.506927471		5.510694766e-24

135201759.4		0.6		-2.18959488		5.844210578e-24

-53570508.45		0.6		-2.126128362		2.557763239e-24

-124997853		0.6		-2.570393989		4.850760152e-24

-58672461.63		0.6		-1.872262289		3.487855627e-24

-33162695.71		0.6		-3.141592654		5.333941138e-25

-232138869.9		0.6		-2.570393989		7.368726299e-24

-7652929.778		0.6		-3.078126135		3.290728023e-24

-12754882.96		0.6		-2.824260062		2.422611148e-24

-89284180.75		0.6		-3.014659617		1.546124953e-24

-109691993.5		0.6		-1.999195325		3.005470356e-24

104590040.3		0.6		-1.999195325		2.072734435e-24

-38264648.89		0.6		-2.887726581		1.292024516e-24

53570508.45		0.6		-2.126128362		2.557763239e-24

-150507619		0.6		-2.633860508		7.267817709e-24

33162695.71		0.6		-2.443460953		5.278738597e-25

22958789.34		0.6		-1.935728807		1.450991315e-24

-211731057.2		0.6		-2.253061398		7.924094434e-24

170915431.7		0.6		-2.633860508		9.164586972e-24

160711525.3		0.6		-2.126128362		7.217946641e-24

-196425197.6		0.6		-3.014659617		9.420991337e-24

-84182227.56		0.6		-1.935728807		2.901473242e-24

-181119338.1		0.6		-2.443460953		7.002956903e-24

-119895899.9		0.6		-2.824260062		4.316732761e-24

119895899.9		0.6		-2.760793544		4.308957808e-24

150507619		0.6		-1.618396215		5.788146284e-24

-114793946.7		0.6		-1.745329252		5.072571627e-24

109691993.5		0.6		-2.253061398		3.339844257e-24

7652929.778		0.6		-2.506927471		3.415819585e-24

-73978321.19		0.6		-2.443460953		2.64672191e-24

130099806.2		0.6		-1.935728807		7.149996425e-24

-28060742.52		0.6		-2.062661843		2.033484818e-24

-155609572.2		0.6		-2.379994435		4.807971468e-24

181119338.1		0.6		-3.141592654		7.600811463e-24

150507619		0.6		-2.951193099		7.408247647e-24

63774414.82		0.6		-2.633860508		1.94915402e-24

-135201759.4		0.6		-2.062661843		5.668748358e-24

242342776.3		0.6		-2.18959488		4.008549835e-24

-89284180.75		0.6		-1.681862734		7.196857904e-25

-99488087.12		0.6		-2.506927471		5.269230995e-24

227036916.8		0.6		-2.760793544		9.973081859e-24

43366602.08		0.6		-2.951193099		3.662141096e-24

186221291.3		0.6		-2.062661843		6.747680942e-24

48468555.26		0.6		-1.872262289		2.17287632e-24

-252546682.7		0.6		-2.887726581		7.648197786e-24

-221934963.6		0.6		-3.078126135		1.069382506e-23

-206629104		0.6		-2.506927471		8.897090602e-24

-160711525.3		0.6		-2.126128362		7.217946641e-24

140303712.6		0.6		-2.443460953		6.666799318e-24

-221934963.6		0.6		-1.745329252		3.413937734e-24

165813478.5		0.6		-2.379994435		6.592252424e-24

211731057.2		0.6		-1.999195325		6.305865534e-24

-227036916.8		0.6		-2.824260062		1.035553134e-23

-170915431.7		0.6		-2.951193099		9.703890897e-24

2550976.593		0.6		-2.253061398		9.441304526e-25

206629104		0.6		-3.078126135		1.002315315e-23

-201527150.8		0.6		-2.760793544		9.041371443e-24

-17856836.15		0.6		-2.570393989		3.209709614e-24

99488087.12		0.6		-1.745329252		4.728571884e-24

-216833010.4		0.6		-1.999195325		5.967448186e-24

89284180.75		0.6		-2.570393989		1.410812065e-24

73978321.19		0.6		-1.80879577		2.671549586e-24

-165813478.5		0.6		-1.872262289		5.400883332e-24

-252546682.7		0.6		-1.554929697		1.870300822e-24

216833010.4		0.6		-2.253061398		7.538553559e-24

-79080274.38		0.6		-2.18959488		4.016847714e-24

201527150.8		0.6		-2.824260062		9.216174132e-24

-140303712.6		0.6		-3.141592654		6.972919372e-24

-104590040.3		0.6		-2.253061398		2.261533795e-24

176017384.9		0.6		-2.887726581		7.927128305e-24

124997853		0.6		-3.014659617		5.024307967e-24

237240823.1		0.6		-1.935728807		3.203803656e-24

-22958789.34		0.6		-2.316527916		1.347571469e-24

