# phi		B		eigenvalue
3.141592654		0		6.930167116e-25
3.141592654		0		4.206170419e-25
3.141592654		0		3.45472952e-25
3.141592654		0		9.551623635e-26
3.141592654		0		9.551623635e-26

3.141592654		0.005025125628		4.129477567e-25
3.141592654		0.005025125628		4.070145561e-25
3.141592654		0.005025125628		2.749528076e-25
3.141592654		0.005025125628		1.636110806e-25
3.141592654		0.005025125628		1.374143102e-25

3.141592654		0.01005025126		4.203314648e-25
3.141592654		0.01005025126		3.613260231e-25
3.141592654		0.01005025126		3.586664083e-25
3.141592654		0.01005025126		2.699543669e-25
3.141592654		0.01005025126		1.426061927e-25

3.141592654		0.01507537688		5.096113165e-25
3.141592654		0.01507537688		4.355975495e-25
3.141592654		0.01507537688		4.214658502e-25
3.141592654		0.01507537688		1.96229995e-25
3.141592654		0.01507537688		1.41489404e-25

3.141592654		0.02010050251		6.380667805e-25
3.141592654		0.02010050251		4.999237016e-25
3.141592654		0.02010050251		4.997488673e-25
3.141592654		0.02010050251		2.804349082e-25
3.141592654		0.02010050251		6.83978546e-26

3.141592654		0.02512562814		7.050363618e-25
3.141592654		0.02512562814		6.175410979e-25
3.141592654		0.02512562814		5.529762584e-25
3.141592654		0.02512562814		3.547643295e-25
3.141592654		0.02512562814		2.511201576e-25

3.141592654		0.03015075377		7.994027016e-25
3.141592654		0.03015075377		6.636496785e-25
3.141592654		0.03015075377		5.951332985e-25
3.141592654		0.03015075377		5.374379493e-25
3.141592654		0.03015075377		2.620353339e-25

3.141592654		0.0351758794		9.828107227e-25
3.141592654		0.0351758794		7.688964815e-25
3.141592654		0.0351758794		6.262152024e-25
3.141592654		0.0351758794		6.226841116e-25
3.141592654		0.0351758794		1.859227658e-25

3.141592654		0.04020100503		1.174898152e-24
3.141592654		0.04020100503		9.901740891e-25
3.141592654		0.04020100503		6.470480537e-25
3.141592654		0.04020100503		6.107259175e-25
3.141592654		0.04020100503		7.768924325e-26

3.141592654		0.04522613065		1.277655443e-24
3.141592654		0.04522613065		1.209119015e-24
3.141592654		0.04522613065		6.675670241e-25
3.141592654		0.04522613065		6.098332551e-25
3.141592654		0.04522613065		2.799489559e-26

3.141592654		0.05025125628		1.366906062e-24
3.141592654		0.05025125628		1.143552319e-24
3.141592654		0.05025125628		7.104831892e-25
3.141592654		0.05025125628		6.179962092e-25
3.141592654		0.05025125628		9.635512273e-26

3.141592654		0.05527638191		1.346791546e-24
3.141592654		0.05527638191		1.025004017e-24
3.141592654		0.05527638191		7.907874741e-25
3.141592654		0.05527638191		6.345217891e-25
3.141592654		0.05527638191		1.0391388e-25

3.141592654		0.06030150754		1.268799302e-24
3.141592654		0.06030150754		1.003738882e-24
3.141592654		0.06030150754		8.327883373e-25
3.141592654		0.06030150754		6.599920788e-25
3.141592654		0.06030150754		5.816989793e-26

3.141592654		0.06532663317		1.187710452e-24
3.141592654		0.06532663317		1.140385367e-24
3.141592654		0.06532663317		7.657161082e-25
3.141592654		0.06532663317		6.953604443e-25
3.141592654		0.06532663317		1.673067254e-26

3.141592654		0.07035175879		1.315818742e-24
3.141592654		0.07035175879		1.131174086e-24
3.141592654		0.07035175879		7.420065268e-25
3.141592654		0.07035175879		7.026613996e-25
3.141592654		0.07035175879		9.811280228e-26

3.141592654		0.07537688442		1.503626523e-24
3.141592654		0.07537688442		1.117057325e-24
3.141592654		0.07537688442		8.038290355e-25
3.141592654		0.07537688442		6.690165457e-25
3.141592654		0.07537688442		1.665546415e-25

3.141592654		0.08040201005		1.697418481e-24
3.141592654		0.08040201005		1.151451432e-24
3.141592654		0.08040201005		8.888697465e-25
3.141592654		0.08040201005		6.714563993e-25
3.141592654		0.08040201005		2.090639062e-25

3.141592654		0.08542713568		1.894202419e-24
3.141592654		0.08542713568		1.227124008e-24
3.141592654		0.08542713568		1.002609423e-24
3.141592654		0.08542713568		7.115698084e-25
3.141592654		0.08542713568		2.26221331e-25

3.141592654		0.09045226131		2.092037096e-24
3.141592654		0.09045226131		1.33246537e-24
3.141592654		0.09045226131		1.141764327e-24
3.141592654		0.09045226131		7.867209957e-25
3.141592654		0.09045226131		2.285576586e-25

3.141592654		0.09547738693		2.289263945e-24
3.141592654		0.09547738693		1.458411669e-24
3.141592654		0.09547738693		1.299045622e-24
3.141592654		0.09547738693		8.912748463e-25
3.141592654		0.09547738693		2.256003374e-25

3.141592654		0.1005025126		2.484064342e-24
3.141592654		0.1005025126		1.599159377e-24
3.141592654		0.1005025126		1.46812551e-24
3.141592654		0.1005025126		1.018646308e-24
3.141592654		0.1005025126		2.220253872e-25

3.141592654		0.1055276382		2.66836958e-24
3.141592654		0.1055276382		1.751216143e-24
3.141592654		0.1055276382		1.644452221e-24
3.141592654		0.1055276382		1.162913909e-24
3.141592654		0.1055276382		2.192897026e-25

3.141592654		0.1105527638		2.77713064e-24
3.141592654		0.1105527638		1.912722977e-24
3.141592654		0.1105527638		1.824582465e-24
3.141592654		0.1105527638		1.319442522e-24
3.141592654		0.1105527638		2.175304142e-25

3.141592654		0.1155778894		2.886477123e-24
3.141592654		0.1155778894		2.082994742e-24
3.141592654		0.1155778894		2.00560617e-24
3.141592654		0.1155778894		1.484840199e-24
3.141592654		0.1155778894		2.165113419e-25

3.141592654		0.1206030151		2.996356345e-24
3.141592654		0.1206030151		2.261632847e-24
3.141592654		0.1206030151		2.18538917e-24
3.141592654		0.1206030151		1.656684723e-24
3.141592654		0.1206030151		2.159605747e-25

3.141592654		0.1256281407		3.106754282e-24
3.141592654		0.1256281407		2.447290732e-24
3.141592654		0.1256281407		2.36341166e-24
3.141592654		0.1256281407		1.833245276e-24
3.141592654		0.1256281407		2.156579572e-25

3.141592654		0.1306532663		3.217720007e-24
3.141592654		0.1306532663		2.637758925e-24
3.141592654		0.1306532663		2.540424079e-24
3.141592654		0.1306532663		2.013265569e-24
3.141592654		0.1306532663		2.154416532e-25

3.141592654		0.135678392		3.329425428e-24
3.141592654		0.135678392		2.83098239e-24
3.141592654		0.135678392		2.717232992e-24
3.141592654		0.135678392		2.195809652e-24
3.141592654		0.135678392		2.151952674e-25

3.141592654		0.1407035176		3.442209167e-24
3.141592654		0.1407035176		3.025324117e-24
3.141592654		0.1407035176		2.894236715e-24
3.141592654		0.1407035176		2.380154979e-24
3.141592654		0.1407035176		2.148341262e-25

3.141592654		0.1457286432		3.556895196e-24
3.141592654		0.1457286432		3.21916772e-24
3.141592654		0.1457286432		3.071515192e-24
3.141592654		0.1457286432		2.56571706e-24
3.141592654		0.1457286432		2.142948918e-25

3.141592654		0.1507537688		3.675320554e-24
3.141592654		0.1507537688		3.410140155e-24
3.141592654		0.1507537688		3.248958413e-24
3.141592654		0.1507537688		2.751993423e-24
3.141592654		0.1507537688		2.13528521e-25

3.141592654		0.1557788945		3.801781908e-24
3.141592654		0.1557788945		3.593614459e-24
3.141592654		0.1557788945		3.426306939e-24
3.141592654		0.1557788945		2.938517394e-24
3.141592654		0.1557788945		2.124957109e-25

3.141592654		0.1608040201		3.944547843e-24
3.141592654		0.1608040201		3.761232814e-24
3.141592654		0.1608040201		3.603070708e-24
3.141592654		0.1608040201		3.124813494e-24
3.141592654		0.1608040201		2.11164013e-25

3.141592654		0.1658291457		4.110034528e-24
3.141592654		0.1658291457		3.907077544e-24
3.141592654		0.1658291457		3.778135814e-24
3.141592654		0.1658291457		3.310345638e-24
3.141592654		0.1658291457		2.095060198e-25

3.141592654		0.1708542714		4.237700735e-24
3.141592654		0.1708542714		4.039158946e-24
3.141592654		0.1708542714		3.948002114e-24
3.141592654		0.1708542714		3.494446366e-24
3.141592654		0.1708542714		2.074982257e-25

3.141592654		0.175879397		4.325876315e-24
3.141592654		0.175879397		4.177390107e-24
3.141592654		0.175879397		4.100532858e-24
3.141592654		0.175879397		3.67620982e-24
3.141592654		0.175879397		2.051203086e-25

3.141592654		0.1809045226		4.417707799e-24
3.141592654		0.1809045226		4.336700186e-24
3.141592654		0.1809045226		4.22455235e-24
3.141592654		0.1809045226		3.854325675e-24
3.141592654		0.1809045226		2.023546712e-25

3.141592654		0.1859296482		4.515003476e-24
3.141592654		0.1859296482		4.505143397e-24
3.141592654		0.1859296482		4.332565853e-24
3.141592654		0.1859296482		4.026843373e-24
3.141592654		0.1859296482		1.991861436e-25

3.141592654		0.1909547739		4.672481566e-24
3.141592654		0.1909547739		4.620368605e-24
3.141592654		0.1909547739		4.432732094e-24
3.141592654		0.1909547739		4.19095326e-24
3.141592654		0.1909547739		1.956017851e-25

3.141592654		0.1959798995		4.829484327e-24
3.141592654		0.1959798995		4.737017439e-24
3.141592654		0.1959798995		4.526979573e-24
3.141592654		0.1959798995		4.343179057e-24
3.141592654		0.1959798995		1.915907469e-25

3.141592654		0.2010050251		4.960180489e-24
3.141592654		0.2010050251		4.867485383e-24
3.141592654		0.2010050251		4.615632306e-24
3.141592654		0.2010050251		4.48065877e-24
3.141592654		0.2010050251		1.871441708e-25

3.141592654		0.2060301508		5.063898171e-24
3.141592654		0.2060301508		5.011666046e-24
3.141592654		0.2060301508		4.698712998e-24
3.141592654		0.2060301508		4.60309853e-24
3.141592654		0.2060301508		1.822551107e-25

3.141592654		0.2110552764		5.166504018e-24
3.141592654		0.2110552764		5.158158771e-24
3.141592654		0.2110552764		4.776371781e-24
3.141592654		0.2110552764		4.713053685e-24
3.141592654		0.2110552764		1.76918467e-25

3.141592654		0.216080402		5.327814905e-24
3.141592654		0.216080402		5.251595515e-24
3.141592654		0.216080402		4.849015288e-24
3.141592654		0.216080402		4.814083963e-24
3.141592654		0.216080402		1.711309274e-25

3.141592654		0.2211055276		5.491865555e-24
3.141592654		0.2211055276		5.346544066e-24
3.141592654		0.2211055276		4.917263466e-24
3.141592654		0.2211055276		4.909166628e-24
3.141592654		0.2211055276		1.64890912e-25

3.141592654		0.2261306533		5.655711013e-24
3.141592654		0.2261306533		5.443396096e-24
3.141592654		0.2261306533		5.000323322e-24
3.141592654		0.2261306533		4.981829625e-24
3.141592654		0.2261306533		1.581985198e-25

3.141592654		0.2311557789		5.817089567e-24
3.141592654		0.2311557789		5.541950651e-24
3.141592654		0.2311557789		5.088822562e-24
3.141592654		0.2311557789		5.043407899e-24
3.141592654		0.2311557789		1.510554758e-25

3.141592654		0.2361809045		5.974196314e-24
3.141592654		0.2361809045		5.641846354e-24
3.141592654		0.2361809045		5.175443737e-24
3.141592654		0.2361809045		5.102606685e-24
3.141592654		0.2361809045		1.434650771e-25

3.141592654		0.2412060302		6.125645156e-24
3.141592654		0.2412060302		5.742712776e-24
3.141592654		0.2412060302		5.260665436e-24
3.141592654		0.2412060302		5.159925764e-24
3.141592654		0.2412060302		1.354321394e-25

3.141592654		0.2462311558		6.270240423e-24
3.141592654		0.2462311558		5.844218943e-24
3.141592654		0.2462311558		5.344781429e-24
3.141592654		0.2462311558		5.215759753e-24
3.141592654		0.2462311558		1.269629423e-25

3.141592654		0.2512562814		6.406618415e-24
3.141592654		0.2512562814		5.946082532e-24
3.141592654		0.2512562814		5.427969396e-24
3.141592654		0.2512562814		5.270412629e-24
3.141592654		0.2512562814		1.180651739e-25

3.141592654		0.256281407		6.531259182e-24
3.141592654		0.256281407		6.0480647e-24
3.141592654		0.256281407		5.510331674e-24
3.141592654		0.256281407		5.324114448e-24
3.141592654		0.256281407		1.087478753e-25

3.141592654		0.2613065327		6.635389222e-24
3.141592654		0.2613065327		6.149961012e-24
3.141592654		0.2613065327		5.591919749e-24
3.141592654		0.2613065327		5.377036385e-24
3.141592654		0.2613065327		9.902138405e-26

3.141592654		0.2663316583		6.711094807e-24
3.141592654		0.2663316583		6.251592041e-24
3.141592654		0.2663316583		5.672749194e-24
3.141592654		0.2663316583		5.429302896e-24
3.141592654		0.2663316583		8.889727842e-26

3.141592654		0.2713567839		6.766511442e-24
3.141592654		0.2713567839		6.352795111e-24
3.141592654		0.2713567839		5.752808858e-24
3.141592654		0.2713567839		5.481001044e-24
3.141592654		0.2713567839		7.838832064e-26

3.141592654		0.2763819095		6.811489774e-24
3.141592654		0.2763819095		6.453416875e-24
3.141592654		0.2763819095		5.832066488e-24
3.141592654		0.2763819095		5.532187394e-24
3.141592654		0.2763819095		6.750840094e-26

3.141592654		0.2814070352		6.850346089e-24
3.141592654		0.2814070352		6.553307433e-24
3.141592654		0.2814070352		5.910472022e-24
3.141592654		0.2814070352		5.582892972e-24
3.141592654		0.2814070352		5.627248153e-26

3.141592654		0.2864321608		6.884786857e-24
3.141592654		0.2864321608		6.652314271e-24
3.141592654		0.2864321608		5.987959285e-24
3.141592654		0.2864321608		5.633126689e-24
3.141592654		0.2864321608		4.469654118e-26

3.141592654		0.2914572864		6.915642808e-24
3.141592654		0.2914572864		6.750276412e-24
3.141592654		0.2914572864		6.064446495e-24
3.141592654		0.2914572864		5.68287755e-24
3.141592654		0.2914572864		3.279752019e-26

3.141592654		0.2964824121		6.943368014e-24
3.141592654		0.2964824121		6.847019342e-24
3.141592654		0.2964824121		6.139835788e-24
3.141592654		0.2964824121		5.732115864e-24
3.141592654		0.2964824121		2.059326596e-26

3.141592654		0.3015075377		6.968240736e-24
3.141592654		0.3015075377		6.942348251e-24
3.141592654		0.3015075377		6.21401181e-24
3.141592654		0.3015075377		5.78079359e-24
3.141592654		0.3015075377		8.102479199e-27

3.141592654		0.3065326633		7.036037977e-24
3.141592654		0.3065326633		6.9904683e-24
3.141592654		0.3065326633		6.286839321e-24
3.141592654		0.3065326633		5.828843885e-24
3.141592654		0.3065326633		4.655339225e-27

3.141592654		0.3115577889		7.127827153e-24
3.141592654		0.3115577889		7.010194614e-24
3.141592654		0.3115577889		6.358159601e-24
3.141592654		0.3115577889		5.876179863e-24
3.141592654		0.3115577889		1.76599408e-26

3.141592654		0.3165829146		7.217406238e-24
3.141592654		0.3165829146		7.027544891e-24
3.141592654		0.3165829146		6.427785264e-24
3.141592654		0.3165829146		5.922692497e-24
3.141592654		0.3165829146		3.089038124e-26

3.141592654		0.3216080402		7.304399164e-24
3.141592654		0.3216080402		7.042623723e-24
3.141592654		0.3216080402		6.495492819e-24
3.141592654		0.3216080402		5.968247573e-24
3.141592654		0.3216080402		4.432507176e-26

3.141592654		0.3266331658		7.388345453e-24
3.141592654		0.3266331658		7.055531777e-24
3.141592654		0.3266331658		6.561011831e-24
3.141592654		0.3266331658		6.012681486e-24
3.141592654		0.3266331658		5.794182981e-26

3.141592654		0.3316582915		7.468676686e-24
3.141592654		0.3316582915		7.066374917e-24
3.141592654		0.3316582915		6.624008739e-24
3.141592654		0.3316582915		6.055795651e-24
3.141592654		0.3316582915		7.171792936e-26

3.141592654		0.3366834171		7.54468205e-24
3.141592654		0.3366834171		7.075278371e-24
3.141592654		0.3366834171		6.684061913e-24
3.141592654		0.3366834171		6.09734917e-24
3.141592654		0.3366834171		8.56301508e-26

3.141592654		0.3417085427		7.615471411e-24
3.141592654		0.3417085427		7.082410025e-24
3.141592654		0.3417085427		6.74062201e-24
3.141592654		0.3417085427		6.137049341e-24
3.141592654		0.3417085427		9.965483054e-26

3.141592654		0.3467336683		7.679926721e-24
3.141592654		0.3467336683		7.088021052e-24
3.141592654		0.3467336683		6.792947613e-24
3.141592654		0.3467336683		6.174539479e-24
3.141592654		0.3467336683		1.137679104e-25

3.141592654		0.351758794		7.736669672e-24
3.141592654		0.351758794		7.092515279e-24
3.141592654		0.351758794		6.840002184e-24
3.141592654		0.351758794		6.209383528e-24
3.141592654		0.351758794		1.279449871e-25

3.141592654		0.3567839196		7.783992517e-24
3.141592654		0.3567839196		7.096548874e-24
3.141592654		0.3567839196		6.880306589e-24
3.141592654		0.3567839196		6.241046987e-24
3.141592654		0.3567839196		1.421613612e-25

3.141592654		0.3618090452		7.819975298e-24
3.141592654		0.3618090452		7.101092245e-24
3.141592654		0.3618090452		6.911809906e-24
3.141592654		0.3618090452		6.268874105e-24
3.141592654		0.3618090452		1.563920871e-25

3.141592654		0.3668341709		7.842561342e-24
3.141592654		0.3668341709		7.107184289e-24
3.141592654		0.3668341709		6.9320422e-24
3.141592654		0.3668341709		6.292062267e-24
3.141592654		0.3668341709		1.706120224e-25

3.141592654		0.3718592965		7.849981949e-24
3.141592654		0.3718592965		7.115050769e-24
3.141592654		0.3718592965		6.938874943e-24
3.141592654		0.3718592965		6.309636545e-24
3.141592654		0.3718592965		1.84795878e-25

3.141592654		0.3768844221		7.841339099e-24
3.141592654		0.3768844221		7.123217207e-24
3.141592654		0.3768844221		6.931273332e-24
3.141592654		0.3768844221		6.320431142e-24
3.141592654		0.3768844221		1.989182685e-25

3.141592654		0.3819095477		7.817055677e-24
3.141592654		0.3819095477		7.128981245e-24
3.141592654		0.3819095477		6.908740717e-24
3.141592654		0.3819095477		6.323090212e-24
3.141592654		0.3819095477		2.129537629e-25

3.141592654		0.3869346734		7.778891941e-24
3.141592654		0.3869346734		7.129776436e-24
3.141592654		0.3869346734		6.870093211e-24
3.141592654		0.3869346734		6.316107234e-24
3.141592654		0.3869346734		2.268769363e-25

3.141592654		0.391959799		7.728462236e-24
3.141592654		0.391959799		7.124078984e-24
3.141592654		0.391959799		6.813186706e-24
3.141592654		0.391959799		6.297925269e-24
3.141592654		0.391959799		2.406624213e-25

3.141592654		0.3969849246		7.663540143e-24
3.141592654		0.3969849246		7.111644372e-24
3.141592654		0.3969849246		6.735908237e-24
3.141592654		0.3969849246		6.267110893e-24
3.141592654		0.3969849246		2.542849606e-25

3.141592654		0.4020100503		7.571052878e-24
3.141592654		0.4020100503		7.093206308e-24
3.141592654		0.4020100503		6.637678091e-24
3.141592654		0.4020100503		6.222583773e-24
3.141592654		0.4020100503		2.677194603e-25

3.141592654		0.4070351759		7.435273925e-24
3.141592654		0.4070351759		7.06979084e-24
3.141592654		0.4070351759		6.520184679e-24
3.141592654		0.4070351759		6.163838359e-24
3.141592654		0.4070351759		2.809410424e-25

3.141592654		0.4120603015		7.26735344e-24
3.141592654		0.4120603015		7.042076182e-24
3.141592654		0.4120603015		6.386746876e-24
3.141592654		0.4120603015		6.091067729e-24
3.141592654		0.4120603015		2.939250994e-25

3.141592654		0.4170854271		7.084838381e-24
3.141592654		0.4170854271		7.010122788e-24
3.141592654		0.4170854271		6.241089856e-24
3.141592654		0.4170854271		6.005129567e-24
3.141592654		0.4170854271		3.06647348e-25

3.141592654		0.4221105528		6.973378797e-24
3.141592654		0.4221105528		6.895868603e-24
3.141592654		0.4221105528		6.086499585e-24
3.141592654		0.4221105528		5.907370826e-24
3.141592654		0.4221105528		3.190838833e-25

3.141592654		0.4271356784		6.930769668e-24
3.141592654		0.4271356784		6.703712169e-24
3.141592654		0.4271356784		5.925548584e-24
3.141592654		0.4271356784		5.799390655e-24
3.141592654		0.4271356784		3.312112334e-25

3.141592654		0.432160804		6.88067283e-24
3.141592654		0.432160804		6.509904474e-24
3.141592654		0.432160804		5.760146391e-24
3.141592654		0.432160804		5.682825695e-24
3.141592654		0.432160804		3.430064132e-25

3.141592654		0.4371859296		6.820696828e-24
3.141592654		0.4371859296		6.315306396e-24
3.141592654		0.4371859296		5.591688684e-24
3.141592654		0.4371859296		5.559202622e-24
3.141592654		0.4371859296		3.544469782e-25

3.141592654		0.4422110553		6.746800111e-24
3.141592654		0.4422110553		6.120481637e-24
3.141592654		0.4422110553		5.429860858e-24
3.141592654		0.4422110553		5.421201926e-24
3.141592654		0.4422110553		3.655110779e-25

3.141592654		0.4472361809		6.650808033e-24
3.141592654		0.4472361809		5.925854774e-24
3.141592654		0.4472361809		5.295926473e-24
3.141592654		0.4472361809		5.249455373e-24
3.141592654		0.4472361809		3.761775082e-25

3.141592654		0.4522613065		6.519315099e-24
3.141592654		0.4522613065		5.731788505e-24
3.141592654		0.4522613065		5.158314868e-24
3.141592654		0.4522613065		5.077040961e-24
3.141592654		0.4522613065		3.864257623e-25

3.141592654		0.4572864322		6.349828286e-24
3.141592654		0.4572864322		5.538629229e-24
3.141592654		0.4572864322		5.017744783e-24
3.141592654		0.4572864322		4.904428606e-24
3.141592654		0.4572864322		3.962360807e-25

3.141592654		0.4623115578		6.15818932e-24
3.141592654		0.4623115578		5.346740621e-24
3.141592654		0.4623115578		4.874752506e-24
3.141592654		0.4623115578		4.732004313e-24
3.141592654		0.4623115578		4.055894992e-25

3.141592654		0.4673366834		5.957028402e-24
3.141592654		0.4673366834		5.156534281e-24
3.141592654		0.4673366834		4.72969997e-24
3.141592654		0.4673366834		4.560096654e-24
3.141592654		0.4673366834		4.144678938e-25

3.141592654		0.472361809		5.751824831e-24
3.141592654		0.472361809		4.968501787e-24
3.141592654		0.472361809		4.582774079e-24
3.141592654		0.472361809		4.388995471e-24
3.141592654		0.472361809		4.228540228e-25

3.141592654		0.4773869347		5.5448795e-24
3.141592654		0.4773869347		4.783247839e-24
3.141592654		0.4773869347		4.433978843e-24
3.141592654		0.4773869347		4.218965382e-24
3.141592654		0.4773869347		4.307315636e-25

3.141592654		0.4824120603		5.337310309e-24
3.141592654		0.4824120603		4.601516426e-24
3.141592654		0.4824120603		4.283129938e-24
3.141592654		0.4824120603		4.050255773e-24
3.141592654		0.4824120603		4.380851428e-25

3.141592654		0.4874371859		5.129735474e-24
3.141592654		0.4874371859		4.424186143e-24
3.141592654		0.4874371859		4.129876209e-24
3.141592654		0.4874371859		3.883108397e-24
3.141592654		0.4874371859		4.449003557e-25

3.141592654		0.4924623116		4.922566877e-24
3.141592654		0.4924623116		4.252194986e-24
3.141592654		0.4924623116		3.973789187e-24
3.141592654		0.4924623116		3.717763297e-24
3.141592654		0.4924623116		4.511637693e-25

3.141592654		0.4974874372		4.716114033e-24
3.141592654		0.4974874372		4.086365406e-24
3.141592654		0.4974874372		3.814550297e-24
3.141592654		0.4974874372		3.554463477e-24
3.141592654		0.4974874372		4.568629008e-25

3.141592654		0.5025125628		4.510648378e-24
3.141592654		0.5025125628		3.927180408e-24
3.141592654		0.5025125628		3.652185659e-24
3.141592654		0.5025125628		3.393458567e-24
3.141592654		0.5025125628		4.619861557e-25

3.141592654		0.5075376884		4.306431721e-24
3.141592654		0.5075376884		3.774661044e-24
3.141592654		0.5075376884		3.487198573e-24
3.141592654		0.5075376884		3.235007502e-24
3.141592654		0.5075376884		4.665227044e-25

3.141592654		0.5125628141		4.103740607e-24
3.141592654		0.5125628141		3.628452821e-24
3.141592654		0.5125628141		3.320492419e-24
3.141592654		0.5125628141		3.079380064e-24
3.141592654		0.5125628141		4.704622613e-25

3.141592654		0.5175879397		3.902883714e-24
3.141592654		0.5175879397		3.488045304e-24
3.141592654		0.5175879397		3.15315982e-24
3.141592654		0.5175879397		2.926856825e-24
3.141592654		0.5175879397		4.737947131e-25

3.141592654		0.5226130653		3.704221357e-24
3.141592654		0.5226130653		3.352966575e-24
3.141592654		0.5226130653		2.986296219e-24
3.141592654		0.5226130653		2.777726698e-24
3.141592654		0.5226130653		4.765095172e-25

3.141592654		0.527638191		3.508188381e-24
3.141592654		0.527638191		3.222878513e-24
3.141592654		0.527638191		2.820911271e-24
3.141592654		0.527638191		2.632280674e-24
3.141592654		0.527638191		4.785947557e-25

3.141592654		0.5326633166		3.315323923e-24
3.141592654		0.5326633166		3.097591348e-24
3.141592654		0.5326633166		2.657918126e-24
3.141592654		0.5326633166		2.490799506e-24
3.141592654		0.5326633166		4.800356876e-25

3.141592654		0.5376884422		3.126312134e-24
3.141592654		0.5376884422		2.97703716e-24
3.141592654		0.5376884422		2.498157654e-24
3.141592654		0.5376884422		2.353531811e-24
3.141592654		0.5376884422		4.808126e-25

3.141592654		0.5427135678		2.942038921e-24
3.141592654		0.5427135678		2.861224171e-24
3.141592654		0.5427135678		2.342428507e-24
3.141592654		0.5427135678		2.220657577e-24
3.141592654		0.5427135678		4.808977372e-25

3.141592654		0.5477386935		2.763670186e-24
3.141592654		0.5477386935		2.750168567e-24
3.141592654		0.5477386935		2.191508808e-24
3.141592654		0.5477386935		2.092230922e-24
3.141592654		0.5477386935		4.802511428e-25

3.141592654		0.5527638191		2.643763823e-24
3.141592654		0.5527638191		2.592753914e-24
3.141592654		0.5527638191		2.046161878e-24
3.141592654		0.5527638191		1.968098034e-24
3.141592654		0.5527638191		4.788154715e-25

3.141592654		0.5577889447		2.541441795e-24
3.141592654		0.5577889447		2.431334048e-24
3.141592654		0.5577889447		1.907118255e-24
3.141592654		0.5577889447		1.84779865e-24
3.141592654		0.5577889447		4.765103909e-25

