# ky		B		phi		eigenvalue
-252546682.7		0.5		-3.141592654		1.445963115e-23
-252546682.7		0.5		-3.141592654		9.529934671e-24
-252546682.7		0.5		-3.141592654		8.06681251e-24

2550976.593		0.5		-2.379994435		1.712056032e-23
2550976.593		0.5		-2.379994435		8.45923323e-24
2550976.593		0.5		-2.379994435		5.585721539e-24

7652929.778		0.5		-2.379994435		1.547512477e-23
7652929.778		0.5		-2.379994435		1.518874326e-23
7652929.778		0.5		-2.379994435		1.246942793e-24

-247444729.5		0.5		-3.141592654		1.516988555e-23
-247444729.5		0.5		-3.141592654		9.821570745e-24
-247444729.5		0.5		-3.141592654		8.719320781e-24

12754882.96		0.5		-2.379994435		1.580608825e-23
12754882.96		0.5		-2.379994435		1.326912429e-23
12754882.96		0.5		-2.379994435		2.24290676e-24

-242342776.3		0.5		-3.141592654		1.54010524e-23
-242342776.3		0.5		-3.141592654		9.871332976e-24
-242342776.3		0.5		-3.141592654		9.225125289e-24

17856836.15		0.5		-2.379994435		1.548539897e-23
17856836.15		0.5		-2.379994435		1.492878856e-23
17856836.15		0.5		-2.379994435		1.615515504e-24

-237240823.1		0.5		-3.141592654		1.473698882e-23
-237240823.1		0.5		-3.141592654		1.033191496e-23
-237240823.1		0.5		-3.141592654		9.782398924e-24

22958789.34		0.5		-2.379994435		1.62817876e-23
22958789.34		0.5		-2.379994435		1.150617116e-23
22958789.34		0.5		-2.379994435		3.60250903e-24

-232138869.9		0.5		-3.141592654		1.640794408e-23
-232138869.9		0.5		-3.141592654		1.00851164e-23
-232138869.9		0.5		-3.141592654		9.666471565e-24

28060742.52		0.5		-2.379994435		1.575433913e-23
28060742.52		0.5		-2.379994435		1.304239583e-23
28060742.52		0.5		-2.379994435		2.843604425e-24

-227036916.8		0.5		-3.141592654		1.562745053e-23
-227036916.8		0.5		-3.141592654		1.170448098e-23
-227036916.8		0.5		-3.141592654		1.099972923e-23

33162695.71		0.5		-2.379994435		1.609027201e-23
33162695.71		0.5		-2.379994435		1.176266853e-23
33162695.71		0.5		-2.379994435		3.820410868e-24

-221934963.6		0.5		-3.141592654		1.629877011e-23
-221934963.6		0.5		-3.141592654		1.093735488e-23
-221934963.6		0.5		-3.141592654		1.051112363e-23

38264648.89		0.5		-2.379994435		1.537955062e-23
38264648.89		0.5		-2.379994435		1.381391133e-23
38264648.89		0.5		-2.379994435		2.822145508e-24

-216833010.4		0.5		-3.141592654		1.580933148e-23
-216833010.4		0.5		-3.141592654		1.179786595e-23
-216833010.4		0.5		-3.141592654		1.094143191e-23

43366602.08		0.5		-2.379994435		1.670186708e-23
43366602.08		0.5		-2.379994435		7.878850481e-24
43366602.08		0.5		-2.379994435		7.668146816e-24

-211731057.2		0.5		-3.141592654		1.4208524e-23
-211731057.2		0.5		-3.141592654		1.201962632e-23
-211731057.2		0.5		-3.141592654		1.144502664e-23

48468555.26		0.5		-2.379994435		1.568706257e-23
48468555.26		0.5		-2.379994435		1.278624191e-23
48468555.26		0.5		-2.379994435		4.086179089e-24

-206629104		0.5		-3.141592654		1.623992724e-23
-206629104		0.5		-3.141592654		1.190386003e-23
-206629104		0.5		-3.141592654		1.042320126e-23

53570508.45		0.5		-2.379994435		1.648398911e-23
53570508.45		0.5		-2.379994435		1.002090103e-23
53570508.45		0.5		-2.379994435		6.113003336e-24

-201527150.8		0.5		-3.141592654		1.609754747e-23
-201527150.8		0.5		-3.141592654		1.251949447e-23
-201527150.8		0.5		-3.141592654		1.041960613e-23

58672461.63		0.5		-2.379994435		1.66384167e-23
58672461.63		0.5		-2.379994435		1.400805921e-23
58672461.63		0.5		-2.379994435		3.708952212e-24

-196425197.6		0.5		-3.141592654		1.457334366e-23
-196425197.6		0.5		-3.141592654		1.371567294e-23
-196425197.6		0.5		-3.141592654		1.046917872e-23

63774414.82		0.5		-2.379994435		1.669295418e-23
63774414.82		0.5		-2.379994435		1.403769871e-23
63774414.82		0.5		-2.379994435		3.373205143e-24

-191323244.5		0.5		-3.141592654		1.532882118e-23
-191323244.5		0.5		-3.141592654		1.330775828e-23
-191323244.5		0.5		-3.141592654		1.036496727e-23

68876368.01		0.5		-2.379994435		1.537803769e-23
68876368.01		0.5		-2.379994435		1.205062731e-23
68876368.01		0.5		-2.379994435		6.015284048e-24

-186221291.3		0.5		-3.141592654		1.687604316e-23
-186221291.3		0.5		-3.141592654		1.278180207e-23
-186221291.3		0.5		-3.141592654		1.104588358e-23

73978321.19		0.5		-2.379994435		1.598186444e-23
73978321.19		0.5		-2.379994435		1.365621359e-23
73978321.19		0.5		-2.379994435		4.665855958e-24

-181119338.1		0.5		-3.141592654		1.870571082e-23
-181119338.1		0.5		-3.141592654		1.291292105e-23
-181119338.1		0.5		-3.141592654		9.495488349e-24

79080274.38		0.5		-2.379994435		1.619572535e-23
79080274.38		0.5		-2.379994435		1.043488399e-23
79080274.38		0.5		-2.379994435		7.278356e-24

-176017384.9		0.5		-3.141592654		1.619074923e-23
-176017384.9		0.5		-3.141592654		1.377155788e-23
-176017384.9		0.5		-3.141592654		9.82061058e-24

84182227.56		0.5		-2.379994435		1.759105291e-23
84182227.56		0.5		-2.379994435		1.332243265e-23
84182227.56		0.5		-2.379994435		4.664559933e-24

-170915431.7		0.5		-3.141592654		1.864652445e-23
-170915431.7		0.5		-3.141592654		1.169314646e-23
-170915431.7		0.5		-3.141592654		1.139822897e-23

89284180.75		0.5		-2.379994435		1.665709757e-23
89284180.75		0.5		-2.379994435		1.35391697e-23
89284180.75		0.5		-2.379994435		4.663476705e-24

-165813478.5		0.5		-3.141592654		1.754681654e-23
-165813478.5		0.5		-3.141592654		1.399802816e-23
-165813478.5		0.5		-3.141592654		9.471692356e-24

94386133.93		0.5		-2.379994435		1.535068177e-23
94386133.93		0.5		-2.379994435		1.262021898e-23
94386133.93		0.5		-2.379994435		6.789276197e-24

-160711525.3		0.5		-3.141592654		1.837364594e-23
-160711525.3		0.5		-3.141592654		1.203084854e-23
-160711525.3		0.5		-3.141592654		1.050682883e-23

99488087.12		0.5		-2.379994435		1.599501974e-23
99488087.12		0.5		-2.379994435		1.093031214e-23
99488087.12		0.5		-2.379994435		8.031175593e-24

-155609572.2		0.5		-3.141592654		2.069707737e-23
-155609572.2		0.5		-3.141592654		1.326666702e-23
-155609572.2		0.5		-3.141592654		7.675366728e-24

104590040.3		0.5		-2.379994435		1.907523956e-23
104590040.3		0.5		-2.379994435		1.255398498e-23
104590040.3		0.5		-2.379994435		5.007720266e-24

-150507619		0.5		-3.141592654		1.61800749e-23
-150507619		0.5		-3.141592654		1.461827016e-23
-150507619		0.5		-3.141592654		9.379830387e-24

109691993.5		0.5		-2.379994435		1.68135331e-23
109691993.5		0.5		-2.379994435		1.316102554e-23
109691993.5		0.5		-2.379994435		5.933158547e-24

-145405665.8		0.5		-3.141592654		1.646336211e-23
-145405665.8		0.5		-3.141592654		1.508857242e-23
-145405665.8		0.5		-3.141592654		9.338236048e-24

114793946.7		0.5		-2.379994435		1.817191013e-23
114793946.7		0.5		-2.379994435		1.195593527e-23
114793946.7		0.5		-2.379994435		7.17712102e-24

-140303712.6		0.5		-3.141592654		1.628300069e-23
-140303712.6		0.5		-3.141592654		1.457839235e-23
-140303712.6		0.5		-3.141592654		9.01934769e-24

119895899.9		0.5		-2.379994435		1.687649496e-23
119895899.9		0.5		-2.379994435		1.235426595e-23
119895899.9		0.5		-2.379994435		7.023433233e-24

-135201759.4		0.5		-3.141592654		1.665226083e-23
-135201759.4		0.5		-3.141592654		1.481126088e-23
-135201759.4		0.5		-3.141592654		9.23408259e-24

124997853		0.5		-2.379994435		1.910715488e-23
124997853		0.5		-2.379994435		1.189628883e-23
124997853		0.5		-2.379994435		6.662569539e-24

-130099806.2		0.5		-3.141592654		1.889419335e-23
-130099806.2		0.5		-3.141592654		1.201438333e-23
-130099806.2		0.5		-3.141592654		9.972326437e-24

130099806.2		0.5		-2.379994435		1.595265068e-23
130099806.2		0.5		-2.379994435		1.077265918e-23
130099806.2		0.5		-2.379994435		9.536359833e-24

-124997853		0.5		-3.141592654		1.815484631e-23
-124997853		0.5		-3.141592654		1.488120143e-23
-124997853		0.5		-3.141592654		7.260356881e-24

135201759.4		0.5		-2.379994435		1.517899167e-23
135201759.4		0.5		-2.379994435		1.330105109e-23
135201759.4		0.5		-2.379994435		8.227001083e-24

-119895899.9		0.5		-3.141592654		1.668039572e-23
-119895899.9		0.5		-3.141592654		1.576524448e-23
-119895899.9		0.5		-3.141592654		7.1794663e-24

140303712.6		0.5		-2.379994435		1.682745124e-23
140303712.6		0.5		-2.379994435		1.187809863e-23
140303712.6		0.5		-2.379994435		8.120614013e-24

-114793946.7		0.5		-3.141592654		1.686405547e-23
-114793946.7		0.5		-3.141592654		1.563409845e-23
-114793946.7		0.5		-3.141592654		7.464817143e-24

145405665.8		0.5		-2.379994435		1.608821567e-23
145405665.8		0.5		-2.379994435		1.268378185e-23
145405665.8		0.5		-2.379994435		8.272759727e-24

-109691993.5		0.5		-3.141592654		1.642679071e-23
-109691993.5		0.5		-3.141592654		1.609242831e-23
-109691993.5		0.5		-3.141592654		6.650215472e-24

150507619		0.5		-2.379994435		1.813711928e-23
150507619		0.5		-2.379994435		1.131818242e-23
150507619		0.5		-2.379994435		8.34434183e-24

-104590040.3		0.5		-3.141592654		1.877994294e-23
-104590040.3		0.5		-3.141592654		1.543059862e-23
-104590040.3		0.5		-3.141592654		5.38682427e-24

155609572.2		0.5		-2.379994435		2.088827918e-23
155609572.2		0.5		-2.379994435		1.108061687e-23
155609572.2		0.5		-2.379994435		6.599928608e-24

-99488087.12		0.5		-3.141592654		1.948439919e-23
-99488087.12		0.5		-3.141592654		1.16341936e-23
-99488087.12		0.5		-3.141592654		8.26376958e-24

160711525.3		0.5		-2.379994435		1.662048599e-23
160711525.3		0.5		-2.379994435		1.201332157e-23
160711525.3		0.5		-2.379994435		8.070244009e-24

-94386133.93		0.5		-3.141592654		1.862793486e-23
-94386133.93		0.5		-3.141592654		1.277345243e-23
-94386133.93		0.5		-3.141592654		7.405073147e-24

165813478.5		0.5		-2.379994435		1.757058774e-23
165813478.5		0.5		-2.379994435		1.229416241e-23
165813478.5		0.5		-2.379994435		7.612528996e-24

-89284180.75		0.5		-3.141592654		1.657762059e-23
-89284180.75		0.5		-3.141592654		1.655976157e-23
-89284180.75		0.5		-3.141592654		4.964656142e-24

170915431.7		0.5		-2.379994435		1.633164137e-23
170915431.7		0.5		-2.379994435		1.248262378e-23
170915431.7		0.5		-2.379994435		8.051384021e-24

-84182227.56		0.5		-3.141592654		1.700722626e-23
-84182227.56		0.5		-3.141592654		1.652921977e-23
-84182227.56		0.5		-3.141592654		4.98711668e-24

176017384.9		0.5		-2.379994435		1.789114002e-23
176017384.9		0.5		-2.379994435		1.244603574e-23
176017384.9		0.5		-2.379994435		7.090036997e-24

-79080274.38		0.5		-3.141592654		2.031776141e-23
-79080274.38		0.5		-3.141592654		1.072712995e-23
-79080274.38		0.5		-3.141592654		7.500079619e-24

181119338.1		0.5		-2.379994435		1.872379101e-23
181119338.1		0.5		-2.379994435		1.163507344e-23
181119338.1		0.5		-2.379994435		7.296295648e-24

-73978321.19		0.5		-3.141592654		1.74120145e-23
-73978321.19		0.5		-3.141592654		1.534699747e-23
-73978321.19		0.5		-3.141592654		4.718211121e-24

186221291.3		0.5		-2.379994435		1.580052455e-23
186221291.3		0.5		-2.379994435		1.369016959e-23
186221291.3		0.5		-2.379994435		7.333273405e-24

-68876368.01		0.5		-3.141592654		1.92990885e-23
-68876368.01		0.5		-3.141592654		1.208109839e-23
-68876368.01		0.5		-3.141592654		6.117932837e-24

191323244.5		0.5		-2.379994435		1.704470229e-23
191323244.5		0.5		-2.379994435		1.205010255e-23
191323244.5		0.5		-2.379994435		7.468311203e-24

-63774414.82		0.5		-3.141592654		1.719446815e-23
-63774414.82		0.5		-3.141592654		1.639782343e-23
-63774414.82		0.5		-3.141592654		3.530998248e-24

196425197.6		0.5		-2.379994435		1.70767087e-23
196425197.6		0.5		-2.379994435		1.273586856e-23
196425197.6		0.5		-2.379994435		6.83161855e-24

-58672461.63		0.5		-3.141592654		1.74829112e-23
-58672461.63		0.5		-3.141592654		1.601460731e-23
-58672461.63		0.5		-3.141592654		3.840683906e-24

201527150.8		0.5		-2.379994435		1.635943631e-23
201527150.8		0.5		-2.379994435		1.342888965e-23
201527150.8		0.5		-2.379994435		6.308807851e-24

-53570508.45		0.5		-3.141592654		2.082812428e-23
-53570508.45		0.5		-3.141592654		1.012961711e-23
-53570508.45		0.5		-3.141592654		6.217781125e-24

206629104		0.5		-2.379994435		1.681697179e-23
206629104		0.5		-2.379994435		1.235848004e-23
206629104		0.5		-2.379994435		6.571754645e-24

-48468555.26		0.5		-3.141592654		1.901357922e-23
-48468555.26		0.5		-3.141592654		1.291734406e-23
-48468555.26		0.5		-3.141592654		4.145501195e-24

211731057.2		0.5		-2.379994435		1.756914045e-23
211731057.2		0.5		-2.379994435		1.218768944e-23
211731057.2		0.5		-2.379994435		6.63841412e-24

-43366602.08		0.5		-3.141592654		2.253387835e-23
-43366602.08		0.5		-3.141592654		7.831538656e-24
-43366602.08		0.5		-3.141592654		7.78143843e-24

216833010.4		0.5		-2.379994435		1.672599279e-23
216833010.4		0.5		-2.379994435		1.261951437e-23
216833010.4		0.5		-2.379994435		6.420516053e-24

-38264648.89		0.5		-3.141592654		1.867128717e-23
-38264648.89		0.5		-3.141592654		1.371650406e-23
-38264648.89		0.5		-3.141592654		2.96725352e-24

221934963.6		0.5		-2.379994435		1.649126711e-23
221934963.6		0.5		-2.379994435		1.268970562e-23
221934963.6		0.5		-2.379994435		5.58816231e-24

-33162695.71		0.5		-3.141592654		1.981997337e-23
-33162695.71		0.5		-3.141592654		1.168970137e-23
-33162695.71		0.5		-3.141592654		3.953497837e-24

227036916.8		0.5		-2.379994435		1.523688731e-23
227036916.8		0.5		-2.379994435		1.429341181e-23
227036916.8		0.5		-2.379994435		5.537513009e-24

-28060742.52		0.5		-3.141592654		1.914661145e-23
-28060742.52		0.5		-3.141592654		1.297399223e-23
-28060742.52		0.5		-3.141592654		2.945317772e-24

232138869.9		0.5		-2.379994435		1.842891783e-23
232138869.9		0.5		-2.379994435		1.198940551e-23
232138869.9		0.5		-2.379994435		4.445527554e-24

-22958789.34		0.5		-3.141592654		2.002818035e-23
-22958789.34		0.5		-3.141592654		1.145812767e-23
-22958789.34		0.5		-3.141592654		3.679796732e-24

237240823.1		0.5		-2.379994435		1.690776964e-23
237240823.1		0.5		-2.379994435		1.238274121e-23
237240823.1		0.5		-2.379994435		4.316948554e-24

-17856836.15		0.5		-3.141592654		1.840330476e-23
-17856836.15		0.5		-3.141592654		1.494316007e-23
-17856836.15		0.5		-3.141592654		1.78825515e-24

242342776.3		0.5		-2.379994435		1.724415572e-23
242342776.3		0.5		-2.379994435		1.24145388e-23
242342776.3		0.5		-2.379994435		3.595779276e-24

-12754882.96		0.5		-3.141592654		1.915422722e-23
-12754882.96		0.5		-3.141592654		1.316309101e-23
-12754882.96		0.5		-3.141592654		2.376477827e-24

247444729.5		0.5		-2.379994435		1.552849354e-23
247444729.5		0.5		-2.379994435		1.308331316e-23
247444729.5		0.5		-2.379994435		2.944620221e-24

-7652929.778		0.5		-3.141592654		1.838798363e-23
-7652929.778		0.5		-3.141592654		1.517046664e-23
-7652929.778		0.5		-3.141592654		1.42479803e-24

252546682.7		0.5		-2.379994435		1.608148805e-23
252546682.7		0.5		-2.379994435		1.282251177e-23
252546682.7		0.5		-2.379994435		2.221630647e-24

-2550976.593		0.5		-3.141592654		2.208719159e-23
-2550976.593		0.5		-3.141592654		8.432136401e-24
-2550976.593		0.5		-3.141592654		5.615572986e-24

-252546682.7		0.5		-2.316527916		1.630540985e-23
-252546682.7		0.5		-2.316527916		1.287929281e-23
-252546682.7		0.5		-2.316527916		1.750324859e-24

2550976.593		0.5		-3.141592654		2.208719141e-23
2550976.593		0.5		-3.141592654		8.432136401e-24
2550976.593		0.5		-3.141592654		5.615572986e-24

-247444729.5		0.5		-2.316527916		1.557032904e-23
-247444729.5		0.5		-2.316527916		1.315897087e-23
-247444729.5		0.5		-2.316527916		2.471928326e-24

7652929.778		0.5		-3.141592654		1.838798363e-23
7652929.778		0.5		-3.141592654		1.517046664e-23
7652929.778		0.5		-3.141592654		1.42479803e-24

-242342776.3		0.5		-2.316527916		1.73596844e-23
-242342776.3		0.5		-2.316527916		1.246240478e-23
-242342776.3		0.5		-2.316527916		3.134551131e-24

12754882.96		0.5		-3.141592654		1.915422723e-23
12754882.96		0.5		-3.141592654		1.316309101e-23
12754882.96		0.5		-3.141592654		2.376477827e-24

-237240823.1		0.5		-2.316527916		1.709939267e-23
-237240823.1		0.5		-2.316527916		1.240767225e-23
-237240823.1		0.5		-2.316527916		3.871208462e-24

17856836.15		0.5		-3.141592654		1.840330475e-23
17856836.15		0.5		-3.141592654		1.494316007e-23
17856836.15		0.5		-3.141592654		1.78825515e-24

-232138869.9		0.5		-2.316527916		1.858345547e-23
-232138869.9		0.5		-2.316527916		1.202081591e-23
-232138869.9		0.5		-2.316527916		3.986114814e-24

22958789.34		0.5		-3.141592654		2.002818033e-23
22958789.34		0.5		-3.141592654		1.145812767e-23
22958789.34		0.5		-3.141592654		3.679796732e-24

-227036916.8		0.5		-2.316527916		1.524962214e-23
-227036916.8		0.5		-2.316527916		1.429324712e-23
-227036916.8		0.5		-2.316527916		5.104782013e-24

28060742.52		0.5		-3.141592654		1.914661145e-23
28060742.52		0.5		-3.141592654		1.297399223e-23
28060742.52		0.5		-3.141592654		2.945317772e-24

-221934963.6		0.5		-2.316527916		1.649554406e-23
-221934963.6		0.5		-2.316527916		1.273436921e-23
-221934963.6		0.5		-2.316527916		5.144302346e-24

33162695.71		0.5		-3.141592654		1.981997333e-23
33162695.71		0.5		-3.141592654		1.168970137e-23
33162695.71		0.5		-3.141592654		3.953497837e-24

-216833010.4		0.5		-2.316527916		1.673115711e-23
-216833010.4		0.5		-2.316527916		1.264230174e-23
-216833010.4		0.5		-2.316527916		5.991287809e-24

38264648.89		0.5		-3.141592654		1.867128717e-23
38264648.89		0.5		-3.141592654		1.371650406e-23
38264648.89		0.5		-3.141592654		2.96725352e-24

-211731057.2		0.5		-2.316527916		1.782211244e-23
-211731057.2		0.5		-2.316527916		1.215330705e-23
-211731057.2		0.5		-2.316527916		6.207876622e-24

43366602.08		0.5		-3.141592654		2.253387835e-23
43366602.08		0.5		-3.141592654		7.831538656e-24
43366602.08		0.5		-3.141592654		7.78143843e-24

-206629104		0.5		-2.316527916		1.684297373e-23
-206629104		0.5		-2.316527916		1.237538469e-23
-206629104		0.5		-2.316527916		6.141857179e-24

48468555.26		0.5		-3.141592654		1.901357922e-23
48468555.26		0.5		-3.141592654		1.291734406e-23
48468555.26		0.5		-3.141592654		4.145501195e-24

-201527150.8		0.5		-2.316527916		1.641508649e-23
-201527150.8		0.5		-2.316527916		1.338662328e-23
-201527150.8		0.5		-2.316527916		5.885153086e-24

53570508.45		0.5		-3.141592654		2.082812384e-23
53570508.45		0.5		-3.141592654		1.012961711e-23
53570508.45		0.5		-3.141592654		6.217781125e-24

-196425197.6		0.5		-2.316527916		1.723451001e-23
-196425197.6		0.5		-2.316527916		1.265136303e-23
-196425197.6		0.5		-2.316527916		6.424880915e-24

58672461.63		0.5		-3.141592654		1.748291119e-23
58672461.63		0.5		-3.141592654		1.601460731e-23
58672461.63		0.5		-3.141592654		3.840683906e-24

-191323244.5		0.5		-2.316527916		1.713170518e-23
-191323244.5		0.5		-2.316527916		1.200881307e-23
-191323244.5		0.5		-2.316527916		7.065042419e-24

63774414.82		0.5		-3.141592654		1.719446812e-23
63774414.82		0.5		-3.141592654		1.639782343e-23
63774414.82		0.5		-3.141592654		3.530998248e-24

-186221291.3		0.5		-2.316527916		1.578830877e-23
-186221291.3		0.5		-2.316527916		1.364532193e-23
-186221291.3		0.5		-2.316527916		6.941817131e-24

68876368.01		0.5		-3.141592654		1.92990885e-23
68876368.01		0.5		-3.141592654		1.208109839e-23
68876368.01		0.5		-3.141592654		6.117932837e-24

-181119338.1		0.5		-2.316527916		1.872502305e-23
-181119338.1		0.5		-2.316527916		1.154220541e-23
-181119338.1		0.5		-2.316527916		6.954399469e-24

73978321.19		0.5		-3.141592654		1.741201449e-23
73978321.19		0.5		-3.141592654		1.534699747e-23
73978321.19		0.5		-3.141592654		4.718211121e-24

-176017384.9		0.5		-2.316527916		1.801247375e-23
-176017384.9		0.5		-2.316527916		1.230655905e-23
-176017384.9		0.5		-2.316527916		6.740435176e-24

79080274.38		0.5		-3.141592654		2.031776141e-23
79080274.38		0.5		-3.141592654		1.072712995e-23
79080274.38		0.5		-3.141592654		7.500079619e-24

-170915431.7		0.5		-2.316527916		1.624186168e-23
-170915431.7		0.5		-2.316527916		1.24825259e-23
-170915431.7		0.5		-2.316527916		7.678424918e-24

84182227.56		0.5		-3.141592654		1.700722626e-23
84182227.56		0.5		-3.141592654		1.652921977e-23
84182227.56		0.5		-3.141592654		4.98711668e-24

-165813478.5		0.5		-2.316527916		1.757745398e-23
-165813478.5		0.5		-2.316527916		1.213177381e-23
-165813478.5		0.5		-2.316527916		7.324989841e-24

89284180.75		0.5		-3.141592654		1.657762125e-23
89284180.75		0.5		-3.141592654		1.655976001e-23
89284180.75		0.5		-3.141592654		4.964656142e-24

-160711525.3		0.5		-2.316527916		1.65256251e-23
-160711525.3		0.5		-2.316527916		1.199173221e-23
-160711525.3		0.5		-2.316527916		7.725263723e-24

94386133.93		0.5		-3.141592654		1.862793487e-23
94386133.93		0.5		-3.141592654		1.277345243e-23
94386133.93		0.5		-3.141592654		7.405073147e-24

-155609572.2		0.5		-2.316527916		2.090968487e-23
-155609572.2		0.5		-2.316527916		1.085789058e-23
-155609572.2		0.5		-2.316527916		6.386627154e-24

99488087.12		0.5		-3.141592654		1.948439919e-23
99488087.12		0.5		-3.141592654		1.16341936e-23
99488087.12		0.5		-3.141592654		8.26376958e-24

-150507619		0.5		-2.316527916		1.824586617e-23
-150507619		0.5		-2.316527916		1.10677781e-23
-150507619		0.5		-2.316527916		8.131600927e-24

104590040.3		0.5		-3.141592654		1.877994278e-23
104590040.3		0.5		-3.141592654		1.543059862e-23
104590040.3		0.5		-3.141592654		5.38682427e-24

-145405665.8		0.5		-2.316527916		1.608702493e-23
-145405665.8		0.5		-2.316527916		1.242762052e-23
-145405665.8		0.5		-2.316527916		8.080782556e-24

109691993.5		0.5		-3.141592654		1.642679071e-23
109691993.5		0.5		-3.141592654		1.609242831e-23
109691993.5		0.5		-3.141592654		6.650215472e-24

-140303712.6		0.5		-2.316527916		1.685424861e-23
-140303712.6		0.5		-2.316527916		1.162774219e-23
-140303712.6		0.5		-2.316527916		7.934421255e-24

114793946.7		0.5		-3.141592654		1.686405547e-23
114793946.7		0.5		-3.141592654		1.563409845e-23
114793946.7		0.5		-3.141592654		7.464817143e-24

-135201759.4		0.5		-2.316527916		1.518416236e-23
-135201759.4		0.5		-2.316527916		1.300499547e-23
-135201759.4		0.5		-2.316527916		8.061096005e-24

119895899.9		0.5		-3.141592654		1.668039572e-23
119895899.9		0.5		-3.141592654		1.576524448e-23
119895899.9		0.5		-3.141592654		7.1794663e-24

-130099806.2		0.5		-2.316527916		1.577395368e-23
-130099806.2		0.5		-2.316527916		1.070276817e-23
-130099806.2		0.5		-2.316527916		9.320198677e-24

124997853		0.5		-3.141592654		1.815484631e-23
124997853		0.5		-3.141592654		1.488120143e-23
124997853		0.5		-3.141592654		7.260356881e-24

-124997853		0.5		-2.316527916		1.917513879e-23
-124997853		0.5		-2.316527916		1.155370029e-23
-124997853		0.5		-2.316527916		6.557720596e-24

130099806.2		0.5		-3.141592654		1.889419339e-23
130099806.2		0.5		-3.141592654		1.201438333e-23
130099806.2		0.5		-3.141592654		9.972326437e-24

-119895899.9		0.5		-2.316527916		1.688184004e-23
-119895899.9		0.5		-2.316527916		1.198018097e-23
-119895899.9		0.5		-2.316527916		6.971630797e-24

135201759.4		0.5		-3.141592654		1.665226083e-23
135201759.4		0.5		-3.141592654		1.481126088e-23
135201759.4		0.5		-3.141592654		9.23408259e-24

-114793946.7		0.5		-2.316527916		1.824179499e-23
-114793946.7		0.5		-2.316527916		1.15639073e-23
-114793946.7		0.5		-2.316527916		7.126007974e-24

140303712.6		0.5		-3.141592654		1.628300069e-23
140303712.6		0.5		-3.141592654		1.457839235e-23
140303712.6		0.5		-3.141592654		9.01934769e-24

-109691993.5		0.5		-2.316527916		1.683260609e-23
-109691993.5		0.5		-2.316527916		1.281422166e-23
-109691993.5		0.5		-2.316527916		5.825448244e-24

145405665.8		0.5		-3.141592654		1.64633621e-23
145405665.8		0.5		-3.141592654		1.508857242e-23
145405665.8		0.5		-3.141592654		9.338236048e-24

-104590040.3		0.5		-2.316527916		1.910920915e-23
-104590040.3		0.5		-2.316527916		1.218975869e-23
-104590040.3		0.5		-2.316527916		4.937130319e-24

150507619		0.5		-3.141592654		1.61800749e-23
150507619		0.5		-3.141592654		1.461827016e-23
150507619		0.5		-3.141592654		9.379830387e-24

-99488087.12		0.5		-2.316527916		1.571553268e-23
-99488087.12		0.5		-2.316527916		1.080843335e-23
-99488087.12		0.5		-2.316527916		7.965810238e-24

155609572.2		0.5		-3.141592654		2.0697077e-23
155609572.2		0.5		-3.141592654		1.326666702e-23
155609572.2		0.5		-3.141592654		7.675366728e-24

-94386133.93		0.5		-2.316527916		1.505708436e-23
-94386133.93		0.5		-2.316527916		1.253684807e-23
-94386133.93		0.5		-2.316527916		6.701068707e-24

160711525.3		0.5		-3.141592654		1.837364594e-23
160711525.3		0.5		-3.141592654		1.203084854e-23
160711525.3		0.5		-3.141592654		1.050682883e-23

-89284180.75		0.5		-2.316527916		1.667076476e-23
-89284180.75		0.5		-2.316527916		1.315673979e-23
-89284180.75		0.5		-2.316527916		4.609855786e-24

165813478.5		0.5		-3.141592654		1.754681653e-23
165813478.5		0.5		-3.141592654		1.399802816e-23
165813478.5		0.5		-3.141592654		9.471692356e-24

-84182227.56		0.5		-2.316527916		1.762428886e-23
-84182227.56		0.5		-2.316527916		1.294112222e-23
-84182227.56		0.5		-2.316527916		4.612787358e-24

170915431.7		0.5		-3.141592654		1.86465255e-23
170915431.7		0.5		-3.141592654		1.169314646e-23
170915431.7		0.5		-3.141592654		1.139822897e-23

-79080274.38		0.5		-2.316527916		1.582876384e-23
-79080274.38		0.5		-2.316527916		1.037619206e-23
-79080274.38		0.5		-2.316527916		7.232644834e-24

176017384.9		0.5		-3.141592654		1.619074923e-23
176017384.9		0.5		-3.141592654		1.377155788e-23
176017384.9		0.5		-3.141592654		9.82061058e-24

-73978321.19		0.5		-2.316527916		1.595866404e-23
-73978321.19		0.5		-2.316527916		1.329455036e-23
-73978321.19		0.5		-2.316527916		4.644941004e-24

181119338.1		0.5		-3.141592654		1.870571066e-23
181119338.1		0.5		-3.141592654		1.291292105e-23
181119338.1		0.5		-3.141592654		9.495488349e-24

-68876368.01		0.5		-2.316527916		1.495935319e-23
-68876368.01		0.5		-2.316527916		1.204138413e-23
-68876368.01		0.5		-2.316527916		5.994854738e-24

186221291.3		0.5		-3.141592654		1.687604316e-23
186221291.3		0.5		-3.141592654		1.278180207e-23
186221291.3		0.5		-3.141592654		1.104588358e-23

-63774414.82		0.5		-2.316527916		1.671712819e-23
-63774414.82		0.5		-2.316527916		1.364837881e-23
-63774414.82		0.5		-2.316527916		3.341139682e-24

191323244.5		0.5		-3.141592654		1.532882118e-23
191323244.5		0.5		-3.141592654		1.330775828e-23
191323244.5		0.5		-3.141592654		1.036496727e-23

-58672461.63		0.5		-2.316527916		1.66495595e-23
-58672461.63		0.5		-2.316527916		1.363196553e-23
-58672461.63		0.5		-2.316527916		3.68369508e-24

196425197.6		0.5		-3.141592654		1.457334366e-23
196425197.6		0.5		-3.141592654		1.371567294e-23
196425197.6		0.5		-3.141592654		1.046917872e-23

-53570508.45		0.5		-2.316527916		1.606308392e-23
-53570508.45		0.5		-2.316527916		9.998379726e-24
-53570508.45		0.5		-2.316527916		6.09156369e-24

201527150.8		0.5		-3.141592654		1.609754747e-23
201527150.8		0.5		-3.141592654		1.251949447e-23
201527150.8		0.5		-3.141592654		1.041960613e-23

-48468555.26		0.5		-2.316527916		1.532640902e-23
-48468555.26		0.5		-2.316527916		1.273881811e-23
-48468555.26		0.5		-2.316527916		4.068515852e-24

206629104		0.5		-3.141592654		1.623992725e-23
206629104		0.5		-3.141592654		1.190386003e-23
206629104		0.5		-3.141592654		1.042320126e-23

-43366602.08		0.5		-2.316527916		1.624244077e-23
-43366602.08		0.5		-2.316527916		7.880479671e-24
-43366602.08		0.5		-2.316527916		7.654456601e-24

211731057.2		0.5		-3.141592654		1.4208524e-23
211731057.2		0.5		-3.141592654		1.201962632e-23
211731057.2		0.5		-3.141592654		1.144502664e-23

-38264648.89		0.5		-2.316527916		1.497269361e-23
-38264648.89		0.5		-2.316527916		1.38273556e-23
-38264648.89		0.5		-2.316527916		2.79588376e-24

216833010.4		0.5		-3.141592654		1.580933147e-23
216833010.4		0.5		-3.141592654		1.179786595e-23
216833010.4		0.5		-3.141592654		1.094143191e-23

-33162695.71		0.5		-2.316527916		1.565991201e-23
-33162695.71		0.5		-2.316527916		1.177420579e-23
-33162695.71		0.5		-2.316527916		3.799325284e-24

221934963.6		0.5		-3.141592654		1.629877015e-23
221934963.6		0.5		-3.141592654		1.093735488e-23
221934963.6		0.5		-3.141592654		1.051112363e-23

-28060742.52		0.5		-2.316527916		1.534663427e-23
-28060742.52		0.5		-2.316527916		1.304911684e-23
-28060742.52		0.5		-2.316527916		2.823163592e-24

227036916.8		0.5		-3.141592654		1.562745389e-23
227036916.8		0.5		-3.141592654		1.170448098e-23
227036916.8		0.5		-3.141592654		1.099972923e-23

-22958789.34		0.5		-2.316527916		1.585410264e-23
-22958789.34		0.5		-2.316527916		1.151323346e-23
-22958789.34		0.5		-2.316527916		3.587015025e-24

232138869.9		0.5		-3.141592654		1.640794389e-23
232138869.9		0.5		-3.141592654		1.00851164e-23
232138869.9		0.5		-3.141592654		9.666471565e-24

-17856836.15		0.5		-2.316527916		1.534519478e-23
-17856836.15		0.5		-2.316527916		1.469709759e-23
-17856836.15		0.5		-2.316527916		1.585908273e-24

237240823.1		0.5		-3.141592654		1.473698878e-23
237240823.1		0.5		-3.141592654		1.033191496e-23
237240823.1		0.5		-3.141592654		9.782398924e-24

-12754882.96		0.5		-2.316527916		1.539524526e-23
-12754882.96		0.5		-2.316527916		1.3283978e-23
-12754882.96		0.5		-2.316527916		2.219045755e-24

242342776.3		0.5		-3.141592654		1.540104831e-23
242342776.3		0.5		-3.141592654		9.871332976e-24
242342776.3		0.5		-3.141592654		9.225125289e-24

-7652929.778		0.5		-2.316527916		1.546191451e-23
-7652929.778		0.5		-2.316527916		1.48351828e-23
-7652929.778		0.5		-2.316527916		1.21567138e-24

247444729.5		0.5		-3.141592654		1.516987477e-23
247444729.5		0.5		-3.141592654		9.821570745e-24
247444729.5		0.5		-3.141592654		8.719320781e-24

-2550976.593		0.5		-2.316527916		1.66579136e-23
-2550976.593		0.5		-2.316527916		8.463806333e-24
-2550976.593		0.5		-2.316527916		5.580620027e-24

252546682.7		0.5		-3.141592654		1.445963331e-23
252546682.7		0.5		-3.141592654		9.529934671e-24
252546682.7		0.5		-3.141592654		8.06681251e-24

2550976.593		0.5		-2.316527916		1.66579136e-23
2550976.593		0.5		-2.316527916		8.463806333e-24
2550976.593		0.5		-2.316527916		5.580620027e-24

-252546682.7		0.5		-3.078126135		1.44900226e-23
-252546682.7		0.5		-3.078126135		9.957432039e-24
-252546682.7		0.5		-3.078126135		7.58769549e-24

7652929.778		0.5		-2.316527916		1.546191451e-23
7652929.778		0.5		-2.316527916		1.48351828e-23
7652929.778		0.5		-2.316527916		1.21567138e-24

-247444729.5		0.5		-3.078126135		1.517230978e-23
-247444729.5		0.5		-3.078126135		1.023070402e-23
-247444729.5		0.5		-3.078126135		8.255036517e-24

12754882.96		0.5		-2.316527916		1.539524526e-23
12754882.96		0.5		-2.316527916		1.3283978e-23
12754882.96		0.5		-2.316527916		2.219045755e-24

-242342776.3		0.5		-3.078126135		1.546189389e-23
-242342776.3		0.5		-3.078126135		1.023827918e-23
-242342776.3		0.5		-3.078126135		8.77902587e-24

17856836.15		0.5		-2.316527916		1.534519478e-23
17856836.15		0.5		-2.316527916		1.469709759e-23
17856836.15		0.5		-2.316527916		1.585908273e-24

-237240823.1		0.5		-3.078126135		1.481753887e-23
-237240823.1		0.5		-3.078126135		1.061041358e-23
-237240823.1		0.5		-3.078126135		9.404606095e-24

22958789.34		0.5		-2.316527916		1.585410264e-23
22958789.34		0.5		-2.316527916		1.151323346e-23
22958789.34		0.5		-2.316527916		3.587015025e-24

-232138869.9		0.5		-3.078126135		1.646447533e-23
-232138869.9		0.5		-3.078126135		1.034160489e-23
-232138869.9		0.5		-3.078126135		9.330590918e-24

28060742.52		0.5		-2.316527916		1.534663427e-23
28060742.52		0.5		-2.316527916		1.304911684e-23
28060742.52		0.5		-2.316527916		2.823163592e-24

-227036916.8		0.5		-3.078126135		1.57070208e-23
-227036916.8		0.5		-3.078126135		1.209611636e-23
-227036916.8		0.5		-3.078126135		1.056100775e-23

33162695.71		0.5		-2.316527916		1.565991201e-23
33162695.71		0.5		-2.316527916		1.177420579e-23
33162695.71		0.5		-2.316527916		3.799325284e-24

-221934963.6		0.5		-3.078126135		1.632952781e-23
-221934963.6		0.5		-3.078126135		1.097769962e-23
-221934963.6		0.5		-3.078126135		1.03821896e-23

38264648.89		0.5		-2.316527916		1.497269361e-23
38264648.89		0.5		-2.316527916		1.38273556e-23
38264648.89		0.5		-2.316527916		2.79588376e-24

-216833010.4		0.5		-3.078126135		1.595775412e-23
-216833010.4		0.5		-3.078126135		1.148301835e-23
-216833010.4		0.5		-3.078126135		1.110451208e-23

43366602.08		0.5		-2.316527916		1.624244077e-23
43366602.08		0.5		-2.316527916		7.880479671e-24
43366602.08		0.5		-2.316527916		7.654456601e-24

-211731057.2		0.5		-3.078126135		1.433189485e-23
-211731057.2		0.5		-3.078126135		1.209740513e-23
-211731057.2		0.5		-3.078126135		1.122623913e-23

48468555.26		0.5		-2.316527916		1.532640902e-23
48468555.26		0.5		-2.316527916		1.273881811e-23
48468555.26		0.5		-2.316527916		4.068515852e-24

-206629104		0.5		-3.078126135		1.628460804e-23
-206629104		0.5		-3.078126135		1.177194797e-23
-206629104		0.5		-3.078126135		1.046277859e-23

53570508.45		0.5		-2.316527916		1.606308392e-23
53570508.45		0.5		-2.316527916		9.998379726e-24
53570508.45		0.5		-2.316527916		6.09156369e-24

-201527150.8		0.5		-3.078126135		1.602708359e-23
-201527150.8		0.5		-3.078126135		1.27408572e-23
-201527150.8		0.5		-3.078126135		1.021476856e-23

58672461.63		0.5		-2.316527916		1.66495595e-23
58672461.63		0.5		-2.316527916		1.363196553e-23
58672461.63		0.5		-2.316527916		3.68369508e-24

-196425197.6		0.5		-3.078126135		1.434139416e-23
-196425197.6		0.5		-3.078126135		1.406106471e-23
-196425197.6		0.5		-3.078126135		1.032621961e-23

63774414.82		0.5		-2.316527916		1.671712819e-23
63774414.82		0.5		-2.316527916		1.364837881e-23
63774414.82		0.5		-2.316527916		3.341139682e-24

-191323244.5		0.5		-3.078126135		1.543820112e-23
-191323244.5		0.5		-3.078126135		1.314749243e-23
-191323244.5		0.5		-3.078126135		1.038281488e-23

68876368.01		0.5		-2.316527916		1.495935319e-23
68876368.01		0.5		-2.316527916		1.204138413e-23
68876368.01		0.5		-2.316527916		5.994854738e-24

-186221291.3		0.5		-3.078126135		1.676596482e-23
-186221291.3		0.5		-3.078126135		1.299946553e-23
-186221291.3		0.5		-3.078126135		1.084734189e-23

73978321.19		0.5		-2.316527916		1.595866404e-23
73978321.19		0.5		-2.316527916		1.329455036e-23
73978321.19		0.5		-2.316527916		4.644941004e-24

-181119338.1		0.5		-3.078126135		1.870733061e-23
-181119338.1		0.5		-3.078126135		1.287720394e-23
-181119338.1		0.5		-3.078126135		9.477955019e-24

79080274.38		0.5		-2.316527916		1.582876384e-23
79080274.38		0.5		-2.316527916		1.037619206e-23
79080274.38		0.5		-2.316527916		7.232644834e-24

-176017384.9		0.5		-3.078126135		1.614307597e-23
-176017384.9		0.5		-3.078126135		1.391101821e-23
-176017384.9		0.5		-3.078126135		9.70431144e-24

84182227.56		0.5		-2.316527916		1.762428886e-23
84182227.56		0.5		-2.316527916		1.294112222e-23
84182227.56		0.5		-2.316527916		4.612787358e-24

-170915431.7		0.5		-3.078126135		1.839141686e-23
-170915431.7		0.5		-3.078126135		1.181936604e-23
-170915431.7		0.5		-3.078126135		1.124676385e-23

89284180.75		0.5		-2.316527916		1.667076476e-23
89284180.75		0.5		-2.316527916		1.315673979e-23
89284180.75		0.5		-2.316527916		4.609855786e-24

-165813478.5		0.5		-3.078126135		1.752905835e-23
-165813478.5		0.5		-3.078126135		1.401632845e-23
-165813478.5		0.5		-3.078126135		9.426299218e-24

94386133.93		0.5		-2.316527916		1.505708436e-23
94386133.93		0.5		-2.316527916		1.253684807e-23
94386133.93		0.5		-2.316527916		6.701068707e-24

-160711525.3		0.5		-3.078126135		1.83085915e-23
-160711525.3		0.5		-3.078126135		1.203559518e-23
-160711525.3		0.5		-3.078126135		1.047850055e-23

99488087.12		0.5		-2.316527916		1.571553268e-23
99488087.12		0.5		-2.316527916		1.080843335e-23
99488087.12		0.5		-2.316527916		7.965810238e-24

-155609572.2		0.5		-3.078126135		2.069315066e-23
-155609572.2		0.5		-3.078126135		1.323035796e-23
-155609572.2		0.5		-3.078126135		7.672323732e-24

104590040.3		0.5		-2.316527916		1.910920915e-23
104590040.3		0.5		-2.316527916		1.218975869e-23
104590040.3		0.5		-2.316527916		4.937130319e-24

-150507619		0.5		-3.078126135		1.622821605e-23
-150507619		0.5		-3.078126135		1.457062768e-23
-150507619		0.5		-3.078126135		9.356714008e-24

109691993.5		0.5		-2.316527916		1.683260609e-23
109691993.5		0.5		-2.316527916		1.281422166e-23
109691993.5		0.5		-2.316527916		5.825448244e-24

-145405665.8		0.5		-3.078126135		1.641895364e-23
-145405665.8		0.5		-3.078126135		1.510177705e-23
-145405665.8		0.5		-3.078126135		9.317469111e-24

114793946.7		0.5		-2.316527916		1.824179499e-23
114793946.7		0.5		-2.316527916		1.15639073e-23
114793946.7		0.5		-2.316527916		7.126007974e-24

-140303712.6		0.5		-3.078126135		1.629439643e-23
-140303712.6		0.5		-3.078126135		1.454230598e-23
-140303712.6		0.5		-3.078126135		9.01014247e-24

119895899.9		0.5		-2.316527916		1.688184004e-23
119895899.9		0.5		-2.316527916		1.198018097e-23
119895899.9		0.5		-2.316527916		6.971630797e-24

-135201759.4		0.5		-3.078126135		1.657738717e-23
-135201759.4		0.5		-3.078126135		1.486447285e-23
-135201759.4		0.5		-3.078126135		9.203266631e-24

124997853		0.5		-2.316527916		1.917513879e-23
124997853		0.5		-2.316527916		1.155370029e-23
124997853		0.5		-2.316527916		6.557720596e-24

-130099806.2		0.5		-3.078126135		1.879887801e-23
-130099806.2		0.5		-3.078126135		1.1952806e-23
-130099806.2		0.5		-3.078126135		1.00179169e-23

130099806.2		0.5		-2.316527916		1.577395368e-23
130099806.2		0.5		-2.316527916		1.070276817e-23
130099806.2		0.5		-2.316527916		9.320198677e-24

-124997853		0.5		-3.078126135		1.81753411e-23
-124997853		0.5		-3.078126135		1.485577053e-23
-124997853		0.5		-3.078126135		7.24565644e-24

135201759.4		0.5		-2.316527916		1.518416236e-23
135201759.4		0.5		-2.316527916		1.300499547e-23
135201759.4		0.5		-2.316527916		8.061096005e-24

-119895899.9		0.5		-3.078126135		1.671762953e-23
-119895899.9		0.5		-3.078126135		1.566626394e-23
-119895899.9		0.5		-3.078126135		7.196679932e-24

140303712.6		0.5		-2.316527916		1.685424861e-23
140303712.6		0.5		-2.316527916		1.162774219e-23
140303712.6		0.5		-2.316527916		7.934421255e-24

-114793946.7		0.5		-3.078126135		1.690993419e-23
-114793946.7		0.5		-3.078126135		1.556979003e-23
-114793946.7		0.5		-3.078126135		7.459377918e-24

145405665.8		0.5		-2.316527916		1.608702493e-23
145405665.8		0.5		-2.316527916		1.242762052e-23
145405665.8		0.5		-2.316527916		8.080782556e-24

-109691993.5		0.5		-3.078126135		1.635344955e-23
-109691993.5		0.5		-3.078126135		1.616805029e-23
-109691993.5		0.5		-3.078126135		6.62255473e-24

150507619		0.5		-2.316527916		1.824586617e-23
150507619		0.5		-2.316527916		1.10677781e-23
150507619		0.5		-2.316527916		8.131600927e-24

-104590040.3		0.5		-3.078126135		1.87836411e-23
-104590040.3		0.5		-3.078126135		1.540013279e-23
-104590040.3		0.5		-3.078126135		5.384612024e-24

155609572.2		0.5		-2.316527916		2.090968483e-23
155609572.2		0.5		-2.316527916		1.085789058e-23
155609572.2		0.5		-2.316527916		6.386627154e-24

-99488087.12		0.5		-3.078126135		1.941234333e-23
-99488087.12		0.5		-3.078126135		1.161915259e-23
-99488087.12		0.5		-3.078126135		8.273764572e-24

160711525.3		0.5		-2.316527916		1.65256251e-23
160711525.3		0.5		-2.316527916		1.199173221e-23
160711525.3		0.5		-2.316527916		7.725263723e-24

-94386133.93		0.5		-3.078126135		1.859131691e-23
-94386133.93		0.5		-3.078126135		1.279323874e-23
-94386133.93		0.5		-3.078126135		7.378193058e-24

165813478.5		0.5		-2.316527916		1.757745398e-23
165813478.5		0.5		-2.316527916		1.213177381e-23
165813478.5		0.5		-2.316527916		7.324989841e-24

-89284180.75		0.5		-3.078126135		1.657660698e-23
-89284180.75		0.5		-3.078126135		1.653100289e-23
-89284180.75		0.5		-3.078126135		4.96210155e-24

170915431.7		0.5		-2.316527916		1.624186168e-23
170915431.7		0.5		-2.316527916		1.24825259e-23
170915431.7		0.5		-2.316527916		7.678424918e-24

-84182227.56		0.5		-3.078126135		1.704908539e-23
-84182227.56		0.5		-3.078126135		1.647210247e-23
-84182227.56		0.5		-3.078126135		4.979033592e-24

176017384.9		0.5		-2.316527916		1.801247376e-23
176017384.9		0.5		-2.316527916		1.230655905e-23
176017384.9		0.5		-2.316527916		6.740435176e-24

-79080274.38		0.5		-3.078126135		2.023788329e-23
-79080274.38		0.5		-3.078126135		1.07239696e-23
-79080274.38		0.5		-3.078126135		7.50031281e-24

181119338.1		0.5		-2.316527916		1.872502305e-23
181119338.1		0.5		-2.316527916		1.154220541e-23
181119338.1		0.5		-2.316527916		6.954399469e-24

-73978321.19		0.5		-3.078126135		1.737425585e-23
-73978321.19		0.5		-3.078126135		1.533832925e-23
-73978321.19		0.5		-3.078126135		4.72866474e-24

186221291.3		0.5		-2.316527916		1.578830877e-23
186221291.3		0.5		-2.316527916		1.364532193e-23
186221291.3		0.5		-2.316527916		6.941817131e-24

-68876368.01		0.5		-3.078126135		1.924442106e-23
-68876368.01		0.5		-3.078126135		1.207937557e-23
-68876368.01		0.5		-3.078126135		6.119596274e-24

191323244.5		0.5		-2.316527916		1.713170518e-23
191323244.5		0.5		-2.316527916		1.200881307e-23
191323244.5		0.5		-2.316527916		7.065042419e-24

-63774414.82		0.5		-3.078126135		1.715938245e-23
-63774414.82		0.5		-3.078126135		1.639915894e-23
-63774414.82		0.5		-3.078126135		3.533955116e-24

196425197.6		0.5		-2.316527916		1.723451001e-23
196425197.6		0.5		-2.316527916		1.265136303e-23
196425197.6		0.5		-2.316527916		6.424880915e-24

-58672461.63		0.5		-3.078126135		1.745582137e-23
-58672461.63		0.5		-3.078126135		1.601049645e-23
-58672461.63		0.5		-3.078126135		3.841905437e-24

201527150.8		0.5		-2.316527916		1.641508649e-23
201527150.8		0.5		-2.316527916		1.338662328e-23
201527150.8		0.5		-2.316527916		5.885153086e-24

-53570508.45		0.5		-3.078126135		2.075217189e-23
-53570508.45		0.5		-3.078126135		1.012775036e-23
-53570508.45		0.5		-3.078126135		6.218871089e-24

206629104		0.5		-2.316527916		1.684297373e-23
206629104		0.5		-2.316527916		1.237538469e-23
206629104		0.5		-2.316527916		6.141857179e-24

-48468555.26		0.5		-3.078126135		1.897050895e-23
-48468555.26		0.5		-3.078126135		1.291449183e-23
-48468555.26		0.5		-3.078126135		4.151556508e-24

211731057.2		0.5		-2.316527916		1.782211241e-23
211731057.2		0.5		-2.316527916		1.215330705e-23
211731057.2		0.5		-2.316527916		6.207876622e-24

-43366602.08		0.5		-3.078126135		2.205341667e-23
-43366602.08		0.5		-3.078126135		7.83597363e-24
-43366602.08		0.5		-3.078126135		7.776531898e-24

216833010.4		0.5		-2.316527916		1.673115712e-23
216833010.4		0.5		-2.316527916		1.264230174e-23
216833010.4		0.5		-2.316527916		5.991287809e-24

-38264648.89		0.5		-3.078126135		1.863705673e-23
-38264648.89		0.5		-3.078126135		1.371703253e-23
-38264648.89		0.5		-3.078126135		2.967174888e-24

221934963.6		0.5		-2.316527916		1.649554405e-23
221934963.6		0.5		-2.316527916		1.273436921e-23
221934963.6		0.5		-2.316527916		5.144302346e-24

-33162695.71		0.5		-3.078126135		1.977797513e-23
-33162695.71		0.5		-3.078126135		1.16908963e-23
-33162695.71		0.5		-3.078126135		3.950809195e-24

227036916.8		0.5		-2.316527916		1.524962214e-23
227036916.8		0.5		-2.316527916		1.429324712e-23
227036916.8		0.5		-2.316527916		5.104782013e-24

-28060742.52		0.5		-3.078126135		1.910876304e-23
-28060742.52		0.5		-3.078126135		1.297399338e-23
-28060742.52		0.5		-3.078126135		2.947126275e-24

232138869.9		0.5		-2.316527916		1.858343629e-23
232138869.9		0.5		-2.316527916		1.202081591e-23
232138869.9		0.5		-2.316527916		3.986114814e-24

-22958789.34		0.5		-3.078126135		1.998242701e-23
-22958789.34		0.5		-3.078126135		1.145784717e-23
-22958789.34		0.5		-3.078126135		3.681132021e-24

237240823.1		0.5		-2.316527916		1.709939711e-23
237240823.1		0.5		-2.316527916		1.240767225e-23
237240823.1		0.5		-2.316527916		3.871208462e-24

-17856836.15		0.5		-3.078126135		1.837428756e-23
-17856836.15		0.5		-3.078126135		1.494429926e-23
-17856836.15		0.5		-3.078126135		1.786502551e-24

242342776.3		0.5		-2.316527916		1.735969619e-23
242342776.3		0.5		-2.316527916		1.246240478e-23
242342776.3		0.5		-2.316527916		3.134551131e-24

-12754882.96		0.5		-3.078126135		1.911941703e-23
-12754882.96		0.5		-3.078126135		1.31638234e-23
-12754882.96		0.5		-3.078126135		2.376009891e-24

247444729.5		0.5		-2.316527916		1.557033004e-23
247444729.5		0.5		-2.316527916		1.315897087e-23
247444729.5		0.5		-2.316527916		2.471928326e-24

-7652929.778		0.5		-3.078126135		1.835834048e-23
-7652929.778		0.5		-3.078126135		1.517196047e-23
-7652929.778		0.5		-3.078126135		1.423588813e-24

252546682.7		0.5		-2.316527916		1.630540985e-23
252546682.7		0.5		-2.316527916		1.287929281e-23
252546682.7		0.5		-2.316527916		1.750324859e-24

-2550976.593		0.5		-3.078126135		2.197480106e-23
-2550976.593		0.5		-3.078126135		8.432322858e-24
-2550976.593		0.5		-3.078126135		5.615371693e-24

-252546682.7		0.5		-2.253061398		1.651234967e-23
-252546682.7		0.5		-2.253061398		1.291613279e-23
-252546682.7		0.5		-2.253061398		1.2857861e-24

2550976.593		0.5		-3.078126135		2.197480016e-23
2550976.593		0.5		-3.078126135		8.432322858e-24
2550976.593		0.5		-3.078126135		5.615371693e-24

-247444729.5		0.5		-2.253061398		1.560988671e-23
-247444729.5		0.5		-2.253061398		1.321235625e-23
-247444729.5		0.5		-2.253061398		2.003860362e-24

7652929.778		0.5		-3.078126135		1.835834048e-23
7652929.778		0.5		-3.078126135		1.517196047e-23
7652929.778		0.5		-3.078126135		1.423588813e-24

-242342776.3		0.5		-2.253061398		1.744768224e-23
-242342776.3		0.5		-2.253061398		1.249523243e-23
-242342776.3		0.5		-2.253061398		2.680863602e-24

12754882.96		0.5		-3.078126135		1.911941703e-23
12754882.96		0.5		-3.078126135		1.31638234e-23
12754882.96		0.5		-3.078126135		2.376009891e-24

-237240823.1		0.5		-2.253061398		1.727398325e-23
-237240823.1		0.5		-2.253061398		1.242049434e-23
-237240823.1		0.5		-2.253061398		3.436626987e-24

17856836.15		0.5		-3.078126135		1.837428756e-23
17856836.15		0.5		-3.078126135		1.494429926e-23
17856836.15		0.5		-3.078126135		1.786502551e-24

-232138869.9		0.5		-2.253061398		1.871453182e-23
-232138869.9		0.5		-2.253061398		1.204011492e-23
-232138869.9		0.5		-2.253061398		3.529832115e-24

22958789.34		0.5		-3.078126135		1.998242701e-23
22958789.34		0.5		-3.078126135		1.145784717e-23
22958789.34		0.5		-3.078126135		3.681132021e-24

-227036916.8		0.5		-2.253061398		1.527002006e-23
-227036916.8		0.5		-2.253061398		1.427326262e-23
-227036916.8		0.5		-2.253061398		4.68366694e-24

28060742.52		0.5		-3.078126135		1.910876305e-23
28060742.52		0.5		-3.078126135		1.297399338e-23
28060742.52		0.5		-3.078126135		2.947126275e-24

-221934963.6		0.5		-2.253061398		1.649948063e-23
-221934963.6		0.5		-2.253061398		1.276627041e-23
-221934963.6		0.5		-2.253061398		4.706369953e-24

33162695.71		0.5		-3.078126135		1.977797516e-23
33162695.71		0.5		-3.078126135		1.16908963e-23
33162695.71		0.5		-3.078126135		3.950809195e-24

-216833010.4		0.5		-2.253061398		1.67342928e-23
-216833010.4		0.5		-2.253061398		1.26549353e-23
-216833010.4		0.5		-2.253061398		5.571948186e-24

38264648.89		0.5		-3.078126135		1.863705673e-23
38264648.89		0.5		-3.078126135		1.371703253e-23
38264648.89		0.5		-3.078126135		2.967174888e-24

-211731057.2		0.5		-2.253061398		1.805800978e-23
-211731057.2		0.5		-2.253061398		1.211500596e-23
-211731057.2		0.5		-2.253061398		5.785257956e-24

43366602.08		0.5		-3.078126135		2.205342064e-23
43366602.08		0.5		-3.078126135		7.83597363e-24
43366602.08		0.5		-3.078126135		7.776531898e-24

-206629104		0.5		-2.253061398		1.686575906e-23
-206629104		0.5		-2.253061398		1.238375588e-23
-206629104		0.5		-2.253061398		5.714591705e-24

48468555.26		0.5		-3.078126135		1.897050896e-23
48468555.26		0.5		-3.078126135		1.291449183e-23
48468555.26		0.5		-3.078126135		4.151556508e-24

-201527150.8		0.5		-2.253061398		1.646643838e-23
-201527150.8		0.5		-2.253061398		1.333863064e-23
-201527150.8		0.5		-2.253061398		5.458673377e-24

53570508.45		0.5		-3.078126135		2.075217185e-23
53570508.45		0.5		-3.078126135		1.012775036e-23
53570508.45		0.5		-3.078126135		6.218871089e-24

-196425197.6		0.5		-2.253061398		1.737502615e-23
-196425197.6		0.5		-2.253061398		1.256989167e-23
-196425197.6		0.5		-2.253061398		6.015788516e-24

58672461.63		0.5		-3.078126135		1.745582137e-23
58672461.63		0.5		-3.078126135		1.601049645e-23
58672461.63		0.5		-3.078126135		3.841905437e-24

-191323244.5		0.5		-2.253061398		1.720879807e-23
-191323244.5		0.5		-2.253061398		1.196739543e-23
-191323244.5		0.5		-2.253061398		6.660029529e-24

63774414.82		0.5		-3.078126135		1.715938245e-23
63774414.82		0.5		-3.078126135		1.639915894e-23
63774414.82		0.5		-3.078126135		3.533955116e-24

-186221291.3		0.5		-2.253061398		1.578261661e-23
-186221291.3		0.5		-2.253061398		1.359274759e-23
-186221291.3		0.5		-2.253061398		6.547318057e-24

68876368.01		0.5		-3.078126135		1.924442106e-23
68876368.01		0.5		-3.078126135		1.207937557e-23
68876368.01		0.5		-3.078126135		6.119596274e-24

-181119338.1		0.5		-2.253061398		1.872628282e-23
-181119338.1		0.5		-2.253061398		1.145407123e-23
-181119338.1		0.5		-2.253061398		6.602295091e-24

73978321.19		0.5		-3.078126135		1.737425585e-23
73978321.19		0.5		-3.078126135		1.533832925e-23
73978321.19		0.5		-3.078126135		4.72866474e-24

-176017384.9		0.5		-2.253061398		1.81203714e-23
-176017384.9		0.5		-2.253061398		1.21749183e-23
-176017384.9		0.5		-2.253061398		6.379701368e-24

79080274.38		0.5		-3.078126135		2.023788329e-23
79080274.38		0.5		-3.078126135		1.07239696e-23
79080274.38		0.5		-3.078126135		7.50031281e-24

-170915431.7		0.5		-2.253061398		1.616295091e-23
-170915431.7		0.5		-2.253061398		1.24756058e-23
-170915431.7		0.5		-2.253061398		7.300121292e-24

84182227.56		0.5		-3.078126135		1.704908538e-23
84182227.56		0.5		-3.078126135		1.647210247e-23
84182227.56		0.5		-3.078126135		4.979033592e-24

-165813478.5		0.5		-2.253061398		1.758383571e-23
-165813478.5		0.5		-2.253061398		1.197944863e-23
-165813478.5		0.5		-2.253061398		7.022877001e-24

89284180.75		0.5		-3.078126135		1.657660659e-23
89284180.75		0.5		-3.078126135		1.653100285e-23
89284180.75		0.5		-3.078126135		4.96210155e-24

-160711525.3		0.5		-2.253061398		1.644128006e-23
-160711525.3		0.5		-2.253061398		1.196681031e-23
-160711525.3		0.5		-2.253061398		7.369932143e-24

94386133.93		0.5		-3.078126135		1.859131688e-23
94386133.93		0.5		-3.078126135		1.279323874e-23
94386133.93		0.5		-3.078126135		7.378193058e-24

-155609572.2		0.5		-2.253061398		2.093121333e-23
-155609572.2		0.5		-2.253061398		1.064587494e-23
-155609572.2		0.5		-2.253061398		6.152457398e-24

99488087.12		0.5		-3.078126135		1.941234351e-23
99488087.12		0.5		-3.078126135		1.161915259e-23
99488087.12		0.5		-3.078126135		8.273764572e-24

-150507619		0.5		-2.253061398		1.834380774e-23
-150507619		0.5		-2.253061398		1.08426002e-23
-150507619		0.5		-2.253061398		7.89177703e-24

104590040.3		0.5		-3.078126135		1.87836411e-23
104590040.3		0.5		-3.078126135		1.540013279e-23
104590040.3		0.5		-3.078126135		5.384612024e-24

-145405665.8		0.5		-2.253061398		1.608664593e-23
-145405665.8		0.5		-2.253061398		1.218689205e-23
-145405665.8		0.5		-2.253061398		7.870749086e-24

109691993.5		0.5		-3.078126135		1.635344952e-23
109691993.5		0.5		-3.078126135		1.616805032e-23
109691993.5		0.5		-3.078126135		6.62255473e-24

-140303712.6		0.5		-2.253061398		1.687807261e-23
-140303712.6		0.5		-2.253061398		1.13947548e-23
-140303712.6		0.5		-2.253061398		7.725377095e-24

114793946.7		0.5		-3.078126135		1.690993419e-23
114793946.7		0.5		-3.078126135		1.556979003e-23
114793946.7		0.5		-3.078126135		7.459377918e-24

-135201759.4		0.5		-2.253061398		1.518978194e-23
-135201759.4		0.5		-2.253061398		1.272283089e-23
-135201759.4		0.5		-2.253061398		7.879780785e-24

119895899.9		0.5		-3.078126135		1.671762953e-23
119895899.9		0.5		-3.078126135		1.566626394e-23
119895899.9		0.5		-3.078126135		7.196679932e-24

-130099806.2		0.5		-2.253061398		1.561358912e-23
-130099806.2		0.5		-2.253061398		1.064610987e-23
-130099806.2		0.5		-2.253061398		9.07342587e-24

124997853		0.5		-3.078126135		1.81753411e-23
124997853		0.5		-3.078126135		1.485577053e-23
124997853		0.5		-3.078126135		7.24565644e-24

-124997853		0.5		-2.253061398		1.92387764e-23
-124997853		0.5		-2.253061398		1.121642397e-23
-124997853		0.5		-2.253061398		6.440787416e-24

130099806.2		0.5		-3.078126135		1.879887802e-23
130099806.2		0.5		-3.078126135		1.1952806e-23
130099806.2		0.5		-3.078126135		1.00179169e-23

-119895899.9		0.5		-2.253061398		1.688727529e-23
-119895899.9		0.5		-2.253061398		1.160856182e-23
-119895899.9		0.5		-2.253061398		6.912481402e-24

135201759.4		0.5		-3.078126135		1.657738717e-23
135201759.4		0.5		-3.078126135		1.486447285e-23
135201759.4		0.5		-3.078126135		9.203266631e-24

-114793946.7		0.5		-2.253061398		1.830642308e-23
-114793946.7		0.5		-2.253061398		1.117355754e-23
-114793946.7		0.5		-2.253061398		7.068904937e-24

140303712.6		0.5		-3.078126135		1.629439643e-23
140303712.6		0.5		-3.078126135		1.454230598e-23
140303712.6		0.5		-3.078126135		9.01014247e-24

-109691993.5		0.5		-2.253061398		1.685067268e-23
-109691993.5		0.5		-2.253061398		1.246988865e-23
-109691993.5		0.5		-2.253061398		5.708110139e-24

145405665.8		0.5		-3.078126135		1.641895364e-23
145405665.8		0.5		-3.078126135		1.510177705e-23
145405665.8		0.5		-3.078126135		9.317469111e-24

-104590040.3		0.5		-2.253061398		1.914411432e-23
-104590040.3		0.5		-2.253061398		1.182310824e-23
-104590040.3		0.5		-2.253061398		4.859339709e-24

150507619		0.5		-3.078126135		1.622821605e-23
150507619		0.5		-3.078126135		1.457062768e-23
150507619		0.5		-3.078126135		9.356714008e-24

-99488087.12		0.5		-2.253061398		1.545711422e-23
-99488087.12		0.5		-2.253061398		1.067711393e-23
-99488087.12		0.5		-2.253061398		7.889428028e-24

155609572.2		0.5		-3.078126135		2.069315089e-23
155609572.2		0.5		-3.078126135		1.323035796e-23
155609572.2		0.5		-3.078126135		7.672323732e-24

-94386133.93		0.5		-2.253061398		1.479270539e-23
-94386133.93		0.5		-2.253061398		1.243037439e-23
-94386133.93		0.5		-2.253061398		6.60538616e-24

160711525.3		0.5		-3.078126135		1.83085915e-23
160711525.3		0.5		-3.078126135		1.203559518e-23
160711525.3		0.5		-3.078126135		1.047850055e-23

-89284180.75		0.5		-2.253061398		1.668536868e-23
-89284180.75		0.5		-2.253061398		1.277142243e-23
-89284180.75		0.5		-2.253061398		4.551369846e-24

165813478.5		0.5		-3.078126135		1.752905819e-23
165813478.5		0.5		-3.078126135		1.401632845e-23
165813478.5		0.5		-3.078126135		9.426299218e-24

-84182227.56		0.5		-2.253061398		1.765778362e-23
-84182227.56		0.5		-2.253061398		1.255599623e-23
-84182227.56		0.5		-2.253061398		4.556507867e-24

170915431.7		0.5		-3.078126135		1.839141759e-23
170915431.7		0.5		-3.078126135		1.181936604e-23
170915431.7		0.5		-3.078126135		1.124676385e-23

-79080274.38		0.5		-2.253061398		1.547730524e-23
-79080274.38		0.5		-2.253061398		1.030985861e-23
-79080274.38		0.5		-2.253061398		7.181113018e-24

176017384.9		0.5		-3.078126135		1.614307597e-23
176017384.9		0.5		-3.078126135		1.391101821e-23
176017384.9		0.5		-3.078126135		9.70431144e-24

-73978321.19		0.5		-2.253061398		1.594604034e-23
-73978321.19		0.5		-2.253061398		1.291916794e-23
-73978321.19		0.5		-2.253061398		4.621626835e-24

181119338.1		0.5		-3.078126135		1.870733057e-23
181119338.1		0.5		-3.078126135		1.287720394e-23
181119338.1		0.5		-3.078126135		9.477955019e-24

-68876368.01		0.5		-2.253061398		1.454731123e-23
-68876368.01		0.5		-2.253061398		1.202802698e-23
-68876368.01		0.5		-2.253061398		5.972651309e-24

186221291.3		0.5		-3.078126135		1.676596485e-23
186221291.3		0.5		-3.078126135		1.299946553e-23
186221291.3		0.5		-3.078126135		1.084734189e-23

-63774414.82		0.5		-2.253061398		1.674398498e-23
-63774414.82		0.5		-2.253061398		1.325265891e-23
-63774414.82		0.5		-2.253061398		3.306172102e-24

191323244.5		0.5		-3.078126135		1.543820112e-23
191323244.5		0.5		-3.078126135		1.314749243e-23
191323244.5		0.5		-3.078126135		1.038281488e-23

-58672461.63		0.5		-2.253061398		1.666729457e-23
-58672461.63		0.5		-2.253061398		1.324552658e-23
-58672461.63		0.5		-2.253061398		3.656269078e-24

196425197.6		0.5		-3.078126135		1.434139416e-23
196425197.6		0.5		-3.078126135		1.406106471e-23
196425197.6		0.5		-3.078126135		1.032621961e-23

-53570508.45		0.5		-2.253061398		1.565092582e-23
-53570508.45		0.5		-2.253061398		9.972142862e-24
-53570508.45		0.5		-2.253061398		6.067816184e-24

201527150.8		0.5		-3.078126135		1.60270836e-23
201527150.8		0.5		-3.078126135		1.27408572e-23
201527150.8		0.5		-3.078126135		1.021476856e-23

-48468555.26		0.5		-2.253061398		1.498427762e-23
-48468555.26		0.5		-2.253061398		1.267203679e-23
-48468555.26		0.5		-2.253061398		4.048910253e-24

206629104		0.5		-3.078126135		1.628460804e-23
206629104		0.5		-3.078126135		1.177194797e-23
206629104		0.5		-3.078126135		1.046277859e-23

-43366602.08		0.5		-2.253061398		1.579005004e-23
-43366602.08		0.5		-2.253061398		7.881600686e-24
-43366602.08		0.5		-2.253061398		7.640069785e-24

211731057.2		0.5		-3.078126135		1.433189485e-23
211731057.2		0.5		-3.078126135		1.209740513e-23
211731057.2		0.5		-3.078126135		1.122623913e-23

-38264648.89		0.5		-2.253061398		1.456786025e-23
-38264648.89		0.5		-2.253061398		1.383663171e-23
-38264648.89		0.5		-2.253061398		2.767460153e-24

216833010.4		0.5		-3.078126135		1.595775409e-23
216833010.4		0.5		-3.078126135		1.148301835e-23
216833010.4		0.5		-3.078126135		1.110451208e-23

-33162695.71		0.5		-2.253061398		1.522964518e-23
-33162695.71		0.5		-2.253061398		1.178647435e-23
-33162695.71		0.5		-2.253061398		3.776713391e-24

221934963.6		0.5		-3.078126135		1.632952785e-23
221934963.6		0.5		-3.078126135		1.097769962e-23
221934963.6		0.5		-3.078126135		1.03821896e-23

-28060742.52		0.5		-2.253061398		1.494117945e-23
-28060742.52		0.5		-2.253061398		1.305216194e-23
-28060742.52		0.5		-2.253061398		2.800921381e-24

227036916.8		0.5		-3.078126135		1.570703371e-23
227036916.8		0.5		-3.078126135		1.209611636e-23
227036916.8		0.5		-3.078126135		1.056100775e-23

-22958789.34		0.5		-2.253061398		1.542763507e-23
-22958789.34		0.5		-2.253061398		1.151994406e-23
-22958789.34		0.5		-2.253061398		3.570157515e-24

232138869.9		0.5		-3.078126135		1.646447529e-23
232138869.9		0.5		-3.078126135		1.034160489e-23
232138869.9		0.5		-3.078126135		9.330590918e-24

-17856836.15		0.5		-2.253061398		1.531526919e-23
-17856836.15		0.5		-2.253061398		1.435211756e-23
-17856836.15		0.5		-2.253061398		1.553913313e-24

237240823.1		0.5		-3.078126135		1.481753887e-23
237240823.1		0.5		-3.078126135		1.061041358e-23
237240823.1		0.5		-3.078126135		9.404606095e-24

-12754882.96		0.5		-2.253061398		1.49842101e-23
-12754882.96		0.5		-2.253061398		1.329722182e-23
-12754882.96		0.5		-2.253061398		2.193194591e-24

242342776.3		0.5		-3.078126135		1.546189372e-23
242342776.3		0.5		-3.078126135		1.023827918e-23
242342776.3		0.5		-3.078126135		8.77902587e-24

-7652929.778		0.5		-2.253061398		1.549147023e-23
-7652929.778		0.5		-2.253061398		1.44360345e-23
-7652929.778		0.5		-2.253061398		1.181787875e-24

247444729.5		0.5		-3.078126135		1.517232372e-23
247444729.5		0.5		-3.078126135		1.023070402e-23
247444729.5		0.5		-3.078126135		8.255036517e-24

-2550976.593		0.5		-2.253061398		1.620064273e-23
-2550976.593		0.5		-2.253061398		8.4686973e-24
-2550976.593		0.5		-2.253061398		5.57514285e-24

252546682.7		0.5		-3.078126135		1.449001879e-23
252546682.7		0.5		-3.078126135		9.957432039e-24
252546682.7		0.5		-3.078126135		7.58769549e-24

2550976.593		0.5		-2.253061398		1.620064273e-23
2550976.593		0.5		-2.253061398		8.4686973e-24
2550976.593		0.5		-2.253061398		5.57514285e-24

-252546682.7		0.5		-3.014659617		1.453261632e-23
-252546682.7		0.5		-3.014659617		1.037316284e-23
-252546682.7		0.5		-3.014659617		7.10128352e-24

7652929.778		0.5		-2.253061398		1.549147023e-23
7652929.778		0.5		-2.253061398		1.44360345e-23
7652929.778		0.5		-2.253061398		1.181787875e-24

-247444729.5		0.5		-3.014659617		1.518107876e-23
-247444729.5		0.5		-3.014659617		1.062793613e-23
-247444729.5		0.5		-3.014659617		7.78035571e-24

12754882.96		0.5		-2.253061398		1.49842101e-23
12754882.96		0.5		-2.253061398		1.329722182e-23
12754882.96		0.5		-2.253061398		2.193194591e-24

-242342776.3		0.5		-3.014659617		1.554743712e-23
-242342776.3		0.5		-3.014659617		1.058243795e-23
-242342776.3		0.5		-3.014659617		8.322459238e-24

17856836.15		0.5		-2.253061398		1.531526919e-23
17856836.15		0.5		-2.253061398		1.435211756e-23
17856836.15		0.5		-2.253061398		1.553913313e-24

-237240823.1		0.5		-3.014659617		1.49233342e-23
-237240823.1		0.5		-3.014659617		1.091247901e-23
-237240823.1		0.5		-3.014659617		8.96583774e-24

22958789.34		0.5		-2.253061398		1.542763507e-23
22958789.34		0.5		-2.253061398		1.151994406e-23
22958789.34		0.5		-2.253061398		3.570157515e-24

-232138869.9		0.5		-3.014659617		1.655538849e-23
-232138869.9		0.5		-3.014659617		1.06122977e-23
-232138869.9		0.5		-3.014659617		8.936405581e-24

28060742.52		0.5		-2.253061398		1.494117945e-23
28060742.52		0.5		-2.253061398		1.305216194e-23
28060742.52		0.5		-2.253061398		2.800921381e-24

-227036916.8		0.5		-3.014659617		1.564438886e-23
-227036916.8		0.5		-3.014659617		1.246773263e-23
-227036916.8		0.5		-3.014659617		1.011226894e-23

33162695.71		0.5		-2.253061398		1.522964518e-23
33162695.71		0.5		-2.253061398		1.178647435e-23
33162695.71		0.5		-2.253061398		3.776713391e-24

-221934963.6		0.5		-3.014659617		1.635884621e-23
-221934963.6		0.5		-3.014659617		1.122342909e-23
-221934963.6		0.5		-3.014659617		1.000832226e-23

38264648.89		0.5		-2.253061398		1.456786025e-23
38264648.89		0.5		-2.253061398		1.383663171e-23
38264648.89		0.5		-2.253061398		2.767460153e-24

-216833010.4		0.5		-3.014659617		1.610780486e-23
-216833010.4		0.5		-3.014659617		1.154350624e-23
-216833010.4		0.5		-3.014659617		1.0853354e-23

43366602.08		0.5		-2.253061398		1.579005004e-23
43366602.08		0.5		-2.253061398		7.881600686e-24
43366602.08		0.5		-2.253061398		7.640069785e-24

-211731057.2		0.5		-3.014659617		1.453958041e-23
-211731057.2		0.5		-3.014659617		1.217850396e-23
-211731057.2		0.5		-3.014659617		1.090439093e-23

48468555.26		0.5		-2.253061398		1.498427762e-23
48468555.26		0.5		-2.253061398		1.267203679e-23
48468555.26		0.5		-2.253061398		4.048910253e-24

-206629104		0.5		-3.014659617		1.633754117e-23
-206629104		0.5		-3.014659617		1.173372184e-23
-206629104		0.5		-3.014659617		1.036082253e-23

53570508.45		0.5		-2.253061398		1.565092582e-23
53570508.45		0.5		-2.253061398		9.972142862e-24
53570508.45		0.5		-2.253061398		6.067816184e-24

-201527150.8		0.5		-3.014659617		1.597619732e-23
-201527150.8		0.5		-3.014659617		1.294402147e-23
-201527150.8		0.5		-3.014659617		9.968384549e-24

58672461.63		0.5		-2.253061398		1.666729457e-23
58672461.63		0.5		-2.253061398		1.324552658e-23
58672461.63		0.5		-2.253061398		3.656269078e-24

-196425197.6		0.5		-3.014659617		1.443331719e-23
-196425197.6		0.5		-3.014659617		1.409480562e-23
-196425197.6		0.5		-3.014659617		1.014425799e-23

63774414.82		0.5		-2.253061398		1.674398498e-23
63774414.82		0.5		-2.253061398		1.325265891e-23
63774414.82		0.5		-2.253061398		3.306172102e-24

-191323244.5		0.5		-3.014659617		1.55845791e-23
-191323244.5		0.5		-3.014659617		1.296986068e-23
-191323244.5		0.5		-3.014659617		1.034713705e-23

68876368.01		0.5		-2.253061398		1.454731123e-23
68876368.01		0.5		-2.253061398		1.202802698e-23
68876368.01		0.5		-2.253061398		5.972651309e-24

-186221291.3		0.5		-3.014659617		1.663399267e-23
-186221291.3		0.5		-3.014659617		1.319005019e-23
-186221291.3		0.5		-3.014659617		1.062377079e-23

73978321.19		0.5		-2.253061398		1.594604034e-23
73978321.19		0.5		-2.253061398		1.291916794e-23
73978321.19		0.5		-2.253061398		4.621626835e-24

-181119338.1		0.5		-3.014659617		1.870928434e-23
-181119338.1		0.5		-3.014659617		1.280872476e-23
-181119338.1		0.5		-3.014659617		9.430915397e-24

79080274.38		0.5		-2.253061398		1.547730524e-23
79080274.38		0.5		-2.253061398		1.030985861e-23
79080274.38		0.5		-2.253061398		7.181113018e-24

-176017384.9		0.5		-3.014659617		1.61783027e-23
-176017384.9		0.5		-3.014659617		1.395212469e-23
-176017384.9		0.5		-3.014659617		9.570584901e-24

84182227.56		0.5		-2.253061398		1.765778362e-23
84182227.56		0.5		-2.253061398		1.255599623e-23
84182227.56		0.5		-2.253061398		4.556507867e-24

-170915431.7		0.5		-3.014659617		1.81139538e-23
-170915431.7		0.5		-3.014659617		1.194430831e-23
-170915431.7		0.5		-3.014659617		1.105688423e-23

89284180.75		0.5		-2.253061398		1.668536868e-23
89284180.75		0.5		-2.253061398		1.277142243e-23
89284180.75		0.5		-2.253061398		4.551369846e-24

-165813478.5		0.5		-3.014659617		1.751703359e-23
-165813478.5		0.5		-3.014659617		1.39797251e-23
-165813478.5		0.5		-3.014659617		9.363417221e-24

94386133.93		0.5		-2.253061398		1.479270539e-23
94386133.93		0.5		-2.253061398		1.243037439e-23
94386133.93		0.5		-2.253061398		6.60538616e-24

-160711525.3		0.5		-3.014659617		1.817962928e-23
-160711525.3		0.5		-3.014659617		1.204256993e-23
-160711525.3		0.5		-3.014659617		1.041087941e-23

99488087.12		0.5		-2.253061398		1.545711422e-23
99488087.12		0.5		-2.253061398		1.067711393e-23
99488087.12		0.5		-2.253061398		7.889428028e-24

-155609572.2		0.5		-3.014659617		2.069669267e-23
-155609572.2		0.5		-3.014659617		1.315124436e-23
-155609572.2		0.5		-3.014659617		7.655712463e-24

104590040.3		0.5		-2.253061398		1.914411432e-23
104590040.3		0.5		-2.253061398		1.182310824e-23
104590040.3		0.5		-2.253061398		4.859339709e-24

-150507619		0.5		-3.014659617		1.637318982e-23
-150507619		0.5		-3.014659617		1.43972069e-23
-150507619		0.5		-3.014659617		9.326490824e-24

109691993.5		0.5		-2.253061398		1.685067268e-23
109691993.5		0.5		-2.253061398		1.246988865e-23
109691993.5		0.5		-2.253061398		5.708110139e-24

-145405665.8		0.5		-3.014659617		1.635639442e-23
-145405665.8		0.5		-3.014659617		1.506050217e-23
-145405665.8		0.5		-3.014659617		9.286714002e-24

114793946.7		0.5		-2.253061398		1.830642308e-23
114793946.7		0.5		-2.253061398		1.117355754e-23
114793946.7		0.5		-2.253061398		7.068904937e-24

-140303712.6		0.5		-3.014659617		1.633225005e-23
-140303712.6		0.5		-3.014659617		1.443621379e-23
-140303712.6		0.5		-3.014659617		8.991751143e-24

119895899.9		0.5		-2.253061398		1.688727529e-23
119895899.9		0.5		-2.253061398		1.160856182e-23
119895899.9		0.5		-2.253061398		6.912481402e-24

-135201759.4		0.5		-3.014659617		1.643186551e-23
-135201759.4		0.5		-3.014659617		1.490506056e-23
-135201759.4		0.5		-3.014659617		9.164772667e-24

124997853		0.5		-2.253061398		1.923877644e-23
124997853		0.5		-2.253061398		1.121642397e-23
124997853		0.5		-2.253061398		6.440787416e-24

-130099806.2		0.5		-3.014659617		1.859329404e-23
-130099806.2		0.5		-3.014659617		1.187981591e-23
-130099806.2		0.5		-3.014659617		1.005409158e-23

130099806.2		0.5		-2.253061398		1.561358912e-23
130099806.2		0.5		-2.253061398		1.064610987e-23
130099806.2		0.5		-2.253061398		9.07342587e-24

-124997853		0.5		-3.014659617		1.822572117e-23
-124997853		0.5		-3.014659617		1.476219785e-23
-124997853		0.5		-3.014659617		7.225651689e-24

135201759.4		0.5		-2.253061398		1.518978194e-23
135201759.4		0.5		-2.253061398		1.272283089e-23
135201759.4		0.5		-2.253061398		7.879780785e-24

-119895899.9		0.5		-3.014659617		1.675284591e-23
-119895899.9		0.5		-3.014659617		1.551127924e-23
-119895899.9		0.5		-3.014659617		7.208384774e-24

140303712.6		0.5		-2.253061398		1.687807261e-23
140303712.6		0.5		-2.253061398		1.13947548e-23
140303712.6		0.5		-2.253061398		7.725377095e-24

-114793946.7		0.5		-3.014659617		1.702138725e-23
-114793946.7		0.5		-3.014659617		1.539845519e-23
-114793946.7		0.5		-3.014659617		7.450933717e-24

145405665.8		0.5		-2.253061398		1.608664593e-23
145405665.8		0.5		-2.253061398		1.218689205e-23
145405665.8		0.5		-2.253061398		7.870749086e-24

-109691993.5		0.5		-3.014659617		1.639954746e-23
-109691993.5		0.5		-3.014659617		1.60686809e-23
-109691993.5		0.5		-3.014659617		6.590038233e-24

150507619		0.5		-2.253061398		1.834380774e-23
150507619		0.5		-2.253061398		1.08426002e-23
150507619		0.5		-2.253061398		7.89177703e-24

-104590040.3		0.5		-3.014659617		1.879461624e-23
-104590040.3		0.5		-3.014659617		1.531559662e-23
-104590040.3		0.5		-3.014659617		5.377358713e-24

155609572.2		0.5		-2.253061398		2.093121457e-23
155609572.2		0.5		-2.253061398		1.064587494e-23
155609572.2		0.5		-2.253061398		6.152457398e-24

-99488087.12		0.5		-3.014659617		1.923317353e-23
-99488087.12		0.5		-3.014659617		1.159766996e-23
-99488087.12		0.5		-3.014659617		8.278993985e-24

160711525.3		0.5		-2.253061398		1.644128006e-23
160711525.3		0.5		-2.253061398		1.196681031e-23
160711525.3		0.5		-2.253061398		7.369932143e-24

-94386133.93		0.5		-3.014659617		1.8467682e-23
-94386133.93		0.5		-3.014659617		1.28082533e-23
-94386133.93		0.5		-3.014659617		7.347662035e-24

165813478.5		0.5		-2.253061398		1.758383571e-23
165813478.5		0.5		-2.253061398		1.197944863e-23
165813478.5		0.5		-2.253061398		7.022877001e-24

-89284180.75		0.5		-3.014659617		1.657809853e-23
-89284180.75		0.5		-3.014659617		1.644344113e-23
-89284180.75		0.5		-3.014659617		4.955593048e-24

170915431.7		0.5		-2.253061398		1.616295091e-23
170915431.7		0.5		-2.253061398		1.24756058e-23
170915431.7		0.5		-2.253061398		7.300121292e-24

-84182227.56		0.5		-3.014659617		1.71197592e-23
-84182227.56		0.5		-3.014659617		1.633645006e-23
-84182227.56		0.5		-3.014659617		4.967775788e-24

176017384.9		0.5		-2.253061398		1.81203714e-23
176017384.9		0.5		-2.253061398		1.21749183e-23
176017384.9		0.5		-2.253061398		6.379701368e-24

-79080274.38		0.5		-3.014659617		2.002744698e-23
-79080274.38		0.5		-3.014659617		1.071764201e-23
-79080274.38		0.5		-3.014659617		7.497466343e-24

181119338.1		0.5		-2.253061398		1.872628294e-23
181119338.1		0.5		-2.253061398		1.145407123e-23
181119338.1		0.5		-2.253061398		6.602295091e-24

-73978321.19		0.5		-3.014659617		1.728762312e-23
-73978321.19		0.5		-3.014659617		1.532203435e-23
-73978321.19		0.5		-3.014659617		4.736273115e-24

186221291.3		0.5		-2.253061398		1.578261661e-23
186221291.3		0.5		-2.253061398		1.359274759e-23
186221291.3		0.5		-2.253061398		6.547318057e-24

-68876368.01		0.5		-3.014659617		1.90933006e-23
-68876368.01		0.5		-3.014659617		1.207779351e-23
-68876368.01		0.5		-3.014659617		6.119376172e-24

191323244.5		0.5		-2.253061398		1.720879807e-23
191323244.5		0.5		-2.253061398		1.196739543e-23
191323244.5		0.5		-2.253061398		6.660029529e-24

-63774414.82		0.5		-3.014659617		1.708050098e-23
-63774414.82		0.5		-3.014659617		1.639249827e-23
-63774414.82		0.5		-3.014659617		3.533946333e-24

196425197.6		0.5		-2.253061398		1.737502615e-23
196425197.6		0.5		-2.253061398		1.256989167e-23
196425197.6		0.5		-2.253061398		6.015788516e-24

-58672461.63		0.5		-3.014659617		1.738751963e-23
-58672461.63		0.5		-3.014659617		1.599530288e-23
-58672461.63		0.5		-3.014659617		3.840885697e-24

201527150.8		0.5		-2.253061398		1.646643838e-23
201527150.8		0.5		-2.253061398		1.333863064e-23
201527150.8		0.5		-2.253061398		5.458673377e-24

-53570508.45		0.5		-3.014659617		2.054692257e-23
-53570508.45		0.5		-3.014659617		1.012489958e-23
-53570508.45		0.5		-3.014659617		6.218239625e-24

206629104		0.5		-2.253061398		1.686575906e-23
206629104		0.5		-2.253061398		1.238375588e-23
206629104		0.5		-2.253061398		5.714591705e-24

-48468555.26		0.5		-3.014659617		1.885722122e-23
-48468555.26		0.5		-3.014659617		1.29114108e-23
-48468555.26		0.5		-3.014659617		4.155553453e-24

211731057.2		0.5		-2.253061398		1.805800962e-23
211731057.2		0.5		-2.253061398		1.211500596e-23
211731057.2		0.5		-2.253061398		5.785257956e-24

-43366602.08		0.5		-3.014659617		2.15553386e-23
-43366602.08		0.5		-3.014659617		7.840861295e-24
-43366602.08		0.5		-3.014659617		7.770300059e-24

216833010.4		0.5		-2.253061398		1.67342928e-23
216833010.4		0.5		-2.253061398		1.26549353e-23
216833010.4		0.5		-2.253061398		5.571948186e-24

-38264648.89		0.5		-3.014659617		1.85381532e-23
-38264648.89		0.5		-3.014659617		1.371905604e-23
-38264648.89		0.5		-3.014659617		2.964907218e-24

221934963.6		0.5		-2.253061398		1.649948063e-23
221934963.6		0.5		-2.253061398		1.276627041e-23
221934963.6		0.5		-2.253061398		4.706369953e-24

-33162695.71		0.5		-3.014659617		1.965229811e-23
-33162695.71		0.5		-3.014659617		1.169299277e-23
-33162695.71		0.5		-3.014659617		3.946608921e-24

227036916.8		0.5		-2.253061398		1.527002004e-23
227036916.8		0.5		-2.253061398		1.427326262e-23
227036916.8		0.5		-2.253061398		4.68366694e-24

-28060742.52		0.5		-3.014659617		1.900234322e-23
-28060742.52		0.5		-3.014659617		1.297527251e-23
-28060742.52		0.5		-3.014659617		2.947038269e-24

232138869.9		0.5		-2.253061398		1.871454927e-23
232138869.9		0.5		-2.253061398		1.204011492e-23
232138869.9		0.5		-2.253061398		3.529832115e-24

-22958789.34		0.5		-3.014659617		1.985286527e-23
-22958789.34		0.5		-3.014659617		1.145846511e-23
-22958789.34		0.5		-3.014659617		3.681036063e-24

237240823.1		0.5		-2.253061398		1.727398348e-23
237240823.1		0.5		-2.253061398		1.242049434e-23
237240823.1		0.5		-2.253061398		3.436626987e-24

-17856836.15		0.5		-3.014659617		1.828687778e-23
-17856836.15		0.5		-3.014659617		1.49477841e-23
-17856836.15		0.5		-3.014659617		1.782479142e-24

242342776.3		0.5		-2.253061398		1.744769368e-23
242342776.3		0.5		-2.253061398		1.249523243e-23
242342776.3		0.5		-2.253061398		2.680863602e-24

-12754882.96		0.5		-3.014659617		1.901775875e-23
-12754882.96		0.5		-3.014659617		1.316617533e-23
-12754882.96		0.5		-3.014659617		2.373611167e-24

247444729.5		0.5		-2.253061398		1.560988847e-23
247444729.5		0.5		-2.253061398		1.321235625e-23
247444729.5		0.5		-2.253061398		2.003860362e-24

-7652929.778		0.5		-3.014659617		1.827061738e-23
-7652929.778		0.5		-3.014659617		1.517643528e-23
-7652929.778		0.5		-3.014659617		1.419933931e-24

252546682.7		0.5		-2.253061398		1.651234967e-23
252546682.7		0.5		-2.253061398		1.291613279e-23
252546682.7		0.5		-2.253061398		1.2857861e-24

-2550976.593		0.5		-3.014659617		2.168782691e-23
-2550976.593		0.5		-3.014659617		8.432895388e-24
-2550976.593		0.5		-3.014659617		5.614748684e-24

-252546682.7		0.5		-2.18959488		1.669437726e-23
-252546682.7		0.5		-2.18959488		1.293669165e-23
-252546682.7		0.5		-2.18959488		8.315729009e-25

2550976.593		0.5		-3.014659617		2.168782813e-23
2550976.593		0.5		-3.014659617		8.432895388e-24
2550976.593		0.5		-3.014659617		5.614748684e-24

-247444729.5		0.5		-2.18959488		1.56469533e-23
-247444729.5		0.5		-2.18959488		1.324666262e-23
-247444729.5		0.5		-2.18959488		1.541113559e-24

7652929.778		0.5		-3.014659617		1.827061739e-23
7652929.778		0.5		-3.014659617		1.517643528e-23
7652929.778		0.5		-3.014659617		1.419933931e-24

-242342776.3		0.5		-2.18959488		1.751360512e-23
-242342776.3		0.5		-2.18959488		1.251493388e-23
-242342776.3		0.5		-2.18959488		2.237515432e-24

12754882.96		0.5		-3.014659617		1.901775875e-23
12754882.96		0.5		-3.014659617		1.316617533e-23
12754882.96		0.5		-3.014659617		2.373611167e-24

-237240823.1		0.5		-2.18959488		1.743077515e-23
-237240823.1		0.5		-2.18959488		1.24227552e-23
-237240823.1		0.5		-2.18959488		3.016890035e-24

17856836.15		0.5		-3.014659617		1.828687778e-23
17856836.15		0.5		-3.014659617		1.49477841e-23
17856836.15		0.5		-3.014659617		1.782479142e-24

-232138869.9		0.5		-2.18959488		1.882343786e-23
-232138869.9		0.5		-2.18959488		1.204858197e-23
-232138869.9		0.5		-2.18959488		3.077906053e-24

22958789.34		0.5		-3.014659617		1.985286527e-23
22958789.34		0.5		-3.014659617		1.145846511e-23
22958789.34		0.5		-3.014659617		3.681036063e-24

-227036916.8		0.5		-2.18959488		1.529557077e-23
-227036916.8		0.5		-2.18959488		1.423782223e-23
-227036916.8		0.5		-2.18959488		4.276979074e-24

28060742.52		0.5		-3.014659617		1.90023432e-23
28060742.52		0.5		-3.014659617		1.297527251e-23
28060742.52		0.5		-3.014659617		2.947038269e-24

-221934963.6		0.5		-2.18959488		1.650321806e-23
-221934963.6		0.5		-2.18959488		1.278662298e-23
-221934963.6		0.5		-2.18959488		4.27619021e-24

33162695.71		0.5		-3.014659617		1.965229811e-23
33162695.71		0.5		-3.014659617		1.169299277e-23
33162695.71		0.5		-3.014659617		3.946608921e-24

-216833010.4		0.5		-2.18959488		1.673604394e-23
-216833010.4		0.5		-2.18959488		1.265833904e-23
-216833010.4		0.5		-2.18959488		5.16471128e-24

38264648.89		0.5		-3.014659617		1.85381532e-23
38264648.89		0.5		-3.014659617		1.371905604e-23
38264648.89		0.5		-3.014659617		2.964907218e-24

-211731057.2		0.5		-2.18959488		1.827680587e-23
-211731057.2		0.5		-2.18959488		1.207287513e-23
-211731057.2		0.5		-2.18959488		5.372659534e-24

43366602.08		0.5		-3.014659617		2.155533877e-23
43366602.08		0.5		-3.014659617		7.840861295e-24
43366602.08		0.5		-3.014659617		7.770300059e-24

-206629104		0.5		-2.18959488		1.688574702e-23
-206629104		0.5		-2.18959488		1.238425048e-23
-206629104		0.5		-2.18959488		5.291673325e-24

48468555.26		0.5		-3.014659617		1.885722122e-23
48468555.26		0.5		-3.014659617		1.29114108e-23
48468555.26		0.5		-3.014659617		4.155553453e-24

-201527150.8		0.5		-2.18959488		1.65135062e-23
-201527150.8		0.5		-2.18959488		1.328589377e-23
-201527150.8		0.5		-2.18959488		5.030673044e-24

53570508.45		0.5		-3.014659617		2.054692255e-23
53570508.45		0.5		-3.014659617		1.012489958e-23
53570508.45		0.5		-3.014659617		6.218239625e-24

-196425197.6		0.5		-2.18959488		1.749978433e-23
-196425197.6		0.5		-2.18959488		1.2490479e-23
-196425197.6		0.5		-2.18959488		5.606442766e-24

58672461.63		0.5		-3.014659617		1.738751963e-23
58672461.63		0.5		-3.014659617		1.599530288e-23
58672461.63		0.5		-3.014659617		3.840885697e-24

-191323244.5		0.5		-2.18959488		1.72770304e-23
-191323244.5		0.5		-2.18959488		1.192505723e-23
-191323244.5		0.5		-2.18959488		6.255806807e-24

63774414.82		0.5		-3.014659617		1.708050098e-23
63774414.82		0.5		-3.014659617		1.639249827e-23
63774414.82		0.5		-3.014659617		3.533946333e-24

-186221291.3		0.5		-2.18959488		1.578190259e-23
-186221291.3		0.5		-2.18959488		1.353398259e-23
-186221291.3		0.5		-2.18959488		6.151652563e-24

68876368.01		0.5		-3.014659617		1.909330062e-23
68876368.01		0.5		-3.014659617		1.207779351e-23
68876368.01		0.5		-3.014659617		6.119376172e-24

-181119338.1		0.5		-2.18959488		1.872757303e-23
-181119338.1		0.5		-2.18959488		1.136951571e-23
-181119338.1		0.5		-2.18959488		6.243316079e-24

73978321.19		0.5		-3.014659617		1.728762312e-23
73978321.19		0.5		-3.014659617		1.532203435e-23
73978321.19		0.5		-3.014659617		4.736273115e-24

-176017384.9		0.5		-2.18959488		1.821609024e-23
-176017384.9		0.5		-2.18959488		1.205010152e-23
-176017384.9		0.5		-2.18959488		6.010084409e-24

79080274.38		0.5		-3.014659617		2.002744698e-23
79080274.38		0.5		-3.014659617		1.071764201e-23
79080274.38		0.5		-3.014659617		7.497466343e-24

-170915431.7		0.5		-2.18959488		1.609366837e-23
-170915431.7		0.5		-2.18959488		1.246239003e-23
-170915431.7		0.5		-2.18959488		6.91834128e-24

84182227.56		0.5		-3.014659617		1.71197592e-23
84182227.56		0.5		-3.014659617		1.633645006e-23
84182227.56		0.5		-3.014659617		4.967775788e-24

-165813478.5		0.5		-2.18959488		1.758977103e-23
-165813478.5		0.5		-2.18959488		1.183647535e-23
-165813478.5		0.5		-2.18959488		6.708943593e-24

89284180.75		0.5		-3.014659617		1.657809853e-23
89284180.75		0.5		-3.014659617		1.644344114e-23
89284180.75		0.5		-3.014659617		4.955593048e-24

-160711525.3		0.5		-2.18959488		1.636638469e-23
-160711525.3		0.5		-2.18959488		1.193868496e-23
-160711525.3		0.5		-2.18959488		7.006374834e-24

94386133.93		0.5		-3.014659617		1.846768199e-23
94386133.93		0.5		-3.014659617		1.28082533e-23
94386133.93		0.5		-3.014659617		7.347662035e-24

-155609572.2		0.5		-2.18959488		2.095294437e-23
-155609572.2		0.5		-2.18959488		1.044541494e-23
-155609572.2		0.5		-2.18959488		5.898477211e-24

99488087.12		0.5		-3.014659617		1.923317352e-23
99488087.12		0.5		-3.014659617		1.159766996e-23
99488087.12		0.5		-3.014659617		8.278993985e-24

-150507619		0.5		-2.18959488		1.843210441e-23
-150507619		0.5		-2.18959488		1.064196588e-23
-150507619		0.5		-2.18959488		7.626769126e-24

104590040.3		0.5		-3.014659617		1.879461624e-23
104590040.3		0.5		-3.014659617		1.531559662e-23
104590040.3		0.5		-3.014659617		5.377358713e-24

-145405665.8		0.5		-2.18959488		1.608684467e-23
-145405665.8		0.5		-2.18959488		1.196246983e-23
-145405665.8		0.5		-2.18959488		7.643756591e-24

109691993.5		0.5		-3.014659617		1.639954752e-23
109691993.5		0.5		-3.014659617		1.606868085e-23
109691993.5		0.5		-3.014659617		6.590038233e-24

-140303712.6		0.5		-2.18959488		1.689936868e-23
-140303712.6		0.5		-2.18959488		1.118030962e-23
-140303712.6		0.5		-2.18959488		7.493947972e-24

-135201759.4		0.5		-2.18959488		1.519552089e-23
-135201759.4		0.5		-2.18959488		1.24561994e-23
-135201759.4		0.5		-2.18959488		7.683320189e-24

114793946.7		0.5		-3.014659617		1.702138725e-23
114793946.7		0.5		-3.014659617		1.539845519e-23
114793946.7		0.5		-3.014659617		7.450933717e-24

-130099806.2		0.5		-2.18959488		1.547022409e-23
-130099806.2		0.5		-2.18959488		1.059875665e-23
-130099806.2		0.5		-2.18959488		8.802304731e-24

119895899.9		0.5		-3.014659617		1.675284591e-23
119895899.9		0.5		-3.014659617		1.551127924e-23
119895899.9		0.5		-3.014659617		7.208384774e-24

-124997853		0.5		-2.18959488		1.929864274e-23
-124997853		0.5		-2.18959488		1.088708016e-23
-124997853		0.5		-2.18959488		6.310786659e-24

124997853		0.5		-3.014659617		1.822572107e-23
124997853		0.5		-3.014659617		1.476219785e-23
124997853		0.5		-3.014659617		7.225651689e-24

130099806.2		0.5		-3.014659617		1.859329405e-23
130099806.2		0.5		-3.014659617		1.187981591e-23
130099806.2		0.5		-3.014659617		1.005409158e-23

-119895899.9		0.5		-2.18959488		1.689286952e-23
-119895899.9		0.5		-2.18959488		1.124179045e-23
-119895899.9		0.5		-2.18959488		6.845436824e-24

135201759.4		0.5		-3.014659617		1.643186551e-23
135201759.4		0.5		-3.014659617		1.490506056e-23
135201759.4		0.5		-3.014659617		9.164772667e-24

-114793946.7		0.5		-2.18959488		1.836662026e-23
-114793946.7		0.5		-2.18959488		1.078700972e-23
-114793946.7		0.5		-2.18959488		7.005015962e-24

140303712.6		0.5		-3.014659617		1.633225005e-23
140303712.6		0.5		-3.014659617		1.443621379e-23
140303712.6		0.5		-3.014659617		8.991751143e-24

-109691993.5		0.5		-2.18959488		1.686800493e-23
-109691993.5		0.5		-2.18959488		1.21302164e-23
-109691993.5		0.5		-2.18959488		5.580619167e-24

145405665.8		0.5		-3.014659617		1.635639443e-23
145405665.8		0.5		-3.014659617		1.506050217e-23
145405665.8		0.5		-3.014659617		9.286714002e-24

-104590040.3		0.5		-2.18959488		1.918005858e-23
-104590040.3		0.5		-2.18959488		1.145626506e-23
-104590040.3		0.5		-2.18959488		4.773987279e-24

150507619		0.5		-3.014659617		1.637318982e-23
150507619		0.5		-3.014659617		1.43972069e-23
150507619		0.5		-3.014659617		9.326490824e-24

-99488087.12		0.5		-2.18959488		1.522058643e-23
-99488087.12		0.5		-2.18959488		1.053797026e-23
-99488087.12		0.5		-2.18959488		7.800621535e-24

155609572.2		0.5		-3.014659617		2.06966938e-23
155609572.2		0.5		-3.014659617		1.315124436e-23
155609572.2		0.5		-3.014659617		7.655712463e-24

-94386133.93		0.5		-2.18959488		1.456221588e-23
-94386133.93		0.5		-2.18959488		1.229792012e-23
-94386133.93		0.5		-2.18959488		6.501798951e-24

160711525.3		0.5		-3.014659617		1.817962927e-23
160711525.3		0.5		-3.014659617		1.204256993e-23
160711525.3		0.5		-3.014659617		1.041087941e-23

-89284180.75		0.5		-2.18959488		1.670087077e-23
-89284180.75		0.5		-2.18959488		1.23852854e-23
-89284180.75		0.5		-2.18959488		4.487895613e-24

165813478.5		0.5		-3.014659617		1.751703359e-23
165813478.5		0.5		-3.014659617		1.39797251e-23
165813478.5		0.5		-3.014659617		9.363417221e-24

-84182227.56		0.5		-2.18959488		1.76918044e-23
-84182227.56		0.5		-2.18959488		1.216898777e-23
-84182227.56		0.5		-2.18959488		4.495519364e-24

170915431.7		0.5		-3.014659617		1.811395394e-23
170915431.7		0.5		-3.014659617		1.194430831e-23
170915431.7		0.5		-3.014659617		1.105688423e-23

-79080274.38		0.5		-2.18959488		1.514330489e-23
-79080274.38		0.5		-2.18959488		1.023538935e-23
-79080274.38		0.5		-2.18959488		7.1231833e-24

176017384.9		0.5		-3.014659617		1.61783027e-23
176017384.9		0.5		-3.014659617		1.395212469e-23
176017384.9		0.5		-3.014659617		9.570584901e-24

-73978321.19		0.5		-2.18959488		1.594115089e-23
-73978321.19		0.5		-2.18959488		1.253473423e-23
-73978321.19		0.5		-2.18959488		4.595945923e-24

-68876368.01		0.5		-2.18959488		1.414555685e-23
-68876368.01		0.5		-2.18959488		1.200819791e-23
-68876368.01		0.5		-2.18959488		5.94869651e-24

181119338.1		0.5		-3.014659617		1.870928426e-23
181119338.1		0.5		-3.014659617		1.280872476e-23
181119338.1		0.5		-3.014659617		9.430915397e-24

186221291.3		0.5		-3.014659617		1.663399275e-23
186221291.3		0.5		-3.014659617		1.319005019e-23
186221291.3		0.5		-3.014659617		1.062377079e-23

-63774414.82		0.5		-2.18959488		1.677327429e-23
-63774414.82		0.5		-2.18959488		1.285272016e-23
-63774414.82		0.5		-2.18959488		3.268310391e-24

-58672461.63		0.5		-2.18959488		1.669034681e-23
-58672461.63		0.5		-2.18959488		1.285194192e-23
-58672461.63		0.5		-2.18959488		3.626685918e-24

191323244.5		0.5		-3.014659617		1.55845791e-23
191323244.5		0.5		-3.014659617		1.296986068e-23
191323244.5		0.5		-3.014659617		1.034713705e-23

-53570508.45		0.5		-2.18959488		1.524919101e-23
-53570508.45		0.5		-2.18959488		9.941550051e-24
-53570508.45		0.5		-2.18959488		6.041635349e-24

196425197.6		0.5		-3.014659617		1.443331719e-23
196425197.6		0.5		-3.014659617		1.409480562e-23
196425197.6		0.5		-3.014659617		1.014425799e-23

201527150.8		0.5		-3.014659617		1.597619732e-23
201527150.8		0.5		-3.014659617		1.294402147e-23
201527150.8		0.5		-3.014659617		9.968384549e-24

-48468555.26		0.5		-2.18959488		1.46701789e-23
-48468555.26		0.5		-2.18959488		1.257803398e-23
-48468555.26		0.5		-2.18959488		4.027356584e-24

206629104		0.5		-3.014659617		1.633754118e-23
206629104		0.5		-3.014659617		1.173372184e-23
206629104		0.5		-3.014659617		1.036082253e-23

-43366602.08		0.5		-2.18959488		1.534527774e-23
-43366602.08		0.5		-2.18959488		7.882179549e-24
-43366602.08		0.5		-2.18959488		7.62494861e-24

211731057.2		0.5		-3.014659617		1.453958041e-23
211731057.2		0.5		-3.014659617		1.217850396e-23
211731057.2		0.5		-3.014659617		1.090439093e-23

-38264648.89		0.5		-2.18959488		1.418657188e-23
-38264648.89		0.5		-2.18959488		1.382199918e-23
-38264648.89		0.5		-2.18959488		2.736887948e-24

-33162695.71		0.5		-2.18959488		1.480098206e-23
-33162695.71		0.5		-2.18959488		1.179943334e-23
-33162695.71		0.5		-2.18959488		3.75258789e-24

216833010.4		0.5		-3.014659617		1.610780496e-23
216833010.4		0.5		-3.014659617		1.154350624e-23
216833010.4		0.5		-3.014659617		1.0853354e-23

-28060742.52		0.5		-2.18959488		1.454371909e-23
-28060742.52		0.5		-2.18959488		1.304748459e-23
-28060742.52		0.5		-2.18959488		2.776890918e-24

221934963.6		0.5		-3.014659617		1.635884079e-23
221934963.6		0.5		-3.014659617		1.122342909e-23
221934963.6		0.5		-3.014659617		1.000832226e-23

-22958789.34		0.5		-2.18959488		1.500428909e-23
-22958789.34		0.5		-2.18959488		1.152584297e-23
-22958789.34		0.5		-2.18959488		3.551945762e-24

227036916.8		0.5		-3.014659617		1.564439147e-23
227036916.8		0.5		-3.014659617		1.246773263e-23
227036916.8		0.5		-3.014659617		1.011226894e-23

-17856836.15		0.5		-2.18959488		1.532560364e-23
-17856836.15		0.5		-2.18959488		1.396573525e-23
-17856836.15		0.5		-2.18959488		1.519527227e-24

232138869.9		0.5		-3.014659617		1.655538877e-23
232138869.9		0.5		-3.014659617		1.06122977e-23
232138869.9		0.5		-3.014659617		8.936405581e-24

-12754882.96		0.5		-2.18959488		1.457783057e-23
-12754882.96		0.5		-2.18959488		1.330574016e-23
-12754882.96		0.5		-2.18959488		2.16534657e-24

237240823.1		0.5		-3.014659617		1.492333418e-23
237240823.1		0.5		-3.014659617		1.091247901e-23
237240823.1		0.5		-3.014659617		8.96583774e-24

-7652929.778		0.5		-2.18959488		1.553072584e-23
-7652929.778		0.5		-2.18959488		1.402625073e-23
-7652929.778		0.5		-2.18959488		1.145277587e-24

242342776.3		0.5		-3.014659617		1.554743287e-23
242342776.3		0.5		-3.014659617		1.058243795e-23
242342776.3		0.5		-3.014659617		8.322459238e-24

-2550976.593		0.5		-2.18959488		1.574941324e-23
-2550976.593		0.5		-2.18959488		8.473893728e-24
-2550976.593		0.5		-2.18959488		5.569299042e-24

247444729.5		0.5		-3.014659617		1.518107852e-23
247444729.5		0.5		-3.014659617		1.062793613e-23
247444729.5		0.5		-3.014659617		7.78035571e-24

2550976.593		0.5		-2.18959488		1.574941324e-23
2550976.593		0.5		-2.18959488		8.473893728e-24
2550976.593		0.5		-2.18959488		5.569299042e-24

252546682.7		0.5		-3.014659617		1.453261601e-23
252546682.7		0.5		-3.014659617		1.037316284e-23
252546682.7		0.5		-3.014659617		7.10128352e-24

