# ky		phi		B		mu		eigenvalue
-308668167.7		0		0.3		1.602176634e-20		2.871942231e-21
-308668167.7		0		0.3		1.602176634e-20		2.870607631e-21
-308668167.7		0		0.3		1.602176634e-20		2.869956355e-21

-296321441		0		0.3		1.602176634e-20		1.370412344e-21
-296321441		0		0.3		1.602176634e-20		1.370036661e-21
-296321441		0		0.3		1.602176634e-20		1.369841313e-21

-283974714.3		0		0.3		1.602176634e-20		1.524306652e-23
-283974714.3		0		0.3		1.602176634e-20		1.521314412e-23
-283974714.3		0		0.3		1.602176634e-20		1.461532981e-23

-271627987.6		0		0.3		1.602176634e-20		1.360699619e-23
-271627987.6		0		0.3		1.602176634e-20		1.343624786e-23
-271627987.6		0		0.3		1.602176634e-20		1.226817671e-23

-259281260.9		0		0.3		1.602176634e-20		1.29778193e-23
-259281260.9		0		0.3		1.602176634e-20		1.174457769e-23
-259281260.9		0		0.3		1.602176634e-20		1.111117721e-23

-246934534.2		0		0.3		1.602176634e-20		1.306800085e-23
-246934534.2		0		0.3		1.602176634e-20		1.068884644e-23
-246934534.2		0		0.3		1.602176634e-20		1.030859299e-23

-234587807.5		0		0.3		1.602176634e-20		1.234458789e-23
-234587807.5		0		0.3		1.602176634e-20		1.009577214e-23
-234587807.5		0		0.3		1.602176634e-20		9.54959639e-24

-222241080.8		0		0.3		1.602176634e-20		1.182273116e-23
-222241080.8		0		0.3		1.602176634e-20		9.696681924e-24
-222241080.8		0		0.3		1.602176634e-20		8.850306912e-24

-209894354.1		0		0.3		1.602176634e-20		1.187118722e-23
-209894354.1		0		0.3		1.602176634e-20		9.048761034e-24
-209894354.1		0		0.3		1.602176634e-20		8.371333278e-24

-197547627.3		0		0.3		1.602176634e-20		1.190336492e-23
-197547627.3		0		0.3		1.602176634e-20		8.462788023e-24
-197547627.3		0		0.3		1.602176634e-20		7.940129318e-24

-185200900.6		0		0.3		1.602176634e-20		1.150836476e-23
-185200900.6		0		0.3		1.602176634e-20		8.096684749e-24
-185200900.6		0		0.3		1.602176634e-20		7.417104475e-24

-172854173.9		0		0.3		1.602176634e-20		1.013962239e-23
-172854173.9		0		0.3		1.602176634e-20		8.37283473e-24
-172854173.9		0		0.3		1.602176634e-20		6.69206075e-24

-160507447.2		0		0.3		1.602176634e-20		1.030772439e-23
-160507447.2		0		0.3		1.602176634e-20		7.660802166e-24
-160507447.2		0		0.3		1.602176634e-20		6.332232569e-24

-148160720.5		0		0.3		1.602176634e-20		9.877709873e-24
-148160720.5		0		0.3		1.602176634e-20		7.349793388e-24
-148160720.5		0		0.3		1.602176634e-20		5.86511009e-24

-135813993.8		0		0.3		1.602176634e-20		1.047911563e-23
-135813993.8		0		0.3		1.602176634e-20		6.401841078e-24
-135813993.8		0		0.3		1.602176634e-20		5.713916707e-24

-123467267.1		0		0.3		1.602176634e-20		9.846293601e-24
-123467267.1		0		0.3		1.602176634e-20		6.163619355e-24
-123467267.1		0		0.3		1.602176634e-20		5.209703043e-24

-111120540.4		0		0.3		1.602176634e-20		8.982492608e-24
-111120540.4		0		0.3		1.602176634e-20		6.106029373e-24
-111120540.4		0		0.3		1.602176634e-20		4.656665994e-24

-98773813.67		0		0.3		1.602176634e-20		9.939651672e-24
-98773813.67		0		0.3		1.602176634e-20		4.995460162e-24
-98773813.67		0		0.3		1.602176634e-20		4.686955268e-24

-86427086.96		0		0.3		1.602176634e-20		8.30118747e-24
-86427086.96		0		0.3		1.602176634e-20		5.383766314e-24
-86427086.96		0		0.3		1.602176634e-20		3.870754558e-24

-74080360.26		0		0.3		1.602176634e-20		6.890373248e-24
-74080360.26		0		0.3		1.602176634e-20		5.875664943e-24
-74080360.26		0		0.3		1.602176634e-20		3.320501733e-24

-61733633.55		0		0.3		1.602176634e-20		7.246932018e-24
-61733633.55		0		0.3		1.602176634e-20		5.020817784e-24
-61733633.55		0		0.3		1.602176634e-20		3.095885291e-24

-49386906.84		0		0.3		1.602176634e-20		8.820032326e-24
-49386906.84		0		0.3		1.602176634e-20		3.636116694e-24
-49386906.84		0		0.3		1.602176634e-20		3.35916738e-24

-37040180.13		0		0.3		1.602176634e-20		5.774768935e-24
-37040180.13		0		0.3		1.602176634e-20		5.360073616e-24
-37040180.13		0		0.3		1.602176634e-20		2.408274209e-24

-24693453.42		0		0.3		1.602176634e-20		7.681700968e-24
-24693453.42		0		0.3		1.602176634e-20		3.608970482e-24
-24693453.42		0		0.3		1.602176634e-20		2.640393815e-24

-12346726.71		0		0.3		1.602176634e-20		8.066852857e-24
-12346726.71		0		0.3		1.602176634e-20		3.225589674e-24
-12346726.71		0		0.3		1.602176634e-20		2.696328019e-24

0		0		0.3		1.602176634e-20		7.489408682e-24
0		0		0.3		1.602176634e-20		3.49399356e-24
0		0		0.3		1.602176634e-20		2.454765836e-24

12346726.71		0		0.3		1.602176634e-20		8.066852857e-24
12346726.71		0		0.3		1.602176634e-20		3.225589674e-24
12346726.71		0		0.3		1.602176634e-20		2.696328019e-24

24693453.42		0		0.3		1.602176634e-20		7.681700968e-24
24693453.42		0		0.3		1.602176634e-20		3.608970482e-24
24693453.42		0		0.3		1.602176634e-20		2.640393815e-24

37040180.13		0		0.3		1.602176634e-20		5.774768935e-24
37040180.13		0		0.3		1.602176634e-20		5.360073616e-24
37040180.13		0		0.3		1.602176634e-20		2.408274209e-24

49386906.84		0		0.3		1.602176634e-20		8.820032326e-24
49386906.84		0		0.3		1.602176634e-20		3.636116694e-24
49386906.84		0		0.3		1.602176634e-20		3.35916738e-24

61733633.55		0		0.3		1.602176634e-20		7.246932018e-24
61733633.55		0		0.3		1.602176634e-20		5.020817784e-24
61733633.55		0		0.3		1.602176634e-20		3.095885291e-24

74080360.26		0		0.3		1.602176634e-20		6.890373248e-24
74080360.26		0		0.3		1.602176634e-20		5.875664943e-24
74080360.26		0		0.3		1.602176634e-20		3.320501733e-24

86427086.96		0		0.3		1.602176634e-20		8.30118747e-24
86427086.96		0		0.3		1.602176634e-20		5.383766314e-24
86427086.96		0		0.3		1.602176634e-20		3.870754558e-24

98773813.67		0		0.3		1.602176634e-20		9.939651448e-24
98773813.67		0		0.3		1.602176634e-20		4.995460162e-24
98773813.67		0		0.3		1.602176634e-20		4.686955268e-24

111120540.4		0		0.3		1.602176634e-20		8.982492608e-24
111120540.4		0		0.3		1.602176634e-20		6.106029373e-24
111120540.4		0		0.3		1.602176634e-20		4.656665994e-24

123467267.1		0		0.3		1.602176634e-20		9.8462936e-24
123467267.1		0		0.3		1.602176634e-20		6.163619355e-24
123467267.1		0		0.3		1.602176634e-20		5.209703043e-24

135813993.8		0		0.3		1.602176634e-20		1.047911564e-23
135813993.8		0		0.3		1.602176634e-20		6.401841078e-24
135813993.8		0		0.3		1.602176634e-20		5.713916707e-24

148160720.5		0		0.3		1.602176634e-20		9.877709872e-24
148160720.5		0		0.3		1.602176634e-20		7.349793388e-24
148160720.5		0		0.3		1.602176634e-20		5.86511009e-24

160507447.2		0		0.3		1.602176634e-20		1.030772438e-23
160507447.2		0		0.3		1.602176634e-20		7.660802166e-24
160507447.2		0		0.3		1.602176634e-20		6.332232569e-24

172854173.9		0		0.3		1.602176634e-20		1.013962239e-23
172854173.9		0		0.3		1.602176634e-20		8.37283473e-24
172854173.9		0		0.3		1.602176634e-20		6.69206075e-24

185200900.6		0		0.3		1.602176634e-20		1.150836693e-23
185200900.6		0		0.3		1.602176634e-20		8.096684749e-24
185200900.6		0		0.3		1.602176634e-20		7.417104475e-24

197547627.3		0		0.3		1.602176634e-20		1.190336619e-23
197547627.3		0		0.3		1.602176634e-20		8.462788023e-24
197547627.3		0		0.3		1.602176634e-20		7.940129318e-24

209894354.1		0		0.3		1.602176634e-20		1.187118798e-23
209894354.1		0		0.3		1.602176634e-20		9.048761034e-24
209894354.1		0		0.3		1.602176634e-20		8.371333278e-24

222241080.8		0		0.3		1.602176634e-20		1.182273252e-23
222241080.8		0		0.3		1.602176634e-20		9.696681963e-24
222241080.8		0		0.3		1.602176634e-20		8.850306912e-24

234587807.5		0		0.3		1.602176634e-20		1.234458789e-23
234587807.5		0		0.3		1.602176634e-20		1.009577214e-23
234587807.5		0		0.3		1.602176634e-20		9.54959639e-24

246934534.2		0		0.3		1.602176634e-20		1.306800085e-23
246934534.2		0		0.3		1.602176634e-20		1.068884644e-23
246934534.2		0		0.3		1.602176634e-20		1.030859299e-23

259281260.9		0		0.3		1.602176634e-20		1.29778193e-23
259281260.9		0		0.3		1.602176634e-20		1.174457769e-23
259281260.9		0		0.3		1.602176634e-20		1.111117721e-23

271627987.6		0		0.3		1.602176634e-20		1.360702555e-23
271627987.6		0		0.3		1.602176634e-20		1.343625237e-23
271627987.6		0		0.3		1.602176634e-20		1.226817671e-23

283974714.3		0		0.3		1.602176634e-20		1.52431172e-23
283974714.3		0		0.3		1.602176634e-20		1.521314542e-23
283974714.3		0		0.3		1.602176634e-20		1.461532981e-23

296321441		0		0.3		1.602176634e-20		1.370685879e-21
296321441		0		0.3		1.602176634e-20		1.370141807e-21
296321441		0		0.3		1.602176634e-20		1.369838908e-21

308668167.7		0		0.3		1.602176634e-20		2.871729711e-21
308668167.7		0		0.3		1.602176634e-20		2.870443035e-21
308668167.7		0		0.3		1.602176634e-20		2.869978532e-21

-339534984.5		0.3490658504		0.3		1.602176634e-20		6.896683501e-21
-339534984.5		0.3490658504		0.3		1.602176634e-20		6.893173941e-21
-339534984.5		0.3490658504		0.3		1.602176634e-20		6.891701378e-21

-325953585.1		0.3490658504		0.3		1.602176634e-20		5.077224395e-21
-325953585.1		0.3490658504		0.3		1.602176634e-20		5.075130137e-21
-325953585.1		0.3490658504		0.3		1.602176634e-20		5.074381611e-21

-312372185.7		0.3490658504		0.3		1.602176634e-20		3.334319337e-21
-312372185.7		0.3490658504		0.3		1.602176634e-20		3.332753758e-21
-312372185.7		0.3490658504		0.3		1.602176634e-20		3.332140681e-21

-298790786.4		0.3490658504		0.3		1.602176634e-20		1.665631129e-21
-298790786.4		0.3490658504		0.3		1.602176634e-20		1.665112127e-21
-298790786.4		0.3490658504		0.3		1.602176634e-20		1.664907373e-21

-285209387		0.3490658504		0.3		1.602176634e-20		7.445662834e-23
-285209387		0.3490658504		0.3		1.602176634e-20		7.441423344e-23
-285209387		0.3490658504		0.3		1.602176634e-20		7.433252826e-23

-271627987.6		0.3490658504		0.3		1.602176634e-20		1.361902643e-23
-271627987.6		0.3490658504		0.3		1.602176634e-20		1.291713357e-23
-271627987.6		0.3490658504		0.3		1.602176634e-20		1.263913049e-23

-258046588.2		0.3490658504		0.3		1.602176634e-20		1.320377845e-23
-258046588.2		0.3490658504		0.3		1.602176634e-20		1.150878183e-23
-258046588.2		0.3490658504		0.3		1.602176634e-20		1.095481337e-23

-244465188.8		0.3490658504		0.3		1.602176634e-20		1.250627785e-23
-244465188.8		0.3490658504		0.3		1.602176634e-20		1.078644552e-23
-244465188.8		0.3490658504		0.3		1.602176634e-20		9.788506613e-24

-230883789.5		0.3490658504		0.3		1.602176634e-20		1.218293753e-23
-230883789.5		0.3490658504		0.3		1.602176634e-20		1.018089302e-23
-230883789.5		0.3490658504		0.3		1.602176634e-20		8.926517471e-24

-217302390.1		0.3490658504		0.3		1.602176634e-20		1.197451721e-23
-217302390.1		0.3490658504		0.3		1.602176634e-20		9.620605376e-24
-217302390.1		0.3490658504		0.3		1.602176634e-20		8.226583402e-24

-203720990.7		0.3490658504		0.3		1.602176634e-20		1.111627494e-23
-203720990.7		0.3490658504		0.3		1.602176634e-20		9.402309618e-24
-203720990.7		0.3490658504		0.3		1.602176634e-20		7.549317862e-24

-190139591.3		0.3490658504		0.3		1.602176634e-20		1.149097489e-23
-190139591.3		0.3490658504		0.3		1.602176634e-20		8.621278124e-24
-190139591.3		0.3490658504		0.3		1.602176634e-20		7.066721256e-24

-176558191.9		0.3490658504		0.3		1.602176634e-20		1.031867152e-23
-176558191.9		0.3490658504		0.3		1.602176634e-20		8.623958254e-24
-176558191.9		0.3490658504		0.3		1.602176634e-20		6.43224736e-24

-162976792.6		0.3490658504		0.3		1.602176634e-20		1.1654501e-23
-162976792.6		0.3490658504		0.3		1.602176634e-20		7.531962115e-24
-162976792.6		0.3490658504		0.3		1.602176634e-20		6.126990973e-24

-149395393.2		0.3490658504		0.3		1.602176634e-20		1.113670287e-23
-149395393.2		0.3490658504		0.3		1.602176634e-20		7.097824551e-24
-149395393.2		0.3490658504		0.3		1.602176634e-20		5.643976254e-24

-135813993.8		0.3490658504		0.3		1.602176634e-20		1.045024305e-23
-135813993.8		0.3490658504		0.3		1.602176634e-20		6.733815497e-24
-135813993.8		0.3490658504		0.3		1.602176634e-20		5.160535777e-24

-122232594.4		0.3490658504		0.3		1.602176634e-20		1.012052501e-23
-122232594.4		0.3490658504		0.3		1.602176634e-20		6.268669188e-24
-122232594.4		0.3490658504		0.3		1.602176634e-20		4.723560042e-24

-108651195		0.3490658504		0.3		1.602176634e-20		8.647294755e-24
-108651195		0.3490658504		0.3		1.602176634e-20		6.35168003e-24
-108651195		0.3490658504		0.3		1.602176634e-20		4.146808421e-24

-95069795.66		0.3490658504		0.3		1.602176634e-20		9.730964883e-24
-95069795.66		0.3490658504		0.3		1.602176634e-20		5.30659831e-24
-95069795.66		0.3490658504		0.3		1.602176634e-20		3.921984556e-24

-81488396.28		0.3490658504		0.3		1.602176634e-20		8.184626709e-24
-81488396.28		0.3490658504		0.3		1.602176634e-20		5.361333208e-24
-81488396.28		0.3490658504		0.3		1.602176634e-20		3.366521672e-24

-67906996.9		0.3490658504		0.3		1.602176634e-20		7.448961872e-24
-67906996.9		0.3490658504		0.3		1.602176634e-20		5.243969055e-24
-67906996.9		0.3490658504		0.3		1.602176634e-20		2.918113382e-24

-54325597.52		0.3490658504		0.3		1.602176634e-20		7.72839985e-24
-54325597.52		0.3490658504		0.3		1.602176634e-20		4.528063528e-24
-54325597.52		0.3490658504		0.3		1.602176634e-20		2.702798645e-24

-40744198.14		0.3490658504		0.3		1.602176634e-20		8.57462527e-24
-40744198.14		0.3490658504		0.3		1.602176634e-20		3.821411646e-24
-40744198.14		0.3490658504		0.3		1.602176634e-20		2.59405423e-24

-27162798.76		0.3490658504		0.3		1.602176634e-20		6.586848247e-24
-27162798.76		0.3490658504		0.3		1.602176634e-20		4.44663816e-24
-27162798.76		0.3490658504		0.3		1.602176634e-20		2.080297979e-24

-13581399.38		0.3490658504		0.3		1.602176634e-20		6.473541154e-24
-13581399.38		0.3490658504		0.3		1.602176634e-20		4.296432876e-24
-13581399.38		0.3490658504		0.3		1.602176634e-20		1.93976602e-24

0		0.3490658504		0.3		1.602176634e-20		7.415087123e-24
0		0.3490658504		0.3		1.602176634e-20		3.660209672e-24
0		0.3490658504		0.3		1.602176634e-20		2.072938515e-24

13581399.38		0.3490658504		0.3		1.602176634e-20		6.473541154e-24
13581399.38		0.3490658504		0.3		1.602176634e-20		4.296432876e-24
13581399.38		0.3490658504		0.3		1.602176634e-20		1.93976602e-24

27162798.76		0.3490658504		0.3		1.602176634e-20		6.586848247e-24
27162798.76		0.3490658504		0.3		1.602176634e-20		4.44663816e-24
27162798.76		0.3490658504		0.3		1.602176634e-20		2.080297979e-24

40744198.14		0.3490658504		0.3		1.602176634e-20		8.57462527e-24
40744198.14		0.3490658504		0.3		1.602176634e-20		3.821411646e-24
40744198.14		0.3490658504		0.3		1.602176634e-20		2.59405423e-24

54325597.52		0.3490658504		0.3		1.602176634e-20		7.72839985e-24
54325597.52		0.3490658504		0.3		1.602176634e-20		4.528063528e-24
54325597.52		0.3490658504		0.3		1.602176634e-20		2.702798645e-24

67906996.9		0.3490658504		0.3		1.602176634e-20		7.448961872e-24
67906996.9		0.3490658504		0.3		1.602176634e-20		5.243969055e-24
67906996.9		0.3490658504		0.3		1.602176634e-20		2.918113382e-24

81488396.28		0.3490658504		0.3		1.602176634e-20		8.18462671e-24
81488396.28		0.3490658504		0.3		1.602176634e-20		5.361333208e-24
81488396.28		0.3490658504		0.3		1.602176634e-20		3.366521672e-24

95069795.66		0.3490658504		0.3		1.602176634e-20		9.730964879e-24
95069795.66		0.3490658504		0.3		1.602176634e-20		5.30659831e-24
95069795.66		0.3490658504		0.3		1.602176634e-20		3.921984556e-24

108651195		0.3490658504		0.3		1.602176634e-20		8.647294755e-24
108651195		0.3490658504		0.3		1.602176634e-20		6.35168003e-24
108651195		0.3490658504		0.3		1.602176634e-20		4.146808421e-24

122232594.4		0.3490658504		0.3		1.602176634e-20		1.012052501e-23
122232594.4		0.3490658504		0.3		1.602176634e-20		6.268669188e-24
122232594.4		0.3490658504		0.3		1.602176634e-20		4.723560042e-24

135813993.8		0.3490658504		0.3		1.602176634e-20		1.045024304e-23
135813993.8		0.3490658504		0.3		1.602176634e-20		6.733815497e-24
135813993.8		0.3490658504		0.3		1.602176634e-20		5.160535777e-24

149395393.2		0.3490658504		0.3		1.602176634e-20		1.113670283e-23
149395393.2		0.3490658504		0.3		1.602176634e-20		7.097824551e-24
149395393.2		0.3490658504		0.3		1.602176634e-20		5.643976254e-24

162976792.6		0.3490658504		0.3		1.602176634e-20		1.165449961e-23
162976792.6		0.3490658504		0.3		1.602176634e-20		7.531962115e-24
162976792.6		0.3490658504		0.3		1.602176634e-20		6.126990973e-24

176558191.9		0.3490658504		0.3		1.602176634e-20		1.031867152e-23
176558191.9		0.3490658504		0.3		1.602176634e-20		8.623958255e-24
176558191.9		0.3490658504		0.3		1.602176634e-20		6.43224736e-24

190139591.3		0.3490658504		0.3		1.602176634e-20		1.149097496e-23
190139591.3		0.3490658504		0.3		1.602176634e-20		8.621278124e-24
190139591.3		0.3490658504		0.3		1.602176634e-20		7.066721256e-24

203720990.7		0.3490658504		0.3		1.602176634e-20		1.111627498e-23
203720990.7		0.3490658504		0.3		1.602176634e-20		9.402309619e-24
203720990.7		0.3490658504		0.3		1.602176634e-20		7.549317862e-24

217302390.1		0.3490658504		0.3		1.602176634e-20		1.197450765e-23
217302390.1		0.3490658504		0.3		1.602176634e-20		9.620605375e-24
217302390.1		0.3490658504		0.3		1.602176634e-20		8.226583402e-24

230883789.5		0.3490658504		0.3		1.602176634e-20		1.218292923e-23
230883789.5		0.3490658504		0.3		1.602176634e-20		1.01808927e-23
230883789.5		0.3490658504		0.3		1.602176634e-20		8.926517471e-24

244465188.8		0.3490658504		0.3		1.602176634e-20		1.250627785e-23
244465188.8		0.3490658504		0.3		1.602176634e-20		1.078644552e-23
244465188.8		0.3490658504		0.3		1.602176634e-20		9.788506613e-24

258046588.2		0.3490658504		0.3		1.602176634e-20		1.320377845e-23
258046588.2		0.3490658504		0.3		1.602176634e-20		1.150878183e-23
258046588.2		0.3490658504		0.3		1.602176634e-20		1.095481337e-23

271627987.6		0.3490658504		0.3		1.602176634e-20		1.361902156e-23
271627987.6		0.3490658504		0.3		1.602176634e-20		1.291713304e-23
271627987.6		0.3490658504		0.3		1.602176634e-20		1.263913049e-23

285209387		0.3490658504		0.3		1.602176634e-20		7.445178242e-23
285209387		0.3490658504		0.3		1.602176634e-20		7.441346993e-23
285209387		0.3490658504		0.3		1.602176634e-20		7.433252812e-23

298790786.4		0.3490658504		0.3		1.602176634e-20		1.665693848e-21
298790786.4		0.3490658504		0.3		1.602176634e-20		1.665162838e-21
298790786.4		0.3490658504		0.3		1.602176634e-20		1.664893629e-21

312372185.7		0.3490658504		0.3		1.602176634e-20		3.333502955e-21
312372185.7		0.3490658504		0.3		1.602176634e-20		3.332446414e-21
312372185.7		0.3490658504		0.3		1.602176634e-20		3.332090799e-21

325953585.1		0.3490658504		0.3		1.602176634e-20		5.07699613e-21
325953585.1		0.3490658504		0.3		1.602176634e-20		5.075343923e-21
325953585.1		0.3490658504		0.3		1.602176634e-20		5.074312973e-21

339534984.5		0.3490658504		0.3		1.602176634e-20		6.895548918e-21
339534984.5		0.3490658504		0.3		1.602176634e-20		6.892747536e-21
339534984.5		0.3490658504		0.3		1.602176634e-20		6.891703543e-21

-373488483		0.6981317008		0.3		1.602176634e-20		1.176782494e-20
-373488483		0.6981317008		0.3		1.602176634e-20		1.176473975e-20
-373488483		0.6981317008		0.3		1.602176634e-20		1.17634396e-20

-358548943.6		0.6981317008		0.3		1.602176634e-20		9.567229678e-21
-358548943.6		0.6981317008		0.3		1.602176634e-20		9.563869472e-21
-358548943.6		0.6981317008		0.3		1.602176634e-20		9.562110457e-21

-343609404.3		0.6981317008		0.3		1.602176634e-20		7.454816179e-21
-343609404.3		0.6981317008		0.3		1.602176634e-20		7.45266094e-21
-343609404.3		0.6981317008		0.3		1.602176634e-20		7.451523508e-21

-328669865		0.6981317008		0.3		1.602176634e-20		5.43445421e-21
-328669865		0.6981317008		0.3		1.602176634e-20		5.432753771e-21
-328669865		0.6981317008		0.3		1.602176634e-20		5.431853391e-21

-313730325.7		0.6981317008		0.3		1.602176634e-20		3.505180346e-21
-313730325.7		0.6981317008		0.3		1.602176634e-20		3.503630567e-21
-313730325.7		0.6981317008		0.3		1.602176634e-20		3.502919156e-21

-298790786.4		0.6981317008		0.3		1.602176634e-20		1.665772479e-21
-298790786.4		0.6981317008		0.3		1.602176634e-20		1.665162894e-21
-298790786.4		0.6981317008		0.3		1.602176634e-20		1.664889576e-21

-283851247		0.6981317008		0.3		1.602176634e-20		1.514549288e-23
-283851247		0.6981317008		0.3		1.602176634e-20		1.512255284e-23
-283851247		0.6981317008		0.3		1.602176634e-20		1.470780269e-23

-268911707.7		0.6981317008		0.3		1.602176634e-20		1.352683705e-23
-268911707.7		0.6981317008		0.3		1.602176634e-20		1.262627287e-23
-268911707.7		0.6981317008		0.3		1.602176634e-20		1.149416614e-23

-253972168.4		0.6981317008		0.3		1.602176634e-20		1.274168672e-23
-253972168.4		0.6981317008		0.3		1.602176634e-20		1.164271105e-23
-253972168.4		0.6981317008		0.3		1.602176634e-20		9.606290715e-24

-239032629.1		0.6981317008		0.3		1.602176634e-20		1.23402821e-23
-239032629.1		0.6981317008		0.3		1.602176634e-20		1.091492351e-23
-239032629.1		0.6981317008		0.3		1.602176634e-20		8.424743713e-24

-224093089.8		0.6981317008		0.3		1.602176634e-20		1.271589239e-23
-224093089.8		0.6981317008		0.3		1.602176634e-20		1.018438386e-23
-224093089.8		0.6981317008		0.3		1.602176634e-20		7.542613787e-24

-209153550.5		0.6981317008		0.3		1.602176634e-20		1.250244631e-23
-209153550.5		0.6981317008		0.3		1.602176634e-20		9.604713434e-24
-209153550.5		0.6981317008		0.3		1.602176634e-20		6.813533737e-24

-194214011.1		0.6981317008		0.3		1.602176634e-20		1.222934307e-23
-194214011.1		0.6981317008		0.3		1.602176634e-20		9.060688028e-24
-194214011.1		0.6981317008		0.3		1.602176634e-20		6.178158323e-24

-179274471.8		0.6981317008		0.3		1.602176634e-20		1.163336525e-23
-179274471.8		0.6981317008		0.3		1.602176634e-20		8.566491903e-24
-179274471.8		0.6981317008		0.3		1.602176634e-20		5.594562571e-24

-164334932.5		0.6981317008		0.3		1.602176634e-20		1.111930031e-23
-164334932.5		0.6981317008		0.3		1.602176634e-20		8.096704761e-24
-164334932.5		0.6981317008		0.3		1.602176634e-20		5.049489394e-24

-149395393.2		0.6981317008		0.3		1.602176634e-20		1.103237275e-23
-149395393.2		0.6981317008		0.3		1.602176634e-20		7.528704689e-24
-149395393.2		0.6981317008		0.3		1.602176634e-20		4.546478191e-24

-134455853.9		0.6981317008		0.3		1.602176634e-20		9.080557853e-24
-134455853.9		0.6981317008		0.3		1.602176634e-20		7.643964446e-24
-134455853.9		0.6981317008		0.3		1.602176634e-20		3.984980722e-24

-119516314.5		0.6981317008		0.3		1.602176634e-20		1.031264879e-23
-119516314.5		0.6981317008		0.3		1.602176634e-20		6.496463691e-24
-119516314.5		0.6981317008		0.3		1.602176634e-20		3.591290304e-24

-104576775.2		0.6981317008		0.3		1.602176634e-20		9.186886263e-24
-104576775.2		0.6981317008		0.3		1.602176634e-20		6.166981766e-24
-104576775.2		0.6981317008		0.3		1.602176634e-20		3.124051283e-24

-89637235.91		0.6981317008		0.3		1.602176634e-20		7.845811365e-24
-89637235.91		0.6981317008		0.3		1.602176634e-20		6.155849018e-24
-89637235.91		0.6981317008		0.3		1.602176634e-20		2.624141463e-24

-74697696.59		0.6981317008		0.3		1.602176634e-20		7.440074691e-24
-74697696.59		0.6981317008		0.3		1.602176634e-20		5.707204422e-24
-74697696.59		0.6981317008		0.3		1.602176634e-20		2.216069163e-24

-59758157.27		0.6981317008		0.3		1.602176634e-20		7.204244154e-24
-59758157.27		0.6981317008		0.3		1.602176634e-20		5.203068273e-24
-59758157.27		0.6981317008		0.3		1.602176634e-20		1.874066528e-24

-44818617.95		0.6981317008		0.3		1.602176634e-20		6.853088945e-24
-44818617.95		0.6981317008		0.3		1.602176634e-20		4.873272231e-24
-44818617.95		0.6981317008		0.3		1.602176634e-20		1.541856435e-24

-29879078.64		0.6981317008		0.3		1.602176634e-20		6.716087707e-24
-29879078.64		0.6981317008		0.3		1.602176634e-20		4.51656405e-24
-29879078.64		0.6981317008		0.3		1.602176634e-20		1.324004841e-24

-14939539.32		0.6981317008		0.3		1.602176634e-20		5.666093839e-24
-14939539.32		0.6981317008		0.3		1.602176634e-20		5.003095819e-24
-14939539.32		0.6981317008		0.3		1.602176634e-20		1.096407365e-24

0		0.6981317008		0.3		1.602176634e-20		7.234229553e-24
0		0.6981317008		0.3		1.602176634e-20		3.908611543e-24
0		0.6981317008		0.3		1.602176634e-20		1.173665145e-24

14939539.32		0.6981317008		0.3		1.602176634e-20		5.666093839e-24
14939539.32		0.6981317008		0.3		1.602176634e-20		5.003095819e-24
14939539.32		0.6981317008		0.3		1.602176634e-20		1.096407365e-24

29879078.64		0.6981317008		0.3		1.602176634e-20		6.716087707e-24
29879078.64		0.6981317008		0.3		1.602176634e-20		4.51656405e-24
29879078.64		0.6981317008		0.3		1.602176634e-20		1.324004841e-24

44818617.95		0.6981317008		0.3		1.602176634e-20		6.853088945e-24
44818617.95		0.6981317008		0.3		1.602176634e-20		4.873272231e-24
44818617.95		0.6981317008		0.3		1.602176634e-20		1.541856435e-24

59758157.27		0.6981317008		0.3		1.602176634e-20		7.204244154e-24
59758157.27		0.6981317008		0.3		1.602176634e-20		5.203068273e-24
59758157.27		0.6981317008		0.3		1.602176634e-20		1.874066528e-24

74697696.59		0.6981317008		0.3		1.602176634e-20		7.440074691e-24
74697696.59		0.6981317008		0.3		1.602176634e-20		5.707204422e-24
74697696.59		0.6981317008		0.3		1.602176634e-20		2.216069163e-24

89637235.91		0.6981317008		0.3		1.602176634e-20		7.845811365e-24
89637235.91		0.6981317008		0.3		1.602176634e-20		6.155849018e-24
89637235.91		0.6981317008		0.3		1.602176634e-20		2.624141463e-24

104576775.2		0.6981317008		0.3		1.602176634e-20		9.186886263e-24
104576775.2		0.6981317008		0.3		1.602176634e-20		6.166981766e-24
104576775.2		0.6981317008		0.3		1.602176634e-20		3.124051283e-24

119516314.5		0.6981317008		0.3		1.602176634e-20		1.031264879e-23
119516314.5		0.6981317008		0.3		1.602176634e-20		6.496463691e-24
119516314.5		0.6981317008		0.3		1.602176634e-20		3.591290304e-24

134455853.9		0.6981317008		0.3		1.602176634e-20		9.080557853e-24
134455853.9		0.6981317008		0.3		1.602176634e-20		7.643964446e-24
134455853.9		0.6981317008		0.3		1.602176634e-20		3.984980722e-24

149395393.2		0.6981317008		0.3		1.602176634e-20		1.103237275e-23
149395393.2		0.6981317008		0.3		1.602176634e-20		7.528704689e-24
149395393.2		0.6981317008		0.3		1.602176634e-20		4.54647819e-24

164334932.5		0.6981317008		0.3		1.602176634e-20		1.111930031e-23
164334932.5		0.6981317008		0.3		1.602176634e-20		8.096704761e-24
164334932.5		0.6981317008		0.3		1.602176634e-20		5.049489394e-24

179274471.8		0.6981317008		0.3		1.602176634e-20		1.163336951e-23
179274471.8		0.6981317008		0.3		1.602176634e-20		8.566491903e-24
179274471.8		0.6981317008		0.3		1.602176634e-20		5.594562571e-24

194214011.1		0.6981317008		0.3		1.602176634e-20		1.222934871e-23
194214011.1		0.6981317008		0.3		1.602176634e-20		9.060688028e-24
194214011.1		0.6981317008		0.3		1.602176634e-20		6.178158323e-24

209153550.5		0.6981317008		0.3		1.602176634e-20		1.250244631e-23
209153550.5		0.6981317008		0.3		1.602176634e-20		9.604713434e-24
209153550.5		0.6981317008		0.3		1.602176634e-20		6.813533737e-24

224093089.8		0.6981317008		0.3		1.602176634e-20		1.271589239e-23
224093089.8		0.6981317008		0.3		1.602176634e-20		1.018438386e-23
224093089.8		0.6981317008		0.3		1.602176634e-20		7.542613787e-24

239032629.1		0.6981317008		0.3		1.602176634e-20		1.23402821e-23
239032629.1		0.6981317008		0.3		1.602176634e-20		1.091492351e-23
239032629.1		0.6981317008		0.3		1.602176634e-20		8.424743713e-24

253972168.4		0.6981317008		0.3		1.602176634e-20		1.274168672e-23
253972168.4		0.6981317008		0.3		1.602176634e-20		1.164271105e-23
253972168.4		0.6981317008		0.3		1.602176634e-20		9.606290715e-24

268911707.7		0.6981317008		0.3		1.602176634e-20		1.352683699e-23
268911707.7		0.6981317008		0.3		1.602176634e-20		1.262627287e-23
268911707.7		0.6981317008		0.3		1.602176634e-20		1.149416614e-23

283851247		0.6981317008		0.3		1.602176634e-20		1.514547419e-23
283851247		0.6981317008		0.3		1.602176634e-20		1.512254902e-23
283851247		0.6981317008		0.3		1.602176634e-20		1.470780269e-23

298790786.4		0.6981317008		0.3		1.602176634e-20		1.666046218e-21
298790786.4		0.6981317008		0.3		1.602176634e-20		1.665241217e-21
298790786.4		0.6981317008		0.3		1.602176634e-20		1.66490313e-21

313730325.7		0.6981317008		0.3		1.602176634e-20		3.505336151e-21
313730325.7		0.6981317008		0.3		1.602176634e-20		3.503740596e-21
313730325.7		0.6981317008		0.3		1.602176634e-20		3.503053086e-21

328669865		0.6981317008		0.3		1.602176634e-20		5.435287412e-21
328669865		0.6981317008		0.3		1.602176634e-20		5.432839341e-21
328669865		0.6981317008		0.3		1.602176634e-20		5.431837593e-21

343609404.3		0.6981317008		0.3		1.602176634e-20		7.456256141e-21
343609404.3		0.6981317008		0.3		1.602176634e-20		7.45331558e-21
343609404.3		0.6981317008		0.3		1.602176634e-20		7.451542526e-21

358548943.6		0.6981317008		0.3		1.602176634e-20		9.567905287e-21
358548943.6		0.6981317008		0.3		1.602176634e-20		9.563996032e-21
358548943.6		0.6981317008		0.3		1.602176634e-20		9.562236423e-21

373488483		0.6981317008		0.3		1.602176634e-20		1.176918438e-20
373488483		0.6981317008		0.3		1.602176634e-20		1.176555429e-20
373488483		0.6981317008		0.3		1.602176634e-20		1.176355023e-20

-410837331.2		1.047197551		0.3		1.602176634e-20		1.767421294e-20
-410837331.2		1.047197551		0.3		1.602176634e-20		1.766760545e-20
-410837331.2		1.047197551		0.3		1.602176634e-20		1.766438882e-20

-394403838		1.047197551		0.3		1.602176634e-20		1.500766417e-20
-394403838		1.047197551		0.3		1.602176634e-20		1.500084055e-20
-394403838		1.047197551		0.3		1.602176634e-20		1.499813777e-20

-377970344.7		1.047197551		0.3		1.602176634e-20		1.24495334e-20
-377970344.7		1.047197551		0.3		1.602176634e-20		1.244419184e-20
-377970344.7		1.047197551		0.3		1.602176634e-20		1.244161039e-20

-361536851.5		1.047197551		0.3		1.602176634e-20		1.000121946e-20
-361536851.5		1.047197551		0.3		1.602176634e-20		9.997123841e-21
-361536851.5		1.047197551		0.3		1.602176634e-20		9.99516155e-21

-345103358.2		1.047197551		0.3		1.602176634e-20		7.663088373e-21
-345103358.2		1.047197551		0.3		1.602176634e-20		7.659992308e-21
-345103358.2		1.047197551		0.3		1.602176634e-20		7.658585405e-21

-328669865		1.047197551		0.3		1.602176634e-20		5.435252603e-21
-328669865		1.047197551		0.3		1.602176634e-20		5.432965527e-21
-328669865		1.047197551		0.3		1.602176634e-20		5.431838489e-21

-312236371.7		1.047197551		0.3		1.602176634e-20		3.317195853e-21
-312236371.7		1.047197551		0.3		1.602176634e-20		3.315707328e-21
-312236371.7		1.047197551		0.3		1.602176634e-20		3.315101546e-21

-295802878.5		1.047197551		0.3		1.602176634e-20		1.308833873e-21
-295802878.5		1.047197551		0.3		1.602176634e-20		1.308420921e-21
-295802878.5		1.047197551		0.3		1.602176634e-20		1.308208594e-21

-279369385.2		1.047197551		0.3		1.602176634e-20		1.554567866e-23
-279369385.2		1.047197551		0.3		1.602176634e-20		1.416797677e-23
-279369385.2		1.047197551		0.3		1.602176634e-20		1.392749048e-23

-262935892		1.047197551		0.3		1.602176634e-20		1.316104061e-23
-262935892		1.047197551		0.3		1.602176634e-20		1.238780506e-23
-262935892		1.047197551		0.3		1.602176634e-20		9.315463701e-24

-246502398.7		1.047197551		0.3		1.602176634e-20		1.246373924e-23
-246502398.7		1.047197551		0.3		1.602176634e-20		1.15471162e-23
-246502398.7		1.047197551		0.3		1.602176634e-20		7.645942528e-24

-230068905.5		1.047197551		0.3		1.602176634e-20		1.194031614e-23
-230068905.5		1.047197551		0.3		1.602176634e-20		1.090999374e-23
-230068905.5		1.047197551		0.3		1.602176634e-20		6.509868205e-24

-213635412.2		1.047197551		0.3		1.602176634e-20		1.145117263e-23
-213635412.2		1.047197551		0.3		1.602176634e-20		1.036193237e-23
-213635412.2		1.047197551		0.3		1.602176634e-20		5.625262557e-24

-197201919		1.047197551		0.3		1.602176634e-20		1.172898507e-23
-197201919		1.047197551		0.3		1.602176634e-20		9.563612745e-24
-197201919		1.047197551		0.3		1.602176634e-20		4.890282037e-24

-180768425.7		1.047197551		0.3		1.602176634e-20		1.091009347e-23
-180768425.7		1.047197551		0.3		1.602176634e-20		9.131085987e-24
-180768425.7		1.047197551		0.3		1.602176634e-20		4.235833736e-24

-164334932.5		1.047197551		0.3		1.602176634e-20		1.106354318e-23
-164334932.5		1.047197551		0.3		1.602176634e-20		8.406765336e-24
-164334932.5		1.047197551		0.3		1.602176634e-20		3.639862142e-24

-147901439.2		1.047197551		0.3		1.602176634e-20		1.04883744e-23
-147901439.2		1.047197551		0.3		1.602176634e-20		7.878930554e-24
-147901439.2		1.047197551		0.3		1.602176634e-20		3.080221109e-24

-131467946		1.047197551		0.3		1.602176634e-20		1.037470154e-23
-131467946		1.047197551		0.3		1.602176634e-20		7.222784042e-24
-131467946		1.047197551		0.3		1.602176634e-20		2.557416239e-24

-115034452.7		1.047197551		0.3		1.602176634e-20		8.174862777e-24
-115034452.7		1.047197551		0.3		1.602176634e-20		7.472302062e-24
-115034452.7		1.047197551		0.3		1.602176634e-20		2.009268022e-24

-98600959.5		1.047197551		0.3		1.602176634e-20		8.358467229e-24
-98600959.5		1.047197551		0.3		1.602176634e-20		6.466661169e-24
-98600959.5		1.047197551		0.3		1.602176634e-20		1.587745107e-24

-82167466.25		1.047197551		0.3		1.602176634e-20		8.753442493e-24
-82167466.25		1.047197551		0.3		1.602176634e-20		5.606853005e-24
-82167466.25		1.047197551		0.3		1.602176634e-20		1.137915408e-24

-65733973		1.047197551		0.3		1.602176634e-20		8.227967303e-24
-65733973		1.047197551		0.3		1.602176634e-20		5.115003276e-24
-65733973		1.047197551		0.3		1.602176634e-20		7.934093951e-25

-49300479.75		1.047197551		0.3		1.602176634e-20		7.387595826e-24
-49300479.75		1.047197551		0.3		1.602176634e-20		4.846049438e-24
-49300479.75		1.047197551		0.3		1.602176634e-20		4.548138723e-25

-32866986.5		1.047197551		0.3		1.602176634e-20		7.45506409e-24
-32866986.5		1.047197551		0.3		1.602176634e-20		4.358114882e-24
-32866986.5		1.047197551		0.3		1.602176634e-20		1.2852647e-25

-16433493.25		1.047197551		0.3		1.602176634e-20		6.171792673e-24
-16433493.25		1.047197551		0.3		1.602176634e-20		4.67382298e-24
-16433493.25		1.047197551		0.3		1.602176634e-20		1.117716436e-25

0		1.047197551		0.3		1.602176634e-20		7.023143257e-24
0		1.047197551		0.3		1.602176634e-20		4.106420781e-24
0		1.047197551		0.3		1.602176634e-20		1.118858884e-25

16433493.25		1.047197551		0.3		1.602176634e-20		6.171792673e-24
16433493.25		1.047197551		0.3		1.602176634e-20		4.67382298e-24
16433493.25		1.047197551		0.3		1.602176634e-20		1.117716436e-25

32866986.5		1.047197551		0.3		1.602176634e-20		7.45506409e-24
32866986.5		1.047197551		0.3		1.602176634e-20		4.358114882e-24
32866986.5		1.047197551		0.3		1.602176634e-20		1.2852647e-25

49300479.75		1.047197551		0.3		1.602176634e-20		7.387595826e-24
49300479.75		1.047197551		0.3		1.602176634e-20		4.846049438e-24
49300479.75		1.047197551		0.3		1.602176634e-20		4.548138723e-25

65733973		1.047197551		0.3		1.602176634e-20		8.227967303e-24
65733973		1.047197551		0.3		1.602176634e-20		5.115003276e-24
65733973		1.047197551		0.3		1.602176634e-20		7.934093951e-25

82167466.25		1.047197551		0.3		1.602176634e-20		8.753442493e-24
82167466.25		1.047197551		0.3		1.602176634e-20		5.606853005e-24
82167466.25		1.047197551		0.3		1.602176634e-20		1.137915408e-24

98600959.5		1.047197551		0.3		1.602176634e-20		8.358467229e-24
98600959.5		1.047197551		0.3		1.602176634e-20		6.466661169e-24
98600959.5		1.047197551		0.3		1.602176634e-20		1.587745107e-24

115034452.7		1.047197551		0.3		1.602176634e-20		8.174862777e-24
115034452.7		1.047197551		0.3		1.602176634e-20		7.472302062e-24
115034452.7		1.047197551		0.3		1.602176634e-20		2.009268022e-24

131467946		1.047197551		0.3		1.602176634e-20		1.037470154e-23
131467946		1.047197551		0.3		1.602176634e-20		7.222784042e-24
131467946		1.047197551		0.3		1.602176634e-20		2.557416239e-24

147901439.2		1.047197551		0.3		1.602176634e-20		1.04883744e-23
147901439.2		1.047197551		0.3		1.602176634e-20		7.878930554e-24
147901439.2		1.047197551		0.3		1.602176634e-20		3.080221109e-24

164334932.5		1.047197551		0.3		1.602176634e-20		1.106354319e-23
164334932.5		1.047197551		0.3		1.602176634e-20		8.406765336e-24
164334932.5		1.047197551		0.3		1.602176634e-20		3.639862142e-24

180768425.7		1.047197551		0.3		1.602176634e-20		1.091009347e-23
180768425.7		1.047197551		0.3		1.602176634e-20		9.131085987e-24
180768425.7		1.047197551		0.3		1.602176634e-20		4.235833736e-24

197201919		1.047197551		0.3		1.602176634e-20		1.172898573e-23
197201919		1.047197551		0.3		1.602176634e-20		9.563612746e-24
197201919		1.047197551		0.3		1.602176634e-20		4.890282037e-24

213635412.2		1.047197551		0.3		1.602176634e-20		1.145117279e-23
213635412.2		1.047197551		0.3		1.602176634e-20		1.036193235e-23
213635412.2		1.047197551		0.3		1.602176634e-20		5.625262557e-24

230068905.5		1.047197551		0.3		1.602176634e-20		1.194030723e-23
230068905.5		1.047197551		0.3		1.602176634e-20		1.090999349e-23
230068905.5		1.047197551		0.3		1.602176634e-20		6.509868205e-24

246502398.7		1.047197551		0.3		1.602176634e-20		1.246373924e-23
246502398.7		1.047197551		0.3		1.602176634e-20		1.15471162e-23
246502398.7		1.047197551		0.3		1.602176634e-20		7.645942528e-24

262935892		1.047197551		0.3		1.602176634e-20		1.316104061e-23
262935892		1.047197551		0.3		1.602176634e-20		1.238780506e-23
262935892		1.047197551		0.3		1.602176634e-20		9.315463701e-24

279369385.2		1.047197551		0.3		1.602176634e-20		1.554569903e-23
279369385.2		1.047197551		0.3		1.602176634e-20		1.416797677e-23
279369385.2		1.047197551		0.3		1.602176634e-20		1.392749048e-23

295802878.5		1.047197551		0.3		1.602176634e-20		1.309261894e-21
295802878.5		1.047197551		0.3		1.602176634e-20		1.308517035e-21
295802878.5		1.047197551		0.3		1.602176634e-20		1.308222397e-21

312236371.7		1.047197551		0.3		1.602176634e-20		3.316189156e-21
312236371.7		1.047197551		0.3		1.602176634e-20		3.315403456e-21
312236371.7		1.047197551		0.3		1.602176634e-20		3.315010608e-21

328669865		1.047197551		0.3		1.602176634e-20		5.434190413e-21
328669865		1.047197551		0.3		1.602176634e-20		5.432711752e-21
328669865		1.047197551		0.3		1.602176634e-20		5.431826807e-21

345103358.2		1.047197551		0.3		1.602176634e-20		7.661224074e-21
345103358.2		1.047197551		0.3		1.602176634e-20		7.659445407e-21
345103358.2		1.047197551		0.3		1.602176634e-20		7.658445312e-21

361536851.5		1.047197551		0.3		1.602176634e-20		9.998656329e-21
361536851.5		1.047197551		0.3		1.602176634e-20		9.996359091e-21
361536851.5		1.047197551		0.3		1.602176634e-20		9.9950744e-21

377970344.7		1.047197551		0.3		1.602176634e-20		1.244866971e-20
377970344.7		1.047197551		0.3		1.602176634e-20		1.244371247e-20
377970344.7		1.047197551		0.3		1.602176634e-20		1.244162635e-20

394403838		1.047197551		0.3		1.602176634e-20		1.50063864e-20
394403838		1.047197551		0.3		1.602176634e-20		1.500089941e-20
394403838		1.047197551		0.3		1.602176634e-20		1.499799642e-20

410837331.2		1.047197551		0.3		1.602176634e-20		1.76739867e-20
410837331.2		1.047197551		0.3		1.602176634e-20		1.766760501e-20
410837331.2		1.047197551		0.3		1.602176634e-20		1.766447436e-20

-451921064.4		1.396263402		0.3		1.602176634e-20		2.48239162e-20
-451921064.4		1.396263402		0.3		1.602176634e-20		2.481531131e-20
-451921064.4		1.396263402		0.3		1.602176634e-20		2.481097644e-20

-433844221.8		1.396263402		0.3		1.602176634e-20		2.159443093e-20
-433844221.8		1.396263402		0.3		1.602176634e-20		2.158551146e-20
-433844221.8		1.396263402		0.3		1.602176634e-20		2.158188427e-20

-415767379.2		1.396263402		0.3		1.602176634e-20		1.849584527e-20
-415767379.2		1.396263402		0.3		1.602176634e-20		1.848940364e-20
-415767379.2		1.396263402		0.3		1.602176634e-20		1.848576582e-20

-397690536.6		1.396263402		0.3		1.602176634e-20		1.553166365e-20
-397690536.6		1.396263402		0.3		1.602176634e-20		1.55253344e-20
-397690536.6		1.396263402		0.3		1.602176634e-20		1.552254737e-20

-379613694.1		1.396263402		0.3		1.602176634e-20		1.269750376e-20
-379613694.1		1.396263402		0.3		1.602176634e-20		1.269391646e-20
-379613694.1		1.396263402		0.3		1.602176634e-20		1.269219851e-20

-361536851.5		1.396263402		0.3		1.602176634e-20		1.000060661e-20
-361536851.5		1.396263402		0.3		1.602176634e-20		9.996824804e-21
-361536851.5		1.396263402		0.3		1.602176634e-20		9.995089256e-21

-343460008.9		1.396263402		0.3		1.602176634e-20		7.436377516e-21
-343460008.9		1.396263402		0.3		1.602176634e-20		7.432686169e-21
-343460008.9		1.396263402		0.3		1.602176634e-20		7.431019189e-21

-325383166.3		1.396263402		0.3		1.602176634e-20		5.003013564e-21
-325383166.3		1.396263402		0.3		1.602176634e-20		5.00067235e-21
-325383166.3		1.396263402		0.3		1.602176634e-20		4.99969914e-21

-307306323.8		1.396263402		0.3		1.602176634e-20		2.702995909e-21
-307306323.8		1.396263402		0.3		1.602176634e-20		2.701957848e-21
-307306323.8		1.396263402		0.3		1.602176634e-20		2.701436053e-21

-289229481.2		1.396263402		0.3		1.602176634e-20		5.36701742e-22
-289229481.2		1.396263402		0.3		1.602176634e-20		5.364708859e-22
-289229481.2		1.396263402		0.3		1.602176634e-20		5.363448691e-22

-271152638.6		1.396263402		0.3		1.602176634e-20		1.364841833e-23
-271152638.6		1.396263402		0.3		1.602176634e-20		1.30997744e-23
-271152638.6		1.396263402		0.3		1.602176634e-20		8.970611422e-24

-253075796		1.396263402		0.3		1.602176634e-20		1.292912312e-23
-253075796		1.396263402		0.3		1.602176634e-20		1.198119007e-23
-253075796		1.396263402		0.3		1.602176634e-20		6.565798204e-24

-234998953.5		1.396263402		0.3		1.602176634e-20		1.20621947e-23
-234998953.5		1.396263402		0.3		1.602176634e-20		1.13200312e-23
-234998953.5		1.396263402		0.3		1.602176634e-20		5.134408382e-24

-216922110.9		1.396263402		0.3		1.602176634e-20		1.190947077e-23
-216922110.9		1.396263402		0.3		1.602176634e-20		1.054700187e-23
-216922110.9		1.396263402		0.3		1.602176634e-20		4.086162425e-24

-198845268.3		1.396263402		0.3		1.602176634e-20		1.126676423e-23
-198845268.3		1.396263402		0.3		1.602176634e-20		1.001144853e-23
-198845268.3		1.396263402		0.3		1.602176634e-20		3.235086317e-24

-180768425.7		1.396263402		0.3		1.602176634e-20		1.090656308e-23
-180768425.7		1.396263402		0.3		1.602176634e-20		9.349398969e-24
-180768425.7		1.396263402		0.3		1.602176634e-20		2.513325133e-24

-162691583.2		1.396263402		0.3		1.602176634e-20		1.098583353e-23
-162691583.2		1.396263402		0.3		1.602176634e-20		8.562228328e-24
-162691583.2		1.396263402		0.3		1.602176634e-20		1.863310365e-24

-144614740.6		1.396263402		0.3		1.602176634e-20		1.065373437e-23
-144614740.6		1.396263402		0.3		1.602176634e-20		7.900369774e-24
-144614740.6		1.396263402		0.3		1.602176634e-20		1.257209212e-24

-126537898		1.396263402		0.3		1.602176634e-20		9.981649411e-24
-126537898		1.396263402		0.3		1.602176634e-20		7.29421159e-24
-126537898		1.396263402		0.3		1.602176634e-20		7.367764374e-25

-108461055.4		1.396263402		0.3		1.602176634e-20		9.421578804e-24
-108461055.4		1.396263402		0.3		1.602176634e-20		6.668890219e-24
-108461055.4		1.396263402		0.3		1.602176634e-20		2.027997124e-25

-90384212.87		1.396263402		0.3		1.602176634e-20		8.185972274e-24
-90384212.87		1.396263402		0.3		1.602176634e-20		6.319726377e-24
-90384212.87		1.396263402		0.3		1.602176634e-20		3.668069838e-25

-72307370.3		1.396263402		0.3		1.602176634e-20		6.870297915e-24
-72307370.3		1.396263402		0.3		1.602176634e-20		6.238093891e-24
-72307370.3		1.396263402		0.3		1.602176634e-20		8.532865203e-25

-54230527.72		1.396263402		0.3		1.602176634e-20		6.475613688e-24
-54230527.72		1.396263402		0.3		1.602176634e-20		5.65503381e-24
-54230527.72		1.396263402		0.3		1.602176634e-20		1.251808442e-24

-36153685.15		1.396263402		0.3		1.602176634e-20		6.866985584e-24
-36153685.15		1.396263402		0.3		1.602176634e-20		4.759522258e-24
-36153685.15		1.396263402		0.3		1.602176634e-20		1.523075628e-24

-18076842.57		1.396263402		0.3		1.602176634e-20		5.712038927e-24
-18076842.57		1.396263402		0.3		1.602176634e-20		5.078239536e-24
-18076842.57		1.396263402		0.3		1.602176634e-20		1.723203591e-24

5.960464478e-08		1.396263402		0.3		1.602176634e-20		6.832657317e-24
5.960464478e-08		1.396263402		0.3		1.602176634e-20		4.250914604e-24
5.960464478e-08		1.396263402		0.3		1.602176634e-20		1.763203583e-24

18076842.57		1.396263402		0.3		1.602176634e-20		5.712038927e-24
18076842.57		1.396263402		0.3		1.602176634e-20		5.078239536e-24
18076842.57		1.396263402		0.3		1.602176634e-20		1.723203591e-24

36153685.15		1.396263402		0.3		1.602176634e-20		6.866985584e-24
36153685.15		1.396263402		0.3		1.602176634e-20		4.759522258e-24
36153685.15		1.396263402		0.3		1.602176634e-20		1.523075628e-24

54230527.72		1.396263402		0.3		1.602176634e-20		6.475613688e-24
54230527.72		1.396263402		0.3		1.602176634e-20		5.65503381e-24
54230527.72		1.396263402		0.3		1.602176634e-20		1.251808442e-24

72307370.3		1.396263402		0.3		1.602176634e-20		6.870297915e-24
72307370.3		1.396263402		0.3		1.602176634e-20		6.238093891e-24
72307370.3		1.396263402		0.3		1.602176634e-20		8.532865203e-25

90384212.87		1.396263402		0.3		1.602176634e-20		8.185972274e-24
90384212.87		1.396263402		0.3		1.602176634e-20		6.319726377e-24
90384212.87		1.396263402		0.3		1.602176634e-20		3.668069838e-25

108461055.4		1.396263402		0.3		1.602176634e-20		9.421578804e-24
108461055.4		1.396263402		0.3		1.602176634e-20		6.668890219e-24
108461055.4		1.396263402		0.3		1.602176634e-20		2.027997124e-25

126537898		1.396263402		0.3		1.602176634e-20		9.981649407e-24
126537898		1.396263402		0.3		1.602176634e-20		7.29421159e-24
126537898		1.396263402		0.3		1.602176634e-20		7.367764373e-25

144614740.6		1.396263402		0.3		1.602176634e-20		1.065373438e-23
144614740.6		1.396263402		0.3		1.602176634e-20		7.900369774e-24
144614740.6		1.396263402		0.3		1.602176634e-20		1.257209212e-24

162691583.2		1.396263402		0.3		1.602176634e-20		1.098583338e-23
162691583.2		1.396263402		0.3		1.602176634e-20		8.562228328e-24
162691583.2		1.396263402		0.3		1.602176634e-20		1.863310365e-24

180768425.7		1.396263402		0.3		1.602176634e-20		1.090656307e-23
180768425.7		1.396263402		0.3		1.602176634e-20		9.349398969e-24
180768425.7		1.396263402		0.3		1.602176634e-20		2.513325133e-24

198845268.3		1.396263402		0.3		1.602176634e-20		1.126676409e-23
198845268.3		1.396263402		0.3		1.602176634e-20		1.001144853e-23
198845268.3		1.396263402		0.3		1.602176634e-20		3.235086317e-24

216922110.9		1.396263402		0.3		1.602176634e-20		1.190946851e-23
216922110.9		1.396263402		0.3		1.602176634e-20		1.054700187e-23
216922110.9		1.396263402		0.3		1.602176634e-20		4.086162425e-24

234998953.5		1.396263402		0.3		1.602176634e-20		1.20621947e-23
234998953.5		1.396263402		0.3		1.602176634e-20		1.13200312e-23
234998953.5		1.396263402		0.3		1.602176634e-20		5.134408382e-24

253075796		1.396263402		0.3		1.602176634e-20		1.292912315e-23
253075796		1.396263402		0.3		1.602176634e-20		1.198119007e-23
253075796		1.396263402		0.3		1.602176634e-20		6.565798204e-24

271152638.6		1.396263402		0.3		1.602176634e-20		1.364841699e-23
271152638.6		1.396263402		0.3		1.602176634e-20		1.30997744e-23
271152638.6		1.396263402		0.3		1.602176634e-20		8.970611422e-24

289229481.2		1.396263402		0.3		1.602176634e-20		5.36589453e-22
289229481.2		1.396263402		0.3		1.602176634e-20		5.364296766e-22
289229481.2		1.396263402		0.3		1.602176634e-20		5.363518499e-22

307306323.8		1.396263402		0.3		1.602176634e-20		2.702574946e-21
307306323.8		1.396263402		0.3		1.602176634e-20		2.701843572e-21
307306323.8		1.396263402		0.3		1.602176634e-20		2.701438949e-21

325383166.3		1.396263402		0.3		1.602176634e-20		5.00305459e-21
325383166.3		1.396263402		0.3		1.602176634e-20		5.000871889e-21
325383166.3		1.396263402		0.3		1.602176634e-20		4.999691312e-21

343460008.9		1.396263402		0.3		1.602176634e-20		7.435035991e-21
343460008.9		1.396263402		0.3		1.602176634e-20		7.431937011e-21
343460008.9		1.396263402		0.3		1.602176634e-20		7.430883672e-21

361536851.5		1.396263402		0.3		1.602176634e-20		1.000223728e-20
361536851.5		1.396263402		0.3		1.602176634e-20		9.99760151e-21
361536851.5		1.396263402		0.3		1.602176634e-20		9.995094923e-21

379613694.1		1.396263402		0.3		1.602176634e-20		1.270084773e-20
379613694.1		1.396263402		0.3		1.602176634e-20		1.269486555e-20
379613694.1		1.396263402		0.3		1.602176634e-20		1.269243436e-20

397690536.6		1.396263402		0.3		1.602176634e-20		1.552912184e-20
397690536.6		1.396263402		0.3		1.602176634e-20		1.552483314e-20
397690536.6		1.396263402		0.3		1.602176634e-20		1.552247276e-20

415767379.2		1.396263402		0.3		1.602176634e-20		1.849632235e-20
415767379.2		1.396263402		0.3		1.602176634e-20		1.848911383e-20
415767379.2		1.396263402		0.3		1.602176634e-20		1.848570958e-20

433844221.8		1.396263402		0.3		1.602176634e-20		2.159304483e-20
433844221.8		1.396263402		0.3		1.602176634e-20		2.158570388e-20
433844221.8		1.396263402		0.3		1.602176634e-20		2.158204488e-20

451921064.4		1.396263402		0.3		1.602176634e-20		2.482440407e-20
451921064.4		1.396263402		0.3		1.602176634e-20		2.481550177e-20
451921064.4		1.396263402		0.3		1.602176634e-20		2.481091422e-20

-497113170.8		1.745329252		0.3		1.602176634e-20		3.348288292e-20
-497113170.8		1.745329252		0.3		1.602176634e-20		3.347164036e-20
-497113170.8		1.745329252		0.3		1.602176634e-20		3.346548342e-20

-477228644		1.745329252		0.3		1.602176634e-20		2.956981574e-20
-477228644		1.745329252		0.3		1.602176634e-20		2.956026751e-20
-477228644		1.745329252		0.3		1.602176634e-20		2.955495378e-20

-457344117.1		1.745329252		0.3		1.602176634e-20		2.581981702e-20
-457344117.1		1.745329252		0.3		1.602176634e-20		2.580990332e-20
-457344117.1		1.745329252		0.3		1.602176634e-20		2.580553902e-20

-437459590.3		1.745329252		0.3		1.602176634e-20		2.223195321e-20
-437459590.3		1.745329252		0.3		1.602176634e-20		2.222203895e-20
-437459590.3		1.745329252		0.3		1.602176634e-20		2.221693784e-20

-417575063.5		1.745329252		0.3		1.602176634e-20		1.879907545e-20
-417575063.5		1.745329252		0.3		1.602176634e-20		1.879260365e-20
-417575063.5		1.745329252		0.3		1.602176634e-20		1.878934416e-20

-397690536.6		1.745329252		0.3		1.602176634e-20		1.553100678e-20
-397690536.6		1.745329252		0.3		1.602176634e-20		1.552480384e-20
-397690536.6		1.745329252		0.3		1.602176634e-20		1.552240794e-20

-377806009.8		1.745329252		0.3		1.602176634e-20		1.2422697e-20
-377806009.8		1.745329252		0.3		1.602176634e-20		1.241856507e-20
-377806009.8		1.745329252		0.3		1.602176634e-20		1.241659291e-20

-357921483		1.745329252		0.3		1.602176634e-20		9.476900425e-21
-357921483		1.745329252		0.3		1.602176634e-20		9.473365528e-21
-357921483		1.745329252		0.3		1.602176634e-20		9.471573105e-21

-338036956.2		1.745329252		0.3		1.602176634e-20		6.691575146e-21
-338036956.2		1.745329252		0.3		1.602176634e-20		6.688706053e-21
-338036956.2		1.745329252		0.3		1.602176634e-20		6.687620662e-21

-318152429.3		1.745329252		0.3		1.602176634e-20		4.066236349e-21
-318152429.3		1.745329252		0.3		1.602176634e-20		4.064939017e-21
-318152429.3		1.745329252		0.3		1.602176634e-20		4.064415019e-21

-298267902.5		1.745329252		0.3		1.602176634e-20		1.602951909e-21
-298267902.5		1.745329252		0.3		1.602176634e-20		1.602439333e-21
-298267902.5		1.745329252		0.3		1.602176634e-20		1.6022101e-21

-278383375.7		1.745329252		0.3		1.602176634e-20		1.408865337e-23
-278383375.7		1.745329252		0.3		1.602176634e-20		1.387454652e-23
-278383375.7		1.745329252		0.3		1.602176634e-20		1.262679582e-23

-258498848.8		1.745329252		0.3		1.602176634e-20		1.294167266e-23
-258498848.8		1.745329252		0.3		1.602176634e-20		1.242314177e-23
-258498848.8		1.745329252		0.3		1.602176634e-20		5.156266121e-24

-238614322		1.745329252		0.3		1.602176634e-20		1.236313256e-23
-238614322		1.745329252		0.3		1.602176634e-20		1.153014375e-23
-238614322		1.745329252		0.3		1.602176634e-20		3.38589134e-24

-218729795.2		1.745329252		0.3		1.602176634e-20		1.180002286e-23
-218729795.2		1.745329252		0.3		1.602176634e-20		1.082153146e-23
-218729795.2		1.745329252		0.3		1.602176634e-20		2.168032139e-24

-198845268.3		1.745329252		0.3		1.602176634e-20		1.12631892e-23
-198845268.3		1.745329252		0.3		1.602176634e-20		1.017589349e-23
-198845268.3		1.745329252		0.3		1.602176634e-20		1.2098195e-24

-178960741.5		1.745329252		0.3		1.602176634e-20		1.031495901e-23
-178960741.5		1.745329252		0.3		1.602176634e-20		9.762072873e-24
-178960741.5		1.745329252		0.3		1.602176634e-20		4.598939672e-25

-159076214.7		1.745329252		0.3		1.602176634e-20		9.830632463e-24
-159076214.7		1.745329252		0.3		1.602176634e-20		9.037659613e-24
-159076214.7		1.745329252		0.3		1.602176634e-20		4.135970736e-25

-139191687.8		1.745329252		0.3		1.602176634e-20		9.602821454e-24
-139191687.8		1.745329252		0.3		1.602176634e-20		8.158807605e-24
-139191687.8		1.745329252		0.3		1.602176634e-20		9.687561932e-25

-119307161		1.745329252		0.3		1.602176634e-20		9.787437868e-24
-119307161		1.745329252		0.3		1.602176634e-20		7.167854637e-24
-119307161		1.745329252		0.3		1.602176634e-20		1.570616936e-24

-99422634.16		1.745329252		0.3		1.602176634e-20		7.743169762e-24
-99422634.16		1.745329252		0.3		1.602176634e-20		7.161363834e-24
-99422634.16		1.745329252		0.3		1.602176634e-20		2.160033349e-24

-79538107.33		1.745329252		0.3		1.602176634e-20		7.640533327e-24
-79538107.33		1.745329252		0.3		1.602176634e-20		6.169095988e-24
-79538107.33		1.745329252		0.3		1.602176634e-20		2.654820529e-24

-59653580.5		1.745329252		0.3		1.602176634e-20		6.381700556e-24
-59653580.5		1.745329252		0.3		1.602176634e-20		6.055148895e-24
-59653580.5		1.745329252		0.3		1.602176634e-20		3.112271258e-24

-39769053.66		1.745329252		0.3		1.602176634e-20		5.796167884e-24
-39769053.66		1.745329252		0.3		1.602176634e-20		5.681839865e-24
-39769053.66		1.745329252		0.3		1.602176634e-20		3.444376884e-24

-19884526.83		1.745329252		0.3		1.602176634e-20		6.40190918e-24
-19884526.83		1.745329252		0.3		1.602176634e-20		4.666411955e-24
-19884526.83		1.745329252		0.3		1.602176634e-20		3.673119964e-24

0		1.745329252		0.3		1.602176634e-20		6.681590765e-24
0		1.745329252		0.3		1.602176634e-20		4.353905318e-24
0		1.745329252		0.3		1.602176634e-20		3.750451771e-24

19884526.83		1.745329252		0.3		1.602176634e-20		6.40190918e-24
19884526.83		1.745329252		0.3		1.602176634e-20		4.666411955e-24
19884526.83		1.745329252		0.3		1.602176634e-20		3.673119964e-24

39769053.66		1.745329252		0.3		1.602176634e-20		5.796167884e-24
39769053.66		1.745329252		0.3		1.602176634e-20		5.681839865e-24
39769053.66		1.745329252		0.3		1.602176634e-20		3.444376884e-24

59653580.5		1.745329252		0.3		1.602176634e-20		6.381700556e-24
59653580.5		1.745329252		0.3		1.602176634e-20		6.055148895e-24
59653580.5		1.745329252		0.3		1.602176634e-20		3.112271258e-24

79538107.33		1.745329252		0.3		1.602176634e-20		7.640533327e-24
79538107.33		1.745329252		0.3		1.602176634e-20		6.169095988e-24
79538107.33		1.745329252		0.3		1.602176634e-20		2.654820529e-24

99422634.16		1.745329252		0.3		1.602176634e-20		7.743169762e-24
99422634.16		1.745329252		0.3		1.602176634e-20		7.161363834e-24
99422634.16		1.745329252		0.3		1.602176634e-20		2.160033349e-24

119307161		1.745329252		0.3		1.602176634e-20		9.787437868e-24
119307161		1.745329252		0.3		1.602176634e-20		7.167854637e-24
119307161		1.745329252		0.3		1.602176634e-20		1.570616936e-24

139191687.8		1.745329252		0.3		1.602176634e-20		9.602821454e-24
139191687.8		1.745329252		0.3		1.602176634e-20		8.158807605e-24
139191687.8		1.745329252		0.3		1.602176634e-20		9.687561932e-25

159076214.7		1.745329252		0.3		1.602176634e-20		9.83063245e-24
159076214.7		1.745329252		0.3		1.602176634e-20		9.037659613e-24
159076214.7		1.745329252		0.3		1.602176634e-20		4.135970736e-25

178960741.5		1.745329252		0.3		1.602176634e-20		1.0314959e-23
178960741.5		1.745329252		0.3		1.602176634e-20		9.762072873e-24
178960741.5		1.745329252		0.3		1.602176634e-20		4.598939672e-25

198845268.3		1.745329252		0.3		1.602176634e-20		1.126318897e-23
198845268.3		1.745329252		0.3		1.602176634e-20		1.017589349e-23
198845268.3		1.745329252		0.3		1.602176634e-20		1.2098195e-24

218729795.2		1.745329252		0.3		1.602176634e-20		1.1800014e-23
218729795.2		1.745329252		0.3		1.602176634e-20		1.082153117e-23
218729795.2		1.745329252		0.3		1.602176634e-20		2.168032139e-24

238614322		1.745329252		0.3		1.602176634e-20		1.236313256e-23
238614322		1.745329252		0.3		1.602176634e-20		1.153014375e-23
238614322		1.745329252		0.3		1.602176634e-20		3.38589134e-24

258498848.8		1.745329252		0.3		1.602176634e-20		1.294167266e-23
258498848.8		1.745329252		0.3		1.602176634e-20		1.242314177e-23
258498848.8		1.745329252		0.3		1.602176634e-20		5.156266121e-24

278383375.7		1.745329252		0.3		1.602176634e-20		1.408865336e-23
278383375.7		1.745329252		0.3		1.602176634e-20		1.387454652e-23
278383375.7		1.745329252		0.3		1.602176634e-20		1.262679582e-23

298267902.5		1.745329252		0.3		1.602176634e-20		1.603316907e-21
298267902.5		1.745329252		0.3		1.602176634e-20		1.602522283e-21
298267902.5		1.745329252		0.3		1.602176634e-20		1.602223893e-21

318152429.3		1.745329252		0.3		1.602176634e-20		4.067097514e-21
318152429.3		1.745329252		0.3		1.602176634e-20		4.065209698e-21
318152429.3		1.745329252		0.3		1.602176634e-20		4.064408913e-21

338036956.2		1.745329252		0.3		1.602176634e-20		6.691185623e-21
338036956.2		1.745329252		0.3		1.602176634e-20		6.688834989e-21
338036956.2		1.745329252		0.3		1.602176634e-20		6.687585662e-21

357921483		1.745329252		0.3		1.602176634e-20		9.475226608e-21
357921483		1.745329252		0.3		1.602176634e-20		9.473110785e-21
357921483		1.745329252		0.3		1.602176634e-20		9.471537678e-21

377806009.8		1.745329252		0.3		1.602176634e-20		1.242408764e-20
377806009.8		1.745329252		0.3		1.602176634e-20		1.241879366e-20
377806009.8		1.745329252		0.3		1.602176634e-20		1.241664603e-20

397690536.6		1.745329252		0.3		1.602176634e-20		1.553150047e-20
397690536.6		1.745329252		0.3		1.602176634e-20		1.552555142e-20
397690536.6		1.745329252		0.3		1.602176634e-20		1.552259273e-20

417575063.5		1.745329252		0.3		1.602176634e-20		1.879966771e-20
417575063.5		1.745329252		0.3		1.602176634e-20		1.879284267e-20
417575063.5		1.745329252		0.3		1.602176634e-20		1.878929246e-20

437459590.3		1.745329252		0.3		1.602176634e-20		2.222785303e-20
437459590.3		1.745329252		0.3		1.602176634e-20		2.222049012e-20
437459590.3		1.745329252		0.3		1.602176634e-20		2.221685644e-20

457344117.1		1.745329252		0.3		1.602176634e-20		2.581924145e-20
457344117.1		1.745329252		0.3		1.602176634e-20		2.581030046e-20
457344117.1		1.745329252		0.3		1.602176634e-20		2.58058087e-20

477228644		1.745329252		0.3		1.602176634e-20		2.957029653e-20
477228644		1.745329252		0.3		1.602176634e-20		2.956030431e-20
477228644		1.745329252		0.3		1.602176634e-20		2.955519851e-20

497113170.8		1.745329252		0.3		1.602176634e-20		3.34861465e-20
497113170.8		1.745329252		0.3		1.602176634e-20		3.347160702e-20
497113170.8		1.745329252		0.3		1.602176634e-20		3.346574984e-20

-546824487.9		2.094395102		0.3		1.602176634e-20		4.396472566e-20
-546824487.9		2.094395102		0.3		1.602176634e-20		4.395112391e-20
-546824487.9		2.094395102		0.3		1.602176634e-20		4.394540494e-20

-524951508.4		2.094395102		0.3		1.602176634e-20		3.922871647e-20
-524951508.4		2.094395102		0.3		1.602176634e-20		3.921568063e-20
-524951508.4		2.094395102		0.3		1.602176634e-20		3.921019913e-20

-503078528.9		2.094395102		0.3		1.602176634e-20		3.469189581e-20
-503078528.9		2.094395102		0.3		1.602176634e-20		3.467817009e-20
-503078528.9		2.094395102		0.3		1.602176634e-20		3.467025665e-20

-481205549.3		2.094395102		0.3		1.602176634e-20		3.033825085e-20
-481205549.3		2.094395102		0.3		1.602176634e-20		3.032907136e-20
-481205549.3		2.094395102		0.3		1.602176634e-20		3.032425582e-20

-459332569.8		2.094395102		0.3		1.602176634e-20		2.618749516e-20
-459332569.8		2.094395102		0.3		1.602176634e-20		2.617828806e-20
-459332569.8		2.094395102		0.3		1.602176634e-20		2.61733496e-20

-437459590.3		2.094395102		0.3		1.602176634e-20		2.222938527e-20
-437459590.3		2.094395102		0.3		1.602176634e-20		2.222077832e-20
-437459590.3		2.094395102		0.3		1.602176634e-20		2.221691306e-20

-415586610.8		2.094395102		0.3		1.602176634e-20		1.846615246e-20
-415586610.8		2.094395102		0.3		1.602176634e-20		1.845856269e-20
-415586610.8		2.094395102		0.3		1.602176634e-20		1.845542478e-20

-393713631.3		2.094395102		0.3		1.602176634e-20		1.489725874e-20
-393713631.3		2.094395102		0.3		1.602176634e-20		1.489116668e-20
-393713631.3		2.094395102		0.3		1.602176634e-20		1.488843353e-20

-371840651.8		2.094395102		0.3		1.602176634e-20		1.152245148e-20
-371840651.8		2.094395102		0.3		1.602176634e-20		1.151867057e-20
-371840651.8		2.094395102		0.3		1.602176634e-20		1.151628e-20

-349967672.3		2.094395102		0.3		1.602176634e-20		8.343424034e-21
-349967672.3		2.094395102		0.3		1.602176634e-20		8.340213761e-21
-349967672.3		2.094395102		0.3		1.602176634e-20		8.33869101e-21

-328094692.7		2.094395102		0.3		1.602176634e-20		5.359204316e-21
-328094692.7		2.094395102		0.3		1.602176634e-20		5.356957238e-21
-328094692.7		2.094395102		0.3		1.602176634e-20		5.355854574e-21

-306221713.2		2.094395102		0.3		1.602176634e-20		2.568828123e-21
-306221713.2		2.094395102		0.3		1.602176634e-20		2.568113929e-21
-306221713.2		2.094395102		0.3		1.602176634e-20		2.567749822e-21

-284348733.7		2.094395102		0.3		1.602176634e-20		1.550027307e-23
-284348733.7		2.094395102		0.3		1.602176634e-20		1.549783511e-23
-284348733.7		2.094395102		0.3		1.602176634e-20		6.588312777e-24

-262475754.2		2.094395102		0.3		1.602176634e-20		1.296213217e-23
-262475754.2		2.094395102		0.3		1.602176634e-20		1.268843955e-23
-262475754.2		2.094395102		0.3		1.602176634e-20		3.397338704e-24

-240602774.7		2.094395102		0.3		1.602176634e-20		1.23661102e-23
-240602774.7		2.094395102		0.3		1.602176634e-20		1.173056746e-23
-240602774.7		2.094395102		0.3		1.602176634e-20		1.264018405e-24

-218729795.2		2.094395102		0.3		1.602176634e-20		1.180057353e-23
-218729795.2		2.094395102		0.3		1.602176634e-20		1.093103907e-23
-218729795.2		2.094395102		0.3		1.602176634e-20		1.510454218e-25

-196856815.6		2.094395102		0.3		1.602176634e-20		1.161164917e-23
-196856815.6		2.094395102		0.3		1.602176634e-20		1.006677868e-23
-196856815.6		2.094395102		0.3		1.602176634e-20		1.168259228e-24

-174983836.1		2.094395102		0.3		1.602176634e-20		1.141999062e-23
-174983836.1		2.094395102		0.3		1.602176634e-20		9.217313775e-24
-174983836.1		2.094395102		0.3		1.602176634e-20		2.047685855e-24

-153110856.6		2.094395102		0.3		1.602176634e-20		9.924094556e-24
-153110856.6		2.094395102		0.3		1.602176634e-20		8.791763557e-24
-153110856.6		2.094395102		0.3		1.602176634e-20		2.809680132e-24

-131237877.1		2.094395102		0.3		1.602176634e-20		9.431234619e-24
-131237877.1		2.094395102		0.3		1.602176634e-20		7.924207755e-24
-131237877.1		2.094395102		0.3		1.602176634e-20		3.52023223e-24

-109364897.6		2.094395102		0.3		1.602176634e-20		8.658308997e-24
-109364897.6		2.094395102		0.3		1.602176634e-20		7.217762811e-24
-109364897.6		2.094395102		0.3		1.602176634e-20		4.141285196e-24

-87491918.06		2.094395102		0.3		1.602176634e-20		7.780895049e-24
-87491918.06		2.094395102		0.3		1.602176634e-20		6.566720881e-24
-87491918.06		2.094395102		0.3		1.602176634e-20		4.710234801e-24

-65618938.55		2.094395102		0.3		1.602176634e-20		7.631544592e-24
-65618938.55		2.094395102		0.3		1.602176634e-20		5.755699213e-24
-65618938.55		2.094395102		0.3		1.602176634e-20		5.075851056e-24

-43745959.03		2.094395102		0.3		1.602176634e-20		7.220618868e-24
-43745959.03		2.094395102		0.3		1.602176634e-20		5.668851577e-24
-43745959.03		2.094395102		0.3		1.602176634e-20		4.905661735e-24

-21872979.52		2.094395102		0.3		1.602176634e-20		6.072179259e-24
-21872979.52		2.094395102		0.3		1.602176634e-20		5.963330678e-24
-21872979.52		2.094395102		0.3		1.602176634e-20		4.89530278e-24

0		2.094395102		0.3		1.602176634e-20		6.571297138e-24
0		2.094395102		0.3		1.602176634e-20		6.024295405e-24
0		2.094395102		0.3		1.602176634e-20		4.425408452e-24

21872979.52		2.094395102		0.3		1.602176634e-20		6.072179259e-24
21872979.52		2.094395102		0.3		1.602176634e-20		5.963330678e-24
21872979.52		2.094395102		0.3		1.602176634e-20		4.89530278e-24

43745959.03		2.094395102		0.3		1.602176634e-20		7.220618868e-24
43745959.03		2.094395102		0.3		1.602176634e-20		5.668851577e-24
43745959.03		2.094395102		0.3		1.602176634e-20		4.905661735e-24

65618938.55		2.094395102		0.3		1.602176634e-20		7.631544592e-24
65618938.55		2.094395102		0.3		1.602176634e-20		5.755699213e-24
65618938.55		2.094395102		0.3		1.602176634e-20		5.075851056e-24

87491918.06		2.094395102		0.3		1.602176634e-20		7.780895049e-24
87491918.06		2.094395102		0.3		1.602176634e-20		6.566720881e-24
87491918.06		2.094395102		0.3		1.602176634e-20		4.710234801e-24

109364897.6		2.094395102		0.3		1.602176634e-20		8.658308997e-24
109364897.6		2.094395102		0.3		1.602176634e-20		7.217762811e-24
109364897.6		2.094395102		0.3		1.602176634e-20		4.141285196e-24

131237877.1		2.094395102		0.3		1.602176634e-20		9.43123462e-24
131237877.1		2.094395102		0.3		1.602176634e-20		7.924207755e-24
131237877.1		2.094395102		0.3		1.602176634e-20		3.52023223e-24

153110856.6		2.094395102		0.3		1.602176634e-20		9.924094558e-24
153110856.6		2.094395102		0.3		1.602176634e-20		8.791763557e-24
153110856.6		2.094395102		0.3		1.602176634e-20		2.809680132e-24

174983836.1		2.094395102		0.3		1.602176634e-20		1.141998595e-23
174983836.1		2.094395102		0.3		1.602176634e-20		9.217313775e-24
174983836.1		2.094395102		0.3		1.602176634e-20		2.047685855e-24

196856815.6		2.094395102		0.3		1.602176634e-20		1.161165231e-23
196856815.6		2.094395102		0.3		1.602176634e-20		1.006677868e-23
196856815.6		2.094395102		0.3		1.602176634e-20		1.168259228e-24

218729795.2		2.094395102		0.3		1.602176634e-20		1.180057353e-23
218729795.2		2.094395102		0.3		1.602176634e-20		1.093103907e-23
218729795.2		2.094395102		0.3		1.602176634e-20		1.510454218e-25

240602774.7		2.094395102		0.3		1.602176634e-20		1.23661102e-23
240602774.7		2.094395102		0.3		1.602176634e-20		1.173056746e-23
240602774.7		2.094395102		0.3		1.602176634e-20		1.264018405e-24

262475754.2		2.094395102		0.3		1.602176634e-20		1.296213204e-23
262475754.2		2.094395102		0.3		1.602176634e-20		1.268843956e-23
262475754.2		2.094395102		0.3		1.602176634e-20		3.397338704e-24

284348733.7		2.094395102		0.3		1.602176634e-20		1.550029623e-23
284348733.7		2.094395102		0.3		1.602176634e-20		1.549783873e-23
284348733.7		2.094395102		0.3		1.602176634e-20		6.588312777e-24

306221713.2		2.094395102		0.3		1.602176634e-20		2.568908073e-21
306221713.2		2.094395102		0.3		1.602176634e-20		2.568101635e-21
306221713.2		2.094395102		0.3		1.602176634e-20		2.567775628e-21

328094692.7		2.094395102		0.3		1.602176634e-20		5.358099258e-21
328094692.7		2.094395102		0.3		1.602176634e-20		5.356553323e-21
328094692.7		2.094395102		0.3		1.602176634e-20		5.35582692e-21

349967672.3		2.094395102		0.3		1.602176634e-20		8.343149231e-21
349967672.3		2.094395102		0.3		1.602176634e-20		8.340217443e-21
349967672.3		2.094395102		0.3		1.602176634e-20		8.338687185e-21

371840651.8		2.094395102		0.3		1.602176634e-20		1.152347866e-20
371840651.8		2.094395102		0.3		1.602176634e-20		1.151845331e-20
371840651.8		2.094395102		0.3		1.602176634e-20		1.151633579e-20

393713631.3		2.094395102		0.3		1.602176634e-20		1.489573971e-20
393713631.3		2.094395102		0.3		1.602176634e-20		1.489071881e-20
393713631.3		2.094395102		0.3		1.602176634e-20		1.488834732e-20

415586610.8		2.094395102		0.3		1.602176634e-20		1.846591832e-20
415586610.8		2.094395102		0.3		1.602176634e-20		1.845883858e-20
415586610.8		2.094395102		0.3		1.602176634e-20		1.845546454e-20

437459590.3		2.094395102		0.3		1.602176634e-20		2.222912784e-20
437459590.3		2.094395102		0.3		1.602176634e-20		2.222098673e-20
437459590.3		2.094395102		0.3		1.602176634e-20		2.221693701e-20

459332569.8		2.094395102		0.3		1.602176634e-20		2.618469846e-20
459332569.8		2.094395102		0.3		1.602176634e-20		2.617704387e-20
459332569.8		2.094395102		0.3		1.602176634e-20		2.617320523e-20

481205549.3		2.094395102		0.3		1.602176634e-20		3.033762887e-20
481205549.3		2.094395102		0.3		1.602176634e-20		3.032803535e-20
481205549.3		2.094395102		0.3		1.602176634e-20		3.032423396e-20

503078528.9		2.094395102		0.3		1.602176634e-20		3.468642329e-20
503078528.9		2.094395102		0.3		1.602176634e-20		3.467543234e-20
503078528.9		2.094395102		0.3		1.602176634e-20		3.466995145e-20

524951508.4		2.094395102		0.3		1.602176634e-20		3.923117482e-20
524951508.4		2.094395102		0.3		1.602176634e-20		3.921822131e-20
524951508.4		2.094395102		0.3		1.602176634e-20		3.921069071e-20

546824487.9		2.094395102		0.3		1.602176634e-20		4.396930932e-20
546824487.9		2.094395102		0.3		1.602176634e-20		4.395320748e-20
546824487.9		2.094395102		0.3		1.602176634e-20		4.39458068e-20

-601506936.7		2.443460953		0.3		1.602176634e-20		5.666054444e-20
-601506936.7		2.443460953		0.3		1.602176634e-20		5.664353596e-20
-601506936.7		2.443460953		0.3		1.602176634e-20		5.663503929e-20

-577446659.2		2.443460953		0.3		1.602176634e-20		5.092722298e-20
-577446659.2		2.443460953		0.3		1.602176634e-20		5.091070924e-20
-577446659.2		2.443460953		0.3		1.602176634e-20		5.090159542e-20

-553386381.7		2.443460953		0.3		1.602176634e-20		4.54245589e-20
-553386381.7		2.443460953		0.3		1.602176634e-20		4.541042971e-20
-553386381.7		2.443460953		0.3		1.602176634e-20		4.540381674e-20

-529326104.3		2.443460953		0.3		1.602176634e-20		4.016137277e-20
-529326104.3		2.443460953		0.3		1.602176634e-20		4.01486857e-20
-529326104.3		2.443460953		0.3		1.602176634e-20		4.014196661e-20

-505265826.8		2.443460953		0.3		1.602176634e-20		3.513020914e-20
-505265826.8		2.443460953		0.3		1.602176634e-20		3.512051566e-20
-505265826.8		2.443460953		0.3		1.602176634e-20		3.51152959e-20

-481205549.3		2.443460953		0.3		1.602176634e-20		3.034000865e-20
-481205549.3		2.443460953		0.3		1.602176634e-20		3.032995107e-20
-481205549.3		2.443460953		0.3		1.602176634e-20		3.032434593e-20

-457145271.9		2.443460953		0.3		1.602176634e-20		2.578042215e-20
-457145271.9		2.443460953		0.3		1.602176634e-20		2.577228955e-20
-457145271.9		2.443460953		0.3		1.602176634e-20		2.576875988e-20

-433084994.4		2.443460953		0.3		1.602176634e-20		2.146324408e-20
-433084994.4		2.443460953		0.3		1.602176634e-20		2.145425159e-20
-433084994.4		2.443460953		0.3		1.602176634e-20		2.144918071e-20

-409024716.9		2.443460953		0.3		1.602176634e-20		1.737263005e-20
-409024716.9		2.443460953		0.3		1.602176634e-20		1.736752023e-20
-409024716.9		2.443460953		0.3		1.602176634e-20		1.736473139e-20

-384964439.5		2.443460953		0.3		1.602176634e-20		1.352473523e-20
-384964439.5		2.443460953		0.3		1.602176634e-20		1.35189244e-20
-384964439.5		2.443460953		0.3		1.602176634e-20		1.351619317e-20

-360904162		2.443460953		0.3		1.602176634e-20		9.908551013e-21
-360904162		2.443460953		0.3		1.602176634e-20		9.904817266e-21
-360904162		2.443460953		0.3		1.602176634e-20		9.903089587e-21

-336843884.5		2.443460953		0.3		1.602176634e-20		6.527990727e-21
-336843884.5		2.443460953		0.3		1.602176634e-20		6.52645903e-21
-336843884.5		2.443460953		0.3		1.602176634e-20		6.525544588e-21

-312783607.1		2.443460953		0.3		1.602176634e-20		3.385923964e-21
-312783607.1		2.443460953		0.3		1.602176634e-20		3.384423529e-21
-312783607.1		2.443460953		0.3		1.602176634e-20		3.383780883e-21

-288723329.6		2.443460953		0.3		1.602176634e-20		4.779370663e-22
-288723329.6		2.443460953		0.3		1.602176634e-20		4.777297159e-22
-288723329.6		2.443460953		0.3		1.602176634e-20		4.776638604e-22

-264663052.1		2.443460953		0.3		1.602176634e-20		1.287805094e-23
-264663052.1		2.443460953		0.3		1.602176634e-20		1.023190069e-23
-264663052.1		2.443460953		0.3		1.602176634e-20		1.254110063e-24

-240602774.7		2.443460953		0.3		1.602176634e-20		1.218782278e-23
-240602774.7		2.443460953		0.3		1.602176634e-20		1.178734121e-23
-240602774.7		2.443460953		0.3		1.602176634e-20		1.21665909e-24

-216542497.2		2.443460953		0.3		1.602176634e-20		1.178258078e-23
-216542497.2		2.443460953		0.3		1.602176634e-20		1.089847012e-23
-216542497.2		2.443460953		0.3		1.602176634e-20		2.730008921e-24

-192482219.7		2.443460953		0.3		1.602176634e-20		1.105703966e-23
-192482219.7		2.443460953		0.3		1.602176634e-20		1.014503734e-23
-192482219.7		2.443460953		0.3		1.602176634e-20		3.860459983e-24

-168421942.3		2.443460953		0.3		1.602176634e-20		1.104371242e-23
-168421942.3		2.443460953		0.3		1.602176634e-20		9.084060313e-24
-168421942.3		2.443460953		0.3		1.602176634e-20		4.792442335e-24

-144361664.8		2.443460953		0.3		1.602176634e-20		9.215247384e-24
-144361664.8		2.443460953		0.3		1.602176634e-20		8.854023074e-24
-144361664.8		2.443460953		0.3		1.602176634e-20		5.592633103e-24

-120301387.3		2.443460953		0.3		1.602176634e-20		8.98737251e-24
-120301387.3		2.443460953		0.3		1.602176634e-20		7.702931928e-24
-120301387.3		2.443460953		0.3		1.602176634e-20		6.284141939e-24

-96241109.87		2.443460953		0.3		1.602176634e-20		7.881524072e-24
-96241109.87		2.443460953		0.3		1.602176634e-20		7.251214553e-24
-96241109.87		2.443460953		0.3		1.602176634e-20		6.738936375e-24

-72180832.4		2.443460953		0.3		1.602176634e-20		7.962288836e-24
-72180832.4		2.443460953		0.3		1.602176634e-20		7.361110386e-24
-72180832.4		2.443460953		0.3		1.602176634e-20		5.83403849e-24

-48120554.93		2.443460953		0.3		1.602176634e-20		8.172428231e-24
-48120554.93		2.443460953		0.3		1.602176634e-20		6.198565087e-24
-48120554.93		2.443460953		0.3		1.602176634e-20		5.644839609e-24

-24060277.47		2.443460953		0.3		1.602176634e-20		8.427008211e-24
-24060277.47		2.443460953		0.3		1.602176634e-20		6.335739718e-24
-24060277.47		2.443460953		0.3		1.602176634e-20		4.804242101e-24

0		2.443460953		0.3		1.602176634e-20		8.52147968e-24
0		2.443460953		0.3		1.602176634e-20		6.497363452e-24
0		2.443460953		0.3		1.602176634e-20		4.472296689e-24

24060277.47		2.443460953		0.3		1.602176634e-20		8.427008211e-24
24060277.47		2.443460953		0.3		1.602176634e-20		6.335739718e-24
24060277.47		2.443460953		0.3		1.602176634e-20		4.804242101e-24

48120554.93		2.443460953		0.3		1.602176634e-20		8.172428231e-24
48120554.93		2.443460953		0.3		1.602176634e-20		6.198565087e-24
48120554.93		2.443460953		0.3		1.602176634e-20		5.644839609e-24

72180832.4		2.443460953		0.3		1.602176634e-20		7.962288836e-24
72180832.4		2.443460953		0.3		1.602176634e-20		7.361110386e-24
72180832.4		2.443460953		0.3		1.602176634e-20		5.83403849e-24

96241109.87		2.443460953		0.3		1.602176634e-20		7.881524072e-24
96241109.87		2.443460953		0.3		1.602176634e-20		7.251214553e-24
96241109.87		2.443460953		0.3		1.602176634e-20		6.738936375e-24

120301387.3		2.443460953		0.3		1.602176634e-20		8.98737251e-24
120301387.3		2.443460953		0.3		1.602176634e-20		7.702931928e-24
120301387.3		2.443460953		0.3		1.602176634e-20		6.284141939e-24

144361664.8		2.443460953		0.3		1.602176634e-20		9.215247391e-24
144361664.8		2.443460953		0.3		1.602176634e-20		8.854023075e-24
144361664.8		2.443460953		0.3		1.602176634e-20		5.592633103e-24

168421942.3		2.443460953		0.3		1.602176634e-20		1.104371212e-23
168421942.3		2.443460953		0.3		1.602176634e-20		9.084060313e-24
168421942.3		2.443460953		0.3		1.602176634e-20		4.792442335e-24

192482219.7		2.443460953		0.3		1.602176634e-20		1.105703941e-23
192482219.7		2.443460953		0.3		1.602176634e-20		1.014503747e-23
192482219.7		2.443460953		0.3		1.602176634e-20		3.860459983e-24

216542497.2		2.443460953		0.3		1.602176634e-20		1.17825961e-23
216542497.2		2.443460953		0.3		1.602176634e-20		1.089847031e-23
216542497.2		2.443460953		0.3		1.602176634e-20		2.730008921e-24

240602774.7		2.443460953		0.3		1.602176634e-20		1.218782278e-23
240602774.7		2.443460953		0.3		1.602176634e-20		1.178734121e-23
240602774.7		2.443460953		0.3		1.602176634e-20		1.21665909e-24

264663052.1		2.443460953		0.3		1.602176634e-20		1.287805092e-23
264663052.1		2.443460953		0.3		1.602176634e-20		1.023190069e-23
264663052.1		2.443460953		0.3		1.602176634e-20		1.254110063e-24

288723329.6		2.443460953		0.3		1.602176634e-20		4.779932828e-22
288723329.6		2.443460953		0.3		1.602176634e-20		4.777790271e-22
288723329.6		2.443460953		0.3		1.602176634e-20		4.776830479e-22

312783607.1		2.443460953		0.3		1.602176634e-20		3.385558351e-21
312783607.1		2.443460953		0.3		1.602176634e-20		3.384411932e-21
312783607.1		2.443460953		0.3		1.602176634e-20		3.383776994e-21

336843884.5		2.443460953		0.3		1.602176634e-20		6.529154158e-21
336843884.5		2.443460953		0.3		1.602176634e-20		6.526650824e-21
336843884.5		2.443460953		0.3		1.602176634e-20		6.525761316e-21

360904162		2.443460953		0.3		1.602176634e-20		9.907358967e-21
360904162		2.443460953		0.3		1.602176634e-20		9.904562474e-21
360904162		2.443460953		0.3		1.602176634e-20		9.903102501e-21

384964439.5		2.443460953		0.3		1.602176634e-20		1.352372209e-20
384964439.5		2.443460953		0.3		1.602176634e-20		1.351900928e-20
384964439.5		2.443460953		0.3		1.602176634e-20		1.35161843e-20

409024716.9		2.443460953		0.3		1.602176634e-20		1.737454376e-20
409024716.9		2.443460953		0.3		1.602176634e-20		1.736841227e-20
409024716.9		2.443460953		0.3		1.602176634e-20		1.736497344e-20

433084994.4		2.443460953		0.3		1.602176634e-20		2.14611418e-20
433084994.4		2.443460953		0.3		1.602176634e-20		2.14531141e-20
433084994.4		2.443460953		0.3		1.602176634e-20		2.144908031e-20

457145271.9		2.443460953		0.3		1.602176634e-20		2.578303065e-20
457145271.9		2.443460953		0.3		1.602176634e-20		2.577384443e-20
457145271.9		2.443460953		0.3		1.602176634e-20		2.576903735e-20

481205549.3		2.443460953		0.3		1.602176634e-20		3.033827577e-20
481205549.3		2.443460953		0.3		1.602176634e-20		3.032825503e-20
481205549.3		2.443460953		0.3		1.602176634e-20		3.032448563e-20

505265826.8		2.443460953		0.3		1.602176634e-20		3.513748063e-20
505265826.8		2.443460953		0.3		1.602176634e-20		3.512195801e-20
505265826.8		2.443460953		0.3		1.602176634e-20		3.511546764e-20

529326104.3		2.443460953		0.3		1.602176634e-20		4.016407829e-20
529326104.3		2.443460953		0.3		1.602176634e-20		4.014914068e-20
529326104.3		2.443460953		0.3		1.602176634e-20		4.014224074e-20

553386381.7		2.443460953		0.3		1.602176634e-20		4.542750522e-20
553386381.7		2.443460953		0.3		1.602176634e-20		4.541230558e-20
553386381.7		2.443460953		0.3		1.602176634e-20		4.540407832e-20

577446659.2		2.443460953		0.3		1.602176634e-20		5.092726504e-20
577446659.2		2.443460953		0.3		1.602176634e-20		5.091024913e-20
577446659.2		2.443460953		0.3		1.602176634e-20		5.090182903e-20

601506936.7		2.443460953		0.3		1.602176634e-20		5.666267567e-20
601506936.7		2.443460953		0.3		1.602176634e-20		5.664384833e-20
601506936.7		2.443460953		0.3		1.602176634e-20		5.663488233e-20

-661657630.3		2.792526803		0.3		1.602176634e-20		7.203733396e-20
-661657630.3		2.792526803		0.3		1.602176634e-20		7.201321797e-20
-661657630.3		2.792526803		0.3		1.602176634e-20		7.199932585e-20

-635191325.1		2.792526803		0.3		1.602176634e-20		6.509510257e-20
-635191325.1		2.792526803		0.3		1.602176634e-20		6.507057593e-20
-635191325.1		2.792526803		0.3		1.602176634e-20		6.505847476e-20

-608725019.9		2.792526803		0.3		1.602176634e-20		5.842594615e-20
-608725019.9		2.792526803		0.3		1.602176634e-20		5.840881399e-20
-608725019.9		2.792526803		0.3		1.602176634e-20		5.840107912e-20

-582258714.7		2.792526803		0.3		1.602176634e-20		5.205820185e-20
-582258714.7		2.792526803		0.3		1.602176634e-20		5.20389422e-20
-582258714.7		2.792526803		0.3		1.602176634e-20		5.202966176e-20

-555792409.5		2.792526803		0.3		1.602176634e-20		4.596217755e-20
-555792409.5		2.792526803		0.3		1.602176634e-20		4.594923392e-20
-555792409.5		2.792526803		0.3		1.602176634e-20		4.594301076e-20

-529326104.3		2.792526803		0.3		1.602176634e-20		4.01595028e-20
-529326104.3		2.792526803		0.3		1.602176634e-20		4.014748002e-20
-529326104.3		2.792526803		0.3		1.602176634e-20		4.014202455e-20

-502859799.1		2.792526803		0.3		1.602176634e-20		3.464139865e-20
-502859799.1		2.792526803		0.3		1.602176634e-20		3.463048119e-20
-502859799.1		2.792526803		0.3		1.602176634e-20		3.462550808e-20

-476393493.9		2.792526803		0.3		1.602176634e-20		2.940742317e-20
-476393493.9		2.792526803		0.3		1.602176634e-20		2.939833365e-20
-476393493.9		2.792526803		0.3		1.602176634e-20		2.939427838e-20

-449927188.6		2.792526803		0.3		1.602176634e-20		2.445975882e-20
-449927188.6		2.792526803		0.3		1.602176634e-20		2.445176848e-20
-449927188.6		2.792526803		0.3		1.602176634e-20		2.44481909e-20

-423460883.4		2.792526803		0.3		1.602176634e-20		1.979736559e-20
-423460883.4		2.792526803		0.3		1.602176634e-20		1.978984394e-20
-423460883.4		2.792526803		0.3		1.602176634e-20		1.978705335e-20

-396994578.2		2.792526803		0.3		1.602176634e-20		1.542091936e-20
-396994578.2		2.792526803		0.3		1.602176634e-20		1.541385154e-20
-396994578.2		2.792526803		0.3		1.602176634e-20		1.541107154e-20

-370528273		2.792526803		0.3		1.602176634e-20		1.132685673e-20
-370528273		2.792526803		0.3		1.602176634e-20		1.132242234e-20
-370528273		2.792526803		0.3		1.602176634e-20		1.132008964e-20

-344061967.8		2.792526803		0.3		1.602176634e-20		7.516820399e-21
-344061967.8		2.792526803		0.3		1.602176634e-20		7.515098622e-21
-344061967.8		2.792526803		0.3		1.602176634e-20		7.514119771e-21

-317595662.6		2.792526803		0.3		1.602176634e-20		3.995467921e-21
-317595662.6		2.792526803		0.3		1.602176634e-20		3.993906505e-21
-317595662.6		2.792526803		0.3		1.602176634e-20		3.993306066e-21

-291129357.4		2.792526803		0.3		1.602176634e-20		7.579206707e-22
-291129357.4		2.792526803		0.3		1.602176634e-20		7.577644901e-22
-291129357.4		2.792526803		0.3		1.602176634e-20		7.576004167e-22

-264663052.1		2.792526803		0.3		1.602176634e-20		1.29266032e-23
-264663052.1		2.792526803		0.3		1.602176634e-20		7.628598061e-24
-264663052.1		2.792526803		0.3		1.602176634e-20		1.328704467e-24

-238196746.9		2.792526803		0.3		1.602176634e-20		1.167614108e-23
-238196746.9		2.792526803		0.3		1.602176634e-20		9.842109746e-24
-238196746.9		2.792526803		0.3		1.602176634e-20		4.023410238e-24

-211730441.7		2.792526803		0.3		1.602176634e-20		1.129110978e-23
-211730441.7		2.792526803		0.3		1.602176634e-20		1.075251088e-23
-211730441.7		2.792526803		0.3		1.602176634e-20		5.616751108e-24

-185264136.5		2.792526803		0.3		1.602176634e-20		1.080592986e-23
-185264136.5		2.792526803		0.3		1.602176634e-20		9.987003248e-24
-185264136.5		2.792526803		0.3		1.602176634e-20		6.786859614e-24

-158797831.3		2.792526803		0.3		1.602176634e-20		9.839622871e-24
-158797831.3		2.792526803		0.3		1.602176634e-20		9.279515651e-24
-158797831.3		2.792526803		0.3		1.602176634e-20		7.72165793e-24

-132331526.1		2.792526803		0.3		1.602176634e-20		9.118730938e-24
-132331526.1		2.792526803		0.3		1.602176634e-20		8.657157294e-24
-132331526.1		2.792526803		0.3		1.602176634e-20		8.159298895e-24

-105865220.9		2.792526803		0.3		1.602176634e-20		9.635031471e-24
-105865220.9		2.792526803		0.3		1.602176634e-20		8.951453928e-24
-105865220.9		2.792526803		0.3		1.602176634e-20		6.827560077e-24

-79398915.64		2.792526803		0.3		1.602176634e-20		1.016877606e-23
-79398915.64		2.792526803		0.3		1.602176634e-20		7.60163234e-24
-79398915.64		2.792526803		0.3		1.602176634e-20		6.20466964e-24

-52932610.43		2.792526803		0.3		1.602176634e-20		1.067021314e-23
-52932610.43		2.792526803		0.3		1.602176634e-20		7.380248681e-24
-52932610.43		2.792526803		0.3		1.602176634e-20		5.182346383e-24

-26466305.21		2.792526803		0.3		1.602176634e-20		1.105274078e-23
-26466305.21		2.792526803		0.3		1.602176634e-20		5.819983442e-24
-26466305.21		2.792526803		0.3		1.602176634e-20		5.219146464e-24

0		2.792526803		0.3		1.602176634e-20		1.072564121e-23
0		2.792526803		0.3		1.602176634e-20		6.455086813e-24
0		2.792526803		0.3		1.602176634e-20		4.49887608e-24

26466305.21		2.792526803		0.3		1.602176634e-20		1.10527421e-23
26466305.21		2.792526803		0.3		1.602176634e-20		5.819983442e-24
26466305.21		2.792526803		0.3		1.602176634e-20		5.219146464e-24

52932610.43		2.792526803		0.3		1.602176634e-20		1.067021836e-23
52932610.43		2.792526803		0.3		1.602176634e-20		7.380248681e-24
52932610.43		2.792526803		0.3		1.602176634e-20		5.182346383e-24

79398915.64		2.792526803		0.3		1.602176634e-20		1.016877604e-23
79398915.64		2.792526803		0.3		1.602176634e-20		7.60163234e-24
79398915.64		2.792526803		0.3		1.602176634e-20		6.20466964e-24

105865220.9		2.792526803		0.3		1.602176634e-20		9.635031703e-24
105865220.9		2.792526803		0.3		1.602176634e-20		8.951453903e-24
105865220.9		2.792526803		0.3		1.602176634e-20		6.827560077e-24

132331526.1		2.792526803		0.3		1.602176634e-20		9.118731026e-24
132331526.1		2.792526803		0.3		1.602176634e-20		8.657157269e-24
132331526.1		2.792526803		0.3		1.602176634e-20		8.159298892e-24

158797831.3		2.792526803		0.3		1.602176634e-20		9.839623009e-24
158797831.3		2.792526803		0.3		1.602176634e-20		9.279515715e-24
158797831.3		2.792526803		0.3		1.602176634e-20		7.72165793e-24

185264136.5		2.792526803		0.3		1.602176634e-20		1.080592986e-23
185264136.5		2.792526803		0.3		1.602176634e-20		9.987003248e-24
185264136.5		2.792526803		0.3		1.602176634e-20		6.786859614e-24

211730441.7		2.792526803		0.3		1.602176634e-20		1.129110978e-23
211730441.7		2.792526803		0.3		1.602176634e-20		1.075251088e-23
211730441.7		2.792526803		0.3		1.602176634e-20		5.616751108e-24

238196746.9		2.792526803		0.3		1.602176634e-20		1.167614108e-23
238196746.9		2.792526803		0.3		1.602176634e-20		9.842109746e-24
238196746.9		2.792526803		0.3		1.602176634e-20		4.023410238e-24

264663052.1		2.792526803		0.3		1.602176634e-20		1.29266032e-23
264663052.1		2.792526803		0.3		1.602176634e-20		7.628598061e-24
264663052.1		2.792526803		0.3		1.602176634e-20		1.328704467e-24

291129357.4		2.792526803		0.3		1.602176634e-20		7.578741664e-22
291129357.4		2.792526803		0.3		1.602176634e-20		7.576999154e-22
291129357.4		2.792526803		0.3		1.602176634e-20		7.575921267e-22

317595662.6		2.792526803		0.3		1.602176634e-20		3.995860729e-21
317595662.6		2.792526803		0.3		1.602176634e-20		3.994032329e-21
317595662.6		2.792526803		0.3		1.602176634e-20		3.993281368e-21

344061967.8		2.792526803		0.3		1.602176634e-20		7.518131908e-21
344061967.8		2.792526803		0.3		1.602176634e-20		7.515556358e-21
344061967.8		2.792526803		0.3		1.602176634e-20		7.514133256e-21

370528273		2.792526803		0.3		1.602176634e-20		1.132662772e-20
370528273		2.792526803		0.3		1.602176634e-20		1.132217333e-20
370528273		2.792526803		0.3		1.602176634e-20		1.132013189e-20

396994578.2		2.792526803		0.3		1.602176634e-20		1.54201809e-20
396994578.2		2.792526803		0.3		1.602176634e-20		1.541425298e-20
396994578.2		2.792526803		0.3		1.602176634e-20		1.541097923e-20

423460883.4		2.792526803		0.3		1.602176634e-20		1.979781938e-20
423460883.4		2.792526803		0.3		1.602176634e-20		1.979066064e-20
423460883.4		2.792526803		0.3		1.602176634e-20		1.978708274e-20

449927188.6		2.792526803		0.3		1.602176634e-20		2.446243655e-20
449927188.6		2.792526803		0.3		1.602176634e-20		2.44524338e-20
449927188.6		2.792526803		0.3		1.602176634e-20		2.444826609e-20

476393493.9		2.792526803		0.3		1.602176634e-20		2.940780202e-20
476393493.9		2.792526803		0.3		1.602176634e-20		2.939823148e-20
476393493.9		2.792526803		0.3		1.602176634e-20		2.93943658e-20

502859799.1		2.792526803		0.3		1.602176634e-20		3.464537551e-20
502859799.1		2.792526803		0.3		1.602176634e-20		3.46320159e-20
502859799.1		2.792526803		0.3		1.602176634e-20		3.462562014e-20

529326104.3		2.792526803		0.3		1.602176634e-20		4.016166922e-20
529326104.3		2.792526803		0.3		1.602176634e-20		4.014816305e-20
529326104.3		2.792526803		0.3		1.602176634e-20		4.01420629e-20

555792409.5		2.792526803		0.3		1.602176634e-20		4.59678354e-20
555792409.5		2.792526803		0.3		1.602176634e-20		4.595094952e-20
555792409.5		2.792526803		0.3		1.602176634e-20		4.594345025e-20

582258714.7		2.792526803		0.3		1.602176634e-20		5.205544883e-20
582258714.7		2.792526803		0.3		1.602176634e-20		5.203878879e-20
582258714.7		2.792526803		0.3		1.602176634e-20		5.202950821e-20

608725019.9		2.792526803		0.3		1.602176634e-20		5.842938048e-20
608725019.9		2.792526803		0.3		1.602176634e-20		5.840959419e-20
608725019.9		2.792526803		0.3		1.602176634e-20		5.840123379e-20

635191325.1		2.792526803		0.3		1.602176634e-20		6.509224489e-20
635191325.1		2.792526803		0.3		1.602176634e-20		6.506736946e-20
635191325.1		2.792526803		0.3		1.602176634e-20		6.505745195e-20

661657630.3		2.792526803		0.3		1.602176634e-20		7.203635266e-20
661657630.3		2.792526803		0.3		1.602176634e-20		7.201065788e-20
661657630.3		2.792526803		0.3		1.602176634e-20		7.199933796e-20

-727823393.4		3.141592654		0.3		1.602176634e-20		9.064029344e-20
-727823393.4		3.141592654		0.3		1.602176634e-20		9.061208689e-20
-727823393.4		3.141592654		0.3		1.602176634e-20		9.059996555e-20

-698710457.6		3.141592654		0.3		1.602176634e-20		8.223399442e-20
-698710457.6		3.141592654		0.3		1.602176634e-20		8.220832563e-20
-698710457.6		3.141592654		0.3		1.602176634e-20		8.219628485e-20

-669597521.9		3.141592654		0.3		1.602176634e-20		7.417183459e-20
-669597521.9		3.141592654		0.3		1.602176634e-20		7.414841542e-20
-669597521.9		3.141592654		0.3		1.602176634e-20		7.413736469e-20

-640484586.2		3.141592654		0.3		1.602176634e-20		6.645299273e-20
-640484586.2		3.141592654		0.3		1.602176634e-20		6.643288762e-20
-640484586.2		3.141592654		0.3		1.602176634e-20		6.642327834e-20

-611371650.4		3.141592654		0.3		1.602176634e-20		5.908063285e-20
-611371650.4		3.141592654		0.3		1.602176634e-20		5.90622203e-20
-611371650.4		3.141592654		0.3		1.602176634e-20		5.905379351e-20

-582258714.7		3.141592654		0.3		1.602176634e-20		5.205517762e-20
-582258714.7		3.141592654		0.3		1.602176634e-20		5.203683014e-20
-582258714.7		3.141592654		0.3		1.602176634e-20		5.202971677e-20

-553145779		3.141592654		0.3		1.602176634e-20		4.537324561e-20
-553145779		3.141592654		0.3		1.602176634e-20		4.535854102e-20
-553145779		3.141592654		0.3		1.602176634e-20		4.535053254e-20

-524032843.2		3.141592654		0.3		1.602176634e-20		3.903760429e-20
-524032843.2		3.141592654		0.3		1.602176634e-20		3.902224489e-20
-524032843.2		3.141592654		0.3		1.602176634e-20		3.901603484e-20

-494919907.5		3.141592654		0.3		1.602176634e-20		3.304176664e-20
-494919907.5		3.141592654		0.3		1.602176634e-20		3.30312582e-20
-494919907.5		3.141592654		0.3		1.602176634e-20		3.302642264e-20

-465806971.8		3.141592654		0.3		1.602176634e-20		2.739604593e-20
-465806971.8		3.141592654		0.3		1.602176634e-20		2.738645394e-20
-465806971.8		3.141592654		0.3		1.602176634e-20		2.738162536e-20

-436694036		3.141592654		0.3		1.602176634e-20		2.209214155e-20
-436694036		3.141592654		0.3		1.602176634e-20		2.208515074e-20
-436694036		3.141592654		0.3		1.602176634e-20		2.208197546e-20

-407581100.3		3.141592654		0.3		1.602176634e-20		1.713623819e-20
-407581100.3		3.141592654		0.3		1.602176634e-20		1.713013301e-20
-407581100.3		3.141592654		0.3		1.602176634e-20		1.712715306e-20

-378468164.6		3.141592654		0.3		1.602176634e-20		1.252371744e-20
-378468164.6		3.141592654		0.3		1.602176634e-20		1.251933249e-20
-378468164.6		3.141592654		0.3		1.602176634e-20		1.251734654e-20

-349355228.8		3.141592654		0.3		1.602176634e-20		8.257260166e-21
-349355228.8		3.141592654		0.3		1.602176634e-20		8.253883061e-21
-349355228.8		3.141592654		0.3		1.602176634e-20		8.252555674e-21

-320242293.1		3.141592654		0.3		1.602176634e-20		4.335413401e-21
-320242293.1		3.141592654		0.3		1.602176634e-20		4.333388095e-21
-320242293.1		3.141592654		0.3		1.602176634e-20		4.332529785e-21

-291129357.4		3.141592654		0.3		1.602176634e-20		7.580825408e-22
-291129357.4		3.141592654		0.3		1.602176634e-20		7.577488689e-22
-291129357.4		3.141592654		0.3		1.602176634e-20		7.576223676e-22

-262016421.6		3.141592654		0.3		1.602176634e-20		1.280864507e-23
-262016421.6		3.141592654		0.3		1.602176634e-20		5.239733985e-24
-262016421.6		3.141592654		0.3		1.602176634e-20		4.37003027e-24

-232903485.9		3.141592654		0.3		1.602176634e-20		1.147253985e-23
-232903485.9		3.141592654		0.3		1.602176634e-20		7.471911346e-24
-232903485.9		3.141592654		0.3		1.602176634e-20		7.095435081e-24

-203790550.1		3.141592654		0.3		1.602176634e-20		1.050855083e-23
-203790550.1		3.141592654		0.3		1.602176634e-20		8.87637896e-24
-203790550.1		3.141592654		0.3		1.602176634e-20		8.672842828e-24

-174677614.4		3.141592654		0.3		1.602176634e-20		1.021018699e-23
-174677614.4		3.141592654		0.3		1.602176634e-20		9.890569855e-24
-174677614.4		3.141592654		0.3		1.602176634e-20		9.278410269e-24

-145564678.7		3.141592654		0.3		1.602176634e-20		1.108139724e-23
-145564678.7		3.141592654		0.3		1.602176634e-20		9.129058386e-24
-145564678.7		3.141592654		0.3		1.602176634e-20		8.801391595e-24

-116451742.9		3.141592654		0.3		1.602176634e-20		1.169849808e-23
-116451742.9		3.141592654		0.3		1.602176634e-20		9.278668427e-24
-116451742.9		3.141592654		0.3		1.602176634e-20		7.277813129e-24

-87338807.21		3.141592654		0.3		1.602176634e-20		1.192685888e-23
-87338807.21		3.141592654		0.3		1.602176634e-20		8.091060699e-24
-87338807.21		3.141592654		0.3		1.602176634e-20		6.369858122e-24

-58225871.47		3.141592654		0.3		1.602176634e-20		1.153989469e-23
-58225871.47		3.141592654		0.3		1.602176634e-20		7.150369268e-24
-58225871.47		3.141592654		0.3		1.602176634e-20		5.490933702e-24

-29112935.74		3.141592654		0.3		1.602176634e-20		1.224651564e-23
-29112935.74		3.141592654		0.3		1.602176634e-20		5.834771743e-24
-29112935.74		3.141592654		0.3		1.602176634e-20		5.283544395e-24

0		3.141592654		0.3		1.602176634e-20		1.074038903e-23
0		3.141592654		0.3		1.602176634e-20		6.441348853e-24
0		3.141592654		0.3		1.602176634e-20		4.507488713e-24

29112935.74		3.141592654		0.3		1.602176634e-20		1.224651564e-23
29112935.74		3.141592654		0.3		1.602176634e-20		5.834771743e-24
29112935.74		3.141592654		0.3		1.602176634e-20		5.283544395e-24

58225871.47		3.141592654		0.3		1.602176634e-20		1.153986219e-23
58225871.47		3.141592654		0.3		1.602176634e-20		7.150369268e-24
58225871.47		3.141592654		0.3		1.602176634e-20		5.490933702e-24

87338807.21		3.141592654		0.3		1.602176634e-20		1.192685888e-23
87338807.21		3.141592654		0.3		1.602176634e-20		8.091060699e-24
87338807.21		3.141592654		0.3		1.602176634e-20		6.369858122e-24

116451742.9		3.141592654		0.3		1.602176634e-20		1.169849808e-23
116451742.9		3.141592654		0.3		1.602176634e-20		9.278668427e-24
116451742.9		3.141592654		0.3		1.602176634e-20		7.277813129e-24

145564678.7		3.141592654		0.3		1.602176634e-20		1.108139724e-23
145564678.7		3.141592654		0.3		1.602176634e-20		9.129058386e-24
145564678.7		3.141592654		0.3		1.602176634e-20		8.801391595e-24

174677614.4		3.141592654		0.3		1.602176634e-20		1.021018699e-23
174677614.4		3.141592654		0.3		1.602176634e-20		9.890569855e-24
174677614.4		3.141592654		0.3		1.602176634e-20		9.278410269e-24

203790550.1		3.141592654		0.3		1.602176634e-20		1.050855083e-23
203790550.1		3.141592654		0.3		1.602176634e-20		8.87637896e-24
203790550.1		3.141592654		0.3		1.602176634e-20		8.672842828e-24

232903485.9		3.141592654		0.3		1.602176634e-20		1.147253985e-23
232903485.9		3.141592654		0.3		1.602176634e-20		7.471911346e-24
232903485.9		3.141592654		0.3		1.602176634e-20		7.095435081e-24

262016421.6		3.141592654		0.3		1.602176634e-20		1.280864508e-23
262016421.6		3.141592654		0.3		1.602176634e-20		5.239733985e-24
262016421.6		3.141592654		0.3		1.602176634e-20		4.37003027e-24

291129357.4		3.141592654		0.3		1.602176634e-20		7.579855446e-22
291129357.4		3.141592654		0.3		1.602176634e-20		7.577039529e-22
291129357.4		3.141592654		0.3		1.602176634e-20		7.575943841e-22

320242293.1		3.141592654		0.3		1.602176634e-20		4.334792129e-21
320242293.1		3.141592654		0.3		1.602176634e-20		4.33335614e-21
320242293.1		3.141592654		0.3		1.602176634e-20		4.332523916e-21

349355228.8		3.141592654		0.3		1.602176634e-20		8.256397199e-21
349355228.8		3.141592654		0.3		1.602176634e-20		8.253772644e-21
349355228.8		3.141592654		0.3		1.602176634e-20		8.252579676e-21

378468164.6		3.141592654		0.3		1.602176634e-20		1.252167668e-20
378468164.6		3.141592654		0.3		1.602176634e-20		1.251896469e-20
378468164.6		3.141592654		0.3		1.602176634e-20		1.251729173e-20

407581100.3		3.141592654		0.3		1.602176634e-20		1.713722241e-20
407581100.3		3.141592654		0.3		1.602176634e-20		1.71302667e-20
407581100.3		3.141592654		0.3		1.602176634e-20		1.712722372e-20

436694036		3.141592654		0.3		1.602176634e-20		2.209131806e-20
436694036		3.141592654		0.3		1.602176634e-20		2.208455276e-20
436694036		3.141592654		0.3		1.602176634e-20		2.208199607e-20

465806971.8		3.141592654		0.3		1.602176634e-20		2.739361571e-20
465806971.8		3.141592654		0.3		1.602176634e-20		2.738526659e-20
465806971.8		3.141592654		0.3		1.602176634e-20		2.738161284e-20

494919907.5		3.141592654		0.3		1.602176634e-20		3.304211865e-20
494919907.5		3.141592654		0.3		1.602176634e-20		3.303228003e-20
494919907.5		3.141592654		0.3		1.602176634e-20		3.302646088e-20

524032843.2		3.141592654		0.3		1.602176634e-20		3.903470978e-20
524032843.2		3.141592654		0.3		1.602176634e-20		3.902235615e-20
524032843.2		3.141592654		0.3		1.602176634e-20		3.901596097e-20

553145779		3.141592654		0.3		1.602176634e-20		4.537344281e-20
553145779		3.141592654		0.3		1.602176634e-20		4.535763109e-20
553145779		3.141592654		0.3		1.602176634e-20		4.535022487e-20

582258714.7		3.141592654		0.3		1.602176634e-20		5.205489258e-20
582258714.7		3.141592654		0.3		1.602176634e-20		5.203767709e-20
582258714.7		3.141592654		0.3		1.602176634e-20		5.202958673e-20

611371650.4		3.141592654		0.3		1.602176634e-20		5.909038048e-20
611371650.4		3.141592654		0.3		1.602176634e-20		5.906577053e-20
611371650.4		3.141592654		0.3		1.602176634e-20		5.905403225e-20

640484586.2		3.141592654		0.3		1.602176634e-20		6.645599004e-20
640484586.2		3.141592654		0.3		1.602176634e-20		6.643529675e-20
640484586.2		3.141592654		0.3		1.602176634e-20		6.642291768e-20

669597521.9		3.141592654		0.3		1.602176634e-20		7.416538651e-20
669597521.9		3.141592654		0.3		1.602176634e-20		7.414609012e-20
669597521.9		3.141592654		0.3		1.602176634e-20		7.413703092e-20

698710457.6		3.141592654		0.3		1.602176634e-20		8.223226947e-20
698710457.6		3.141592654		0.3		1.602176634e-20		8.22084771e-20
698710457.6		3.141592654		0.3		1.602176634e-20		8.219601937e-20

727823393.4		3.141592654		0.3		1.602176634e-20		9.06431633e-20
727823393.4		3.141592654		0.3		1.602176634e-20		9.06149822e-20
727823393.4		3.141592654		0.3		1.602176634e-20		9.059993836e-20

